/*--------------------------------*- C++ -*----------------------------------*\
| =========                 |                                                 |
| \\      /  F ield         | OpenFOAM: The Open Source CFD Toolbox           |
|  \\    /   O peration     | Version:  5.x                                   |
|   \\  /    A nd           | Web:      www.OpenFOAM.org                      |
|    \\/     M anipulation  |                                                 |
\*---------------------------------------------------------------------------*/
FoamFile
{
    version     2.0;
    format      ascii;
    class       volScalarField;
    location    "7.3";
    object      gradTx;
}
// * * * * * * * * * * * * * * * * * * * * * * * * * * * * * * * * * * * * * //

dimensions      [0 -1 0 1 0 0 0];

internalField   nonuniform List<scalar> 
6300
(
521.526
520.008
516.97
512.405
506.308
498.673
489.501
478.802
466.6
452.94
437.897
421.579
404.131
385.743
366.641
523.024
521.51
518.477
513.919
507.827
500.192
491.011
480.288
468.04
454.307
439.157
422.692
405.057
386.443
367.082
526.018
524.511
521.491
516.948
510.869
503.239
494.045
483.28
470.948
457.075
441.715
424.959
406.948
387.875
367.986
530.5
529.005
526.008
521.494
515.444
507.832
498.632
487.82
475.38
461.314
445.652
428.467
409.887
390.108
369.398
536.457
534.982
532.022
527.558
521.562
513.995
504.814
493.971
481.422
467.132
451.097
433.354
414.01
393.259
371.396
543.87
542.424
539.521
535.136
529.23
521.753
512.638
501.811
489.185
474.68
458.232
439.826
419.523
397.506
374.102
552.708
551.304
548.483
544.214
538.451
531.128
522.158
511.429
498.81
484.152
467.31
448.178
426.737
403.125
377.704
562.93
561.582
558.872
554.767
549.213
542.132
533.417
522.921
510.455
495.789
478.661
458.822
436.104
410.54
382.5
574.478
573.203
570.637
566.748
561.48
554.751
546.437
536.362
524.282
509.868
492.707
472.328
448.3
420.417
388.976
587.281
586.093
583.705
580.087
575.19
568.934
561.197
551.789
540.424
526.677
509.951
489.466
464.335
433.837
397.956
601.25
600.163
597.981
594.684
590.237
584.579
577.608
569.154
558.926
546.444
530.937
511.231
485.718
452.625
410.949
616.284
615.307
613.351
610.41
606.473
601.514
595.482
588.271
579.66
569.217
556.103
538.784
514.666
479.978
430.954
632.273
631.408
629.683
627.11
623.708
619.5
614.514
608.764
602.207
594.639
585.453
573.118
554.164
521.65
464.671
649.105
648.346
646.841
644.618
641.725
638.241
634.288
630.042
625.742
621.657
617.931
614.049
607.201
587.767
529.383
666.672
666.007
664.694
662.771
660.309
657.428
654.331
651.35
649.039
648.294
650.544
657.922
672.8
692.813
677.811
348.738
332.303
315.897
299.685
283.824
268.456
253.711
239.696
226.499
214.19
202.817
192.415
183
174.578
167.144
160.683
155.175
150.589
146.891
144.041
141.992
140.691
140.077
140.085
140.64
141.662
143.064
144.757
146.648
148.649
150.672
152.642
154.489
156.156
157.593
158.762
159.625
160.15
160.306
160.061
159.387
158.26
156.662
154.587
152.041
149.038
145.603
141.765
137.552
132.99
128.095
122.876
117.329
111.444
105.206
98.5932
91.5881
84.173
76.3329
68.0545
59.324
50.1242
40.432
30.2158
19.4346
8.03698
-4.037
-16.8544
-30.4864
-45.0052
-60.4811
-76.9802
-94.5625
-113.281
-133.182
-154.302
-176.671
-200.308
-225.219
-251.396
-278.809
-307.405
-337.101
-367.78
-399.29
-431.442
-464.012
-496.746
-529.367
-561.588
348.924
332.25
315.607
299.17
283.101
267.551
252.65
238.509
225.214
212.833
201.414
190.985
181.563
173.149
165.736
159.308
153.84
149.305
145.666
142.883
140.911
139.696
139.178
139.293
139.964
141.11
142.642
144.466
146.487
148.61
150.746
152.814
154.745
156.481
157.977
159.197
160.107
160.678
160.878
160.675
160.036
158.932
157.344
155.263
152.694
149.657
146.18
142.3
138.052
133.465
128.56
123.344
117.813
111.952
105.741
99.1564
92.1765
84.783
76.9624
68.7042
59.9986
50.8324
41.1858
31.0294
20.3221
9.01135
-2.96578
-15.6803
-29.2079
-43.625
-59.0054
-75.4175
-92.9229
-111.575
-131.421
-152.498
-174.839
-198.466
-223.389
-249.607
-277.097
-305.811
-335.674
-366.572
-398.353
-430.827
-463.762
-496.892
-529.928
-562.563
349.304
332.139
315.011
298.112
281.622
265.701
250.488
236.093
222.604
210.085
198.576
188.1
178.667
170.273
162.905
156.542
151.159
146.724
143.203
140.554
138.734
137.69
137.366
137.694
138.599
139.997
141.794
143.888
146.175
148.55
150.914
153.179
155.275
157.147
158.755
160.072
161.074
161.736
162.028
161.912
161.349
160.299
158.733
156.637
154.018
150.903
147.334
143.362
139.035
134.396
129.469
124.263
118.768
112.961
106.812
100.287
93.3582
86.0062
78.2203
69.9969
61.3353
52.2315
42.6734
32.6358
22.0785
10.9458
-0.831924
-13.3344
-26.6471
-40.8557
-56.0414
-72.2776
-89.628
-108.147
-127.881
-148.871
-171.15
-194.749
-219.689
-245.979
-273.611
-302.555
-332.745
-364.079
-396.408
-429.534
-463.214
-497.159
-531.047
-564.536
349.897
331.961
314.073
296.456
279.313
262.824
247.136
232.364
218.592
205.874
194.242
183.708
174.269
165.913
158.619
152.36
147.106
142.824
139.477
137.028
135.434
134.646
134.609
135.259
136.521
138.306
140.513
143.028
145.732
148.5
151.218
153.785
156.125
158.188
159.948
161.396
162.525
163.322
163.759
163.79
163.359
162.405
160.88
158.76
156.053
152.8
149.066
144.93
140.467
135.737
130.777
125.594
120.169
114.461
108.421
101.996
95.1476
87.8525
80.1064
71.9192
63.3074
54.2841
44.8507
34.9902
24.6635
13.8092
2.34628
-9.82081
-22.7948
-36.6775
-51.5626
-67.5305
-84.6471
-102.965
-122.53
-143.38
-165.556
-189.095
-214.036
-240.409
-268.23
-297.493
-328.159
-360.141
-393.3
-427.432
-462.272
-497.494
-532.724
-567.559
350.733
331.701
312.735
294.104
276.052
258.783
242.456
227.188
213.053
200.092
188.32
177.731
168.306
160.019
152.838
146.726
141.649
137.57
134.455
132.267
130.968
130.515
130.859
131.94
133.685
136.003
138.782
141.894
145.19
148.519
151.735
154.713
157.369
159.66
161.587
163.175
164.45
165.422
166.069
166.33
166.117
165.328
163.879
161.724
158.87
155.384
151.373
146.964
142.278
137.407
132.403
127.272
121.974
116.439
110.58
104.313
97.5781
90.3463
82.6258
74.4515
65.8706
56.9261
47.6424
38.0154
28.008
17.5493
6.53909
-5.14433
-17.6326
-31.0543
-45.5224
-61.1267
-77.9325
-95.9856
-115.322
-135.977
-157.991
-181.418
-206.315
-232.745
-260.763
-290.404
-321.667
-354.499
-388.777
-424.297
-460.766
-497.801
-534.952
-571.718
351.861
331.335
310.903
290.909
271.653
253.374
236.244
220.372
205.816
192.591
180.687
170.07
160.7
152.529
145.51
139.597
134.748
130.925
128.093
126.222
125.279
125.232
126.043
127.662
130.021
133.031
136.571
140.487
144.597
148.698
152.589
156.102
159.132
161.653
163.711
165.398
166.806
167.987
168.93
169.55
169.698
169.198
167.892
165.689
162.595
158.721
154.25
149.395
144.351
139.265
134.21
129.185
124.117
118.88
113.323
107.303
100.721
93.5418
85.7967
77.5676
68.9562
60.0556
50.9274
41.5879
32.0021
22.0837
11.7017
0.691902
-11.1253
-23.9226
-37.844
-52.9904
-69.4188
-87.1546
-106.212
-126.61
-148.389
-171.616
-196.379
-222.786
-250.95
-280.968
-312.905
-346.762
-382.454
-419.784
-458.427
-497.928
-537.716
-577.143
353.357
330.82
308.427
286.639
265.837
246.301
228.21
211.653
196.652
183.183
171.192
160.608
151.36
143.374
136.584
130.931
126.366
122.848
120.345
118.834
118.295
118.71
120.06
122.312
125.416
129.292
133.812
138.799
144.014
149.174
153.983
158.183
161.624
164.306
166.365
168.02
169.483
170.89
172.254
173.443
174.207
174.224
173.194
170.931
167.439
162.912
157.676
152.092
146.483
141.074
135.971
131.157
126.5
121.779
116.729
111.101
104.723
97.5494
89.6628
81.2325
72.4569
63.5117
54.5158
45.5145
36.4745
27.2855
17.7686
7.69133
-3.20569
-15.1709
-28.4
-43.006
-59.0196
-76.4182
-95.1659
-115.249
-136.698
-159.595
-184.069
-210.292
-238.458
-268.762
-301.368
-336.373
-373.761
-413.367
-454.839
-497.626
-540.984
-584.031
355.335
330.085
305.071
280.939
258.187
237.139
217.958
200.685
185.277
171.641
159.662
149.219
140.197
132.493
126.016
120.695
116.471
113.304
111.166
110.043
109.933
110.84
112.773
115.731
119.698
124.619
130.378
136.776
143.505
150.153
156.247
161.351
165.207
167.85
169.598
170.912
172.235
173.852
175.823
177.945
179.785
180.755
180.266
177.939
173.768
168.122
161.597
154.824
148.323
142.438
137.314
132.901
128.971
125.147
120.966
115.975
109.867
102.582
94.3097
85.3928
76.2004
67.0395
58.1108
49.4961
41.1608
32.9593
24.6425
15.8715
6.25277
-4.59836
-16.9716
-30.9926
-46.624
-63.736
-82.1935
-101.918
-122.919
-145.296
-169.235
-194.993
-222.88
-253.231
-286.367
-322.54
-361.863
-404.248
-449.344
-496.486
-544.683
-592.68
357.981
328.997
300.433
273.241
248.075
225.279
204.952
187.026
171.342
157.706
145.914
135.778
127.132
119.838
113.781
108.873
105.052
102.274
100.52
99.7899
100.102
101.49
104.004
107.695
112.603
118.735
126.022
134.272
143.107
151.926
159.934
166.311
170.531
172.68
173.449
173.788
174.557
176.302
179.167
182.85
186.614
189.379
189.979
187.6
182.215
174.592
165.874
157.159
149.271
142.702
137.629
133.947
131.285
129.027
126.365
122.457
116.705
109.033
99.8831
89.9479
79.8968
70.2318
61.2527
53.0746
45.6536
38.7989
32.17
25.2724
17.4863
8.16679
-3.16944
-16.659
-32.0941
-49.1137
-67.3931
-86.7466
-107.153
-128.743
-151.777
-176.623
-203.747
-233.681
-266.985
-304.159
-345.543
-391.214
-440.889
-493.81
-548.651
-603.55
361.598
327.294
293.81
262.615
234.539
209.858
188.481
170.13
154.456
141.109
129.776
120.185
112.118
105.397
99.8858
95.485
92.1253
89.7669
88.3977
88.033
88.7158
90.5177
93.5384
97.9012
103.742
111.182
120.276
130.923
142.73
154.861
165.964
174.373
178.832
179.492
177.913
176.043
175.466
177.136
181.33
187.633
194.875
201.117
203.978
201.584
193.88
182.634
170.141
158.298
148.317
140.809
135.939
133.519
133.015
133.487
133.556
131.589
126.305
117.609
106.585
94.6681
83.0352
72.4347
63.2399
55.5621
49.3301
44.313
40.084
35.9527
30.9278
23.8364
13.7342
0.47754
-15.2811
-32.6753
-51.0434
-70.0554
-89.6794
-110.108
-131.702
-154.969
-180.559
-209.273
-242.02
-279.707
-323.04
-372.402
-427.744
-488.354
-552.519
-617.371
366.713
324.395
283.881
247.488
216.107
189.668
167.644
149.372
134.21
121.609
111.122
102.396
95.1602
89.2084
84.389
80.5941
77.7538
75.8322
74.8258
74.7647
75.7156
77.7872
81.1368
85.9764
92.5749
101.244
112.291
125.898
141.879
159.274
175.869
188.119
192.596
189.524
182.793
176.428
173.137
174.33
180.449
191.059
204.568
217.72
225.539
223.21
210.641
192.465
173.471
156.751
143.796
135.115
130.718
130.328
133.337
138.525
143.674
145.494
140.818
129.532
114.572
98.9765
84.6854
72.6115
63.0413
55.9661
51.2563
48.6911
47.8565
47.9193
47.3448
43.8414
35.1802
21.2175
3.88805
-14.833
-33.7645
-52.4806
-71.0441
-89.7896
-109.215
-129.962
-152.869
-179.049
-209.936
-247.113
-291.847
-344.966
-407.001
-477.762
-555.383
-635.363
374.309
318.885
268.004
225.137
190.55
163.114
141.403
124.129
110.273
99.0614
89.928
82.4578
76.3498
71.3866
67.4138
64.3257
62.0569
60.5771
59.8902
60.0366
61.0991
63.214
66.5868
71.5163
78.423
87.8793
100.617
117.452
138.989
164.835
192.025
213.054
217.224
204.821
187.141
172.382
164.345
164.426
173.096
190.307
214.772
241.994
261.708
259.576
235.472
203.468
173.523
149.777
133.118
123.251
119.722
122.238
130.517
143.617
158.581
168.75
164.844
146.743
123.473
101.404
83.1407
69.1815
59.2489
52.963
50.0933
50.5763
54.3358
60.8029
67.9783
71.2732
64.26
46.8054
25.0615
3.31327
-16.794
-35.1235
-52.144
-68.4897
-84.8197
-101.842
-120.458
-142.043
-168.786
-203.63
-248.571
-304.678
-373.681
-457.279
-554.832
-659.692
386.396
306.82
240.577
190.858
154.685
128.312
108.763
93.9622
82.5211
73.5181
66.3356
60.555
55.8882
52.1362
49.1622
46.8755
45.2217
44.1781
43.7527
43.9872
44.9654
46.8272
49.7934
54.2067
60.5974
69.7869
83.0387
102.231
129.888
168.456
217.048
262.258
265.712
227.71
187.278
158.649
143.86
142.15
153.44
179.105
221.001
277.076
329.326
327.574
271.676
211.499
164.644
132.594
112.655
102.257
100.018
105.848
120.752
146.022
180.39
212.269
209.308
171.395
130.642
98.3473
75.3966
59.9516
50.2036
45.0394
44.1014
47.7423
56.915
72.6653
94.1983
113.547
108.374
78.5691
46.2409
19.0969
-2.38249
-19.6503
-34.2136
-47.2101
-59.4255
-71.4219
-83.77
-97.6044
-115.963
-145.602
-189.206
-245.813
-319.33
-416.689
-543.739
-694.544
407.47
275.548
189.346
137.063
104.704
83.6789
69.2825
58.9535
51.2561
45.3502
40.7223
37.0459
34.1073
31.7636
29.9192
28.5122
27.5063
26.8875
26.6633
26.8657
27.558
28.8484
30.9145
34.048
38.7395
45.8429
56.904
74.8173
105.073
157.638
246.936
371.583
373.888
254.09
170.415
124.983
104.538
101.148
113.078
144.526
206.805
317.656
474.701
473.533
314.034
200.34
134.442
97.9674
78.4509
69.5118
68.6917
76.3907
96.0555
135.322
205.778
305.953
304.097
200.132
125.628
81.8334
56.8425
42.5167
34.5567
31.029
31.5151
36.9413
50.0211
76.199
123.561
191.13
187.955
113.965
59.9539
26.7236
5.9647
-8.07056
-18.5381
-27.0538
-34.3442
-40.4935
-44.9386
-46.6475
-46.8933
-67.4606
-111.11
-162.591
-230.634
-333.332
-498.426
-748.816
447.954
178.426
89.2636
54.5739
38.396
29.4978
23.9423
20.1532
17.4095
15.3405
13.7372
12.4732
11.4685
10.6707
10.0453
9.57019
9.23261
9.02781
8.95884
9.03773
9.28829
9.75176
10.4976
11.6448
13.4071
16.1984
20.9007
29.6289
48.127
93.9216
225.913
657.07
657.883
228.445
98.4784
55.3294
40.6554
38.0835
44.6094
65.544
122.662
291.711
847.889
847.477
290.427
120.348
61.8686
38.9181
29.0135
25.0732
25.0963
29.7002
43.1298
79.7073
188.367
546.552
545.919
186.439
76.389
38.2403
22.9294
15.9139
12.5265
11.2381
11.8144
15.1183
24.2648
49.2257
123.823
370.578
369.508
120.586
43.7419
16.391
4.62988
-1.6279
-5.67247
-8.66083
-10.905
-12.0176
-10.0459
2.20434
51.4411
43.922
-21.7349
-55.5124
-92.0294
-160.111
-330.272
-842.365
-596.182
-632.593
-667.148
-699.487
-729.331
-756.486
-780.833
-802.321
-820.947
-836.747
-849.775
-860.096
-867.773
-872.858
-875.391
-597.591
-634.431
-669.344
-701.96
-731.999
-759.27
-783.669
-805.157
-823.749
-839.492
-852.456
-862.714
-870.337
-875.384
-877.896
-600.458
-638.175
-673.816
-706.989
-737.41
-764.904
-789.391
-810.866
-829.373
-844.992
-857.817
-867.941
-875.451
-880.417
-882.887
-604.887
-643.973
-680.737
-714.749
-745.725
-773.521
-798.103
-819.516
-837.861
-853.262
-865.851
-875.755
-883.082
-887.917
-890.32
-611.054
-652.074
-690.389
-725.521
-757.198
-785.329
-809.956
-831.21
-849.266
-864.316
-876.545
-886.12
-893.178
-897.824
-900.129
-619.231
-662.86
-703.202
-739.724
-772.193
-800.616
-825.159
-846.075
-863.65
-878.163
-889.867
-898.975
-905.658
-910.044
-912.216
-629.837
-676.912
-719.812
-757.957
-791.211
-819.759
-843.962
-864.254
-881.068
-894.792
-905.756
-914.226
-920.408
-924.45
-926.447
-643.522
-695.116
-741.155
-781.056
-814.912
-843.22
-866.65
-885.886
-901.548
-914.152
-924.11
-931.738
-937.27
-940.873
-942.648
-661.325
-718.855
-768.613
-810.178
-844.135
-871.534
-893.505
-911.067
-925.059
-936.13
-944.764
-951.315
-956.034
-959.094
-960.598
-684.981
-750.343
-804.241
-846.883
-879.892
-905.247
-924.74
-939.792
-951.464
-960.515
-967.47
-972.693
-976.429
-978.84
-980.023
-717.584
-793.273
-851.099
-893.194
-923.274
-944.794
-960.384
-971.868
-980.464
-986.965
-991.878
-995.526
-998.119
-999.786
-1000.6
-765.156
-854.04
-913.662
-951.493
-975.19
-990.245
-1000.1
-1006.8
-1011.53
-1014.97
-1017.52
-1019.38
-1020.7
-1021.55
-1021.97
-840.863
-944.043
-997.989
-1023.9
-1035.72
-1040.86
-1042.94
-1043.68
-1043.86
-1043.85
-1043.8
-1043.76
-1043.73
-1043.72
-1043.72
-978.13
-1083.25
-1110.32
-1110.35
-1102.9
-1094.51
-1087.1
-1081.07
-1076.35
-1072.74
-1070.04
-1068.07
-1066.71
-1065.85
-1065.44
-1277.96
-1300.48
-1249.65
-1204.25
-1170.99
-1147.14
-1129.84
-1117.12
-1107.69
-1100.68
-1095.51
-1091.76
-1089.15
-1087.51
-1086.71
683.364
682.769
681.596
679.884
677.707
675.193
672.573
670.249
668.938
669.943
675.717
691.241
728.201
821.18
1103.85
698.935
698.392
697.319
695.748
693.738
691.4
688.934
686.708
685.403
686.296
691.813
706.626
739.646
806.127
915.318
714.867
714.366
713.372
711.899
709.98
707.677
705.11
702.51
700.326
699.419
701.436
709.349
727.835
761.392
802.866
731.129
730.666
729.738
728.342
726.47
724.12
721.291
718.008
714.342
710.494
706.945
704.713
705.539
711.138
719.469
747.695
747.271
746.413
745.096
743.274
740.875
737.771
733.753
728.468
721.342
711.52
697.935
679.909
658.97
642.111
764.537
764.16
763.388
762.18
760.461
758.1
754.868
750.362
743.853
734.044
718.688
694.224
656.284
603.949
553.303
781.624
781.306
780.648
779.601
778.074
775.91
772.832
768.342
761.511
750.579
732.163
699.854
642.639
547.739
429.582
798.913
798.669
798.159
797.335
796.109
794.335
791.759
787.928
781.997
772.294
755.266
722.76
655.148
507.663
224.07
816.353
816.198
815.868
815.326
814.505
813.298
811.538
808.953
805.083
799.076
789.098
770.026
723.109
562.09
-178.118
833.884
833.828
833.705
833.491
833.148
832.626
831.872
830.852
829.629
828.597
829.226
836.607
870.29
1018.72
1750.53
851.433
851.486
851.586
851.725
851.893
852.094
852.371
852.872
854.02
856.947
864.643
884.901
937.768
1070.19
1343.07
868.928
869.091
869.419
869.915
870.593
871.489
872.695
874.423
877.151
881.964
891.318
910.528
949.979
1024.09
1125.41
886.289
886.562
887.114
887.958
889.119
890.648
892.638
895.26
898.81
903.806
911.126
922.076
938.099
959.078
978.413
903.442
903.82
904.585
905.757
907.366
909.464
912.124
915.432
919.441
924.013
928.391
930.078
922.754
895.183
845.147
920.311
920.788
921.753
923.229
925.251
927.868
931.139
935.097
939.657
944.334
947.503
944.314
921.448
846.865
677.439
936.83
937.397
938.545
940.298
942.697
945.796
949.656
954.324
959.765
965.679
971.01
972.19
956.036
864.39
392.384
952.934
953.582
954.893
956.896
959.635
963.172
967.59
972.994
979.519
987.408
997.376
1012.08
1043.03
1146.03
1623.71
968.566
969.286
970.739
972.959
975.993
979.913
984.82
990.864
998.299
1007.67
1020.43
1040.67
1079.95
1167.45
1343.24
983.679
984.457
986.031
988.432
991.711
995.945
1001.24
1007.75
1015.71
1025.56
1038.27
1056
1083.38
1127.54
1185.16
998.229
999.055
1000.72
1003.27
1006.74
1011.22
1016.79
1023.6
1031.77
1041.44
1052.59
1064.6
1075.13
1078.25
1067.44
1012.18
1013.05
1014.79
1017.44
1021.05
1025.7
1031.47
1038.48
1046.78
1056.28
1066.28
1074.21
1072
1038.61
942.541
1025.52
1026.4
1028.19
1030.91
1034.62
1039.38
1045.28
1052.43
1060.92
1070.73
1081.4
1090.83
1090.5
1042.46
751.268
1038.21
1039.11
1040.93
1043.68
1047.43
1052.23
1058.19
1065.43
1074.13
1084.57
1097.35
1114.21
1142.11
1215.14
1521.95
1050.26
1051.17
1052.98
1055.74
1059.48
1064.26
1070.19
1077.39
1086.1
1096.76
1110.45
1129.89
1162.34
1225.46
1342.2
1061.67
1062.56
1064.36
1067.09
1070.78
1075.48
1081.27
1088.28
1096.68
1106.83
1119.53
1136.51
1161.25
1198.52
1243.87
1072.42
1073.3
1075.07
1077.74
1081.34
1085.91
1091.5
1098.17
1106.01
1115.11
1125.62
1137.72
1151.44
1165.94
1177.38
1082.55
1083.41
1085.13
1087.72
1091.21
1095.61
1100.95
1107.24
1114.44
1122.38
1130.58
1137.77
1141.06
1135.47
1119.19
1092.06
1092.89
1094.55
1097.06
1100.41
1104.63
1109.72
1115.65
1122.32
1129.44
1136.21
1140.5
1136.82
1112.38
1050.05
1100.96
1101.76
1103.37
1105.78
1109
1113.03
1117.87
1123.51
1129.87
1136.72
1143.54
1148.74
1146.97
1115.59
937.972
1109.29
1110.06
1111.6
1113.9
1116.98
1120.83
1125.46
1130.86
1137.03
1144
1151.96
1161.8
1177.67
1220.32
1404
1117.06
1117.8
1119.27
1121.47
1124.41
1128.08
1132.48
1137.64
1143.62
1150.57
1159.06
1170.65
1189.73
1227.1
1296.85
1124.3
1125
1126.4
1128.5
1131.3
1134.78
1138.95
1143.84
1149.49
1156.06
1163.97
1174.26
1189.07
1211.35
1238.5
1131.02
1131.69
1133.03
1135.03
1137.68
1140.97
1144.91
1149.48
1154.7
1160.58
1167.21
1174.71
1183.19
1192.21
1199.37
1137.26
1137.9
1139.17
1141.07
1143.58
1146.7
1150.4
1154.66
1159.42
1164.56
1169.81
1174.45
1176.9
1174.33
1165.57
1143.03
1143.64
1144.85
1146.65
1149.04
1151.99
1155.47
1159.46
1163.85
1168.45
1172.8
1175.7
1174.07
1160.74
1126.05
1148.35
1148.93
1150.09
1151.81
1154.08
1156.88
1160.18
1163.95
1168.1
1172.49
1176.77
1180.06
1179.33
1161.95
1062.8
1153.25
1153.81
1154.91
1156.55
1158.72
1161.39
1164.54
1168.15
1172.16
1176.56
1181.42
1187.18
1196.15
1219.9
1322.2
1157.74
1158.27
1159.33
1160.91
1162.99
1165.55
1168.57
1172.03
1175.93
1180.3
1185.4
1192.05
1202.67
1223.29
1261.88
1161.83
1162.35
1163.37
1164.89
1166.89
1169.35
1172.26
1175.59
1179.33
1183.5
1188.28
1194.14
1202.21
1214.16
1228.74
1165.55
1166.04
1167.03
1168.5
1170.44
1172.82
1175.64
1178.84
1182.41
1186.27
1190.37
1194.66
1199.04
1203.19
1206.1
1168.89
1169.37
1170.33
1171.76
1173.65
1175.97
1178.71
1181.83
1185.25
1188.83
1192.32
1195.11
1195.99
1193.05
1185.84
1171.87
1172.34
1173.28
1174.68
1176.52
1178.8
1181.5
1184.57
1187.94
1191.44
1194.71
1196.84
1195.58
1185.86
1160.95
1174.51
1174.97
1175.88
1177.26
1179.07
1181.32
1184
1187.08
1190.51
1194.19
1197.88
1200.89
1201.02
1189.19
1119.13
1176.79
1177.24
1178.15
1179.49
1181.29
1183.52
1186.19
1189.31
1192.88
1196.92
1201.49
1206.92
1214.74
1232.93
1306.24
1178.74
1179.18
1180.07
1181.4
1183.16
1185.38
1188.05
1191.21
1194.91
1199.24
1204.47
1211.25
1221.24
1238.36
1267.44
1180.36
1180.79
1181.66
1182.96
1184.7
1186.89
1189.55
1192.71
1196.45
1200.91
1206.36
1213.33
1222.75
1235.47
1249.21
1181.64
1182.07
1182.92
1184.19
1185.9
1188.05
1190.66
1193.78
1197.48
1201.86
1207.15
1213.7
1221.93
1231.84
1240.91
1182.61
1183.03
1183.85
1185.1
1186.76
1188.86
1191.4
1194.43
1197.99
1202.15
1207.04
1212.86
1219.93
1228.77
1239.3
1183.27
1183.67
1184.47
1185.68
1187.29
1189.32
1191.78
1194.69
1198.06
1201.91
1206.27
1211.13
1216.68
1224.5
1245.38
1183.61
1184
1184.78
1185.95
1187.51
1189.46
1191.82
1194.59
1197.76
1201.3
1205.1
1208.89
1211.83
1211.13
1194.11
1183.67
1184.04
1184.79
1185.92
1187.42
1189.29
1191.55
1194.19
1197.18
1200.48
1203.93
1207.2
1209.48
1209.07
1203.66
1183.43
1183.79
1184.51
1185.59
1187.03
1188.83
1190.99
1193.51
1196.37
1199.51
1202.86
1206.17
1208.98
1210.45
1209.84
1182.92
1183.26
1183.95
1184.99
1186.37
1188.09
1190.15
1192.56
1195.32
1198.39
1201.78
1205.46
1209.38
1213.24
1216.01
1182.14
1182.47
1183.13
1184.12
1185.43
1187.07
1189.05
1191.36
1194.01
1197.02
1200.46
1204.57
1209.79
1216.76
1224.5
1181.1
1181.42
1182.04
1182.98
1184.24
1185.8
1187.68
1189.89
1192.42
1195.31
1198.67
1202.86
1208.96
1219.73
1238.76
1179.82
1180.12
1180.71
1181.61
1182.79
1184.28
1186.07
1188.16
1190.55
1193.24
1196.26
1199.8
1204.87
1216.94
1266.64
1178.3
1178.58
1179.14
1179.99
1181.11
1182.52
1184.21
1186.19
1188.45
1190.92
1193.47
1195.64
1195.9
1187.97
1140.14
1176.56
1176.82
1177.35
1178.15
1179.2
1180.53
1182.13
1184.01
1186.16
1188.53
1190.92
1192.78
1192.57
1186.69
1170.16
1174.6
1174.85
1175.34
1176.09
1177.07
1178.31
1179.82
1181.6
1183.69
1186.08
1188.7
1191.31
1193.16
1192.78
1189.13
1172.45
1172.68
1173.14
1173.82
1174.73
1175.88
1177.28
1178.96
1180.99
1183.43
1186.47
1190.34
1195.28
1201.1
1206.01
1170.1
1170.32
1170.74
1171.37
1172.2
1173.24
1174.52
1176.06
1177.95
1180.34
1183.63
1188.6
1196.74
1210.03
1226.72
1167.58
1167.78
1168.16
1168.73
1169.48
1170.42
1171.54
1172.89
1174.52
1176.61
1179.59
1184.61
1194.61
1216.56
1259.46
1164.9
1165.08
1165.43
1165.94
1166.61
1167.42
1168.38
1169.48
1170.74
1172.22
1174.11
1177.14
1184.15
1208.53
1322.43
1162.06
1162.22
1162.54
1163
1163.59
1164.3
1165.09
1165.94
1166.78
1167.5
1167.81
1166.87
1161.6
1138.31
1024.42
1159.08
1159.23
1159.52
1159.94
1160.47
1161.07
1161.72
1162.36
1162.87
1163.04
1162.35
1159.56
1151.54
1130.96
1088.31
1155.97
1156.11
1156.38
1156.77
1157.25
1157.79
1158.34
1158.84
1159.17
1159.13
1158.31
1155.86
1150.16
1138.9
1123.05
1152.73
1152.86
1153.13
1153.5
1153.96
1154.46
1154.96
1155.4
1155.7
1155.73
1155.36
1154.39
1152.6
1149.98
1147.28
1149.36
1149.5
1149.77
1150.14
1150.6
1151.09
1151.58
1152.02
1152.36
1152.58
1152.8
1153.44
1155.58
1161.1
1170.1
1145.86
1146.01
1146.29
1146.69
1147.17
1147.7
1148.21
1148.68
1149.07
1149.4
1149.92
1151.42
1156.18
1169.77
1199.66
1142.22
1142.39
1142.7
1143.15
1143.68
1144.26
1144.84
1145.37
1145.78
1146.06
1146.32
1147.1
1150.61
1167.08
1250.47
1138.44
1138.63
1138.99
1139.5
1140.12
1140.8
1141.48
1142.09
1142.54
1142.7
1142.33
1140.84
1136.02
1117.87
1032.71
1134.5
1134.72
1135.14
1135.74
1136.48
1137.3
1138.13
1138.89
1139.47
1139.66
1139.08
1136.84
1130.66
1115.17
1083.3
1130.37
1130.63
1131.13
1131.85
1132.74
1133.74
1134.79
1135.79
1136.63
1137.12
1136.95
1135.54
1131.72
1123.78
1112.28
1126.02
1126.33
1126.93
1127.8
1128.89
1130.13
1131.45
1132.77
1133.99
1134.99
1135.65
1135.88
1135.61
1134.84
1133.78
1121.43
1121.8
1122.52
1123.56
1124.88
1126.41
1128.07
1129.79
1131.47
1133.05
1134.61
1136.54
1139.81
1146.06
1155.08
1116.54
1116.98
1117.84
1119.1
1120.69
1122.56
1124.63
1126.8
1128.97
1131.08
1133.28
1136.21
1141.89
1155.32
1183.18
1111.32
1111.84
1112.86
1114.35
1116.27
1118.54
1121.08
1123.77
1126.46
1129.02
1131.4
1133.94
1138.56
1154.52
1231.15
1105.7
1106.31
1107.51
1109.27
1111.55
1114.29
1117.38
1120.69
1124.01
1127.04
1129.36
1130.19
1127.32
1111.55
1033.91
1099.63
1100.33
1101.72
1103.79
1106.49
1109.76
1113.51
1117.58
1121.72
1125.52
1128.33
1128.96
1125.01
1111.49
1082.28
1093.03
1093.84
1095.44
1097.83
1100.98
1104.85
1109.37
1114.38
1119.61
1124.64
1128.76
1130.86
1129.29
1122.26
1110.95
1085.85
1086.75
1088.56
1091.29
1094.93
1099.46
1104.85
1110.97
1117.61
1124.35
1130.55
1135.27
1137.33
1135.96
1132.35
1077.99
1079
1081.02
1084.08
1088.22
1093.44
1099.78
1107.18
1115.49
1124.4
1133.34
1141.47
1147.71
1151.16
1151.81
1069.41
1070.5
1072.71
1076.09
1080.7
1086.62
1093.94
1102.71
1112.92
1124.37
1136.64
1148.94
1159.99
1168.26
1172.29
1060.03
1061.2
1063.56
1067.2
1072.22
1078.78
1087.04
1097.21
1109.43
1123.73
1139.9
1157.21
1174.16
1188.24
1196.17
1049.81
1051.02
1053.49
1057.31
1062.64
1069.71
1078.79
1090.25
1104.46
1121.76
1142.31
1165.69
1190.29
1212.44
1226.12
1038.72
1039.94
1042.43
1046.33
1051.82
1059.2
1068.86
1081.34
1097.29
1117.49
1142.71
1173.28
1208.07
1242.49
1266.14
1026.74
1027.93
1030.36
1034.2
1039.65
1047.06
1056.94
1069.97
1087.12
1109.69
1139.35
1177.89
1226.06
1279.96
1323.17
1013.91
1015.01
1017.29
1020.9
1026.07
1033.18
1042.79
1055.71
1073.15
1096.92
1129.77
1175.77
1240.04
1324.8
1410.79
1000.27
1001.25
1003.27
1006.47
1011.1
1017.52
1026.3
1038.27
1054.74
1077.8
1111.02
1160.92
1239.74
1368.73
1558.69
985.927
986.724
988.377
991.014
994.844
1000.19
1007.56
1017.68
1031.72
1051.57
1080.66
1125.94
1204.54
1370.28
1839.06
-2112.37
-1566.81
-1372.37
-1279.15
-1224.77
-1189.33
-1164.77
-1147.12
-1134.17
-1124.59
-1117.52
-1112.38
-1108.81
-1106.55
-1105.45
-1786.74
-1565.06
-1413.61
-1320.25
-1260.47
-1220.12
-1191.71
-1171.11
-1155.89
-1144.56
-1136.16
-1130.03
-1125.74
-1123.03
-1121.71
-1615.42
-1514.49
-1414.49
-1338
-1282.64
-1242.59
-1213.2
-1191.32
-1174.88
-1162.48
-1153.19
-1146.36
-1141.57
-1138.51
-1137.03
-1514.57
-1463.25
-1398.99
-1341.05
-1294.17
-1257.63
-1229.45
-1207.75
-1191.03
-1178.21
-1168.48
-1161.26
-1156.15
-1152.89
-1151.29
-1449.72
-1420.97
-1379.09
-1336.4
-1298.48
-1266.83
-1241.17
-1220.68
-1204.47
-1191.78
-1182
-1174.67
-1169.44
-1166.07
-1164.43
-1405.2
-1387.77
-1359.71
-1328.4
-1298.41
-1271.84
-1249.28
-1230.61
-1215.43
-1203.3
-1193.8
-1186.59
-1181.4
-1178.05
-1176.4
-1373.16
-1361.94
-1342.56
-1319.44
-1295.94
-1274.05
-1254.67
-1238.08
-1224.25
-1212.96
-1203.98
-1197.08
-1192.07
-1188.81
-1187.2
-1349.29
-1341.73
-1327.98
-1310.73
-1292.34
-1274.47
-1258.08
-1243.63
-1231.27
-1220.99
-1212.69
-1206.23
-1201.5
-1198.4
-1196.86
-1331.05
-1325.78
-1315.8
-1302.77
-1288.35
-1273.84
-1260.12
-1247.69
-1236.83
-1227.63
-1220.08
-1214.15
-1209.76
-1206.87
-1205.44
-1316.84
-1313.09
-1305.7
-1295.75
-1284.4
-1272.64
-1261.23
-1250.65
-1241.21
-1233.09
-1226.34
-1220.97
-1216.97
-1214.31
-1212.99
-1305.6
-1302.9
-1297.35
-1289.68
-1280.7
-1271.18
-1261.72
-1252.78
-1244.66
-1237.57
-1231.6
-1226.8
-1223.2
-1220.81
-1219.61
-1296.62
-1294.66
-1290.45
-1284.49
-1277.36
-1269.64
-1261.83
-1254.31
-1247.38
-1241.24
-1236.02
-1231.79
-1228.58
-1226.44
-1225.37
-1289.37
-1287.95
-1284.74
-1280.08
-1274.4
-1268.14
-1261.7
-1255.4
-1249.53
-1244.25
-1239.72
-1236.02
-1233.2
-1231.31
-1230.35
-1283.48
-1282.47
-1280.01
-1276.35
-1271.82
-1266.74
-1261.44
-1256.19
-1251.22
-1246.73
-1242.83
-1239.61
-1237.15
-1235.49
-1234.66
-1278.66
-1277.96
-1276.08
-1273.21
-1269.58
-1265.47
-1261.11
-1256.74
-1252.57
-1248.76
-1245.42
-1242.65
-1240.53
-1239.08
-1238.35
-1274.7
-1274.24
-1272.82
-1270.57
-1267.67
-1264.33
-1260.76
-1257.14
-1253.65
-1250.43
-1247.59
-1245.23
-1243.4
-1242.15
-1241.52
-1271.44
-1271.17
-1270.1
-1268.34
-1266.03
-1263.33
-1260.41
-1257.42
-1254.51
-1251.81
-1249.41
-1247.4
-1245.83
-1244.77
-1244.22
-1268.74
-1268.62
-1267.83
-1266.47
-1264.64
-1262.46
-1260.08
-1257.62
-1255.2
-1252.94
-1250.93
-1249.23
-1247.9
-1246.99
-1246.53
-1266.5
-1266.5
-1265.94
-1264.9
-1263.45
-1261.71
-1259.78
-1257.76
-1255.77
-1253.89
-1252.2
-1250.77
-1249.65
-1248.88
-1248.49
-1264.64
-1264.73
-1264.36
-1263.58
-1262.45
-1261.07
-1259.51
-1257.86
-1256.22
-1254.67
-1253.26
-1252.07
-1251.13
-1250.48
-1250.15
-1263.09
-1263.26
-1263.04
-1262.47
-1261.61
-1260.51
-1259.27
-1257.93
-1256.59
-1255.31
-1254.15
-1253.16
-1252.38
-1251.84
-1251.56
-1261.8
-1262.03
-1261.94
-1261.54
-1260.89
-1260.04
-1259.06
-1257.98
-1256.9
-1255.85
-1254.9
-1254.08
-1253.43
-1252.98
-1252.75
-1260.72
-1261.01
-1261.01
-1260.76
-1260.29
-1259.64
-1258.87
-1258.02
-1257.15
-1256.3
-1255.53
-1254.86
-1254.32
-1253.95
-1253.76
-1259.82
-1260.15
-1260.24
-1260.1
-1259.78
-1259.3
-1258.71
-1258.05
-1257.35
-1256.68
-1256.05
-1255.51
-1255.07
-1254.76
-1254.61
-1259.07
-1259.43
-1259.59
-1259.55
-1259.35
-1259.01
-1258.58
-1258.06
-1257.52
-1256.99
-1256.49
-1256.05
-1255.7
-1255.45
-1255.33
-1258.44
-1258.83
-1259.04
-1259.09
-1258.99
-1258.77
-1258.46
-1258.08
-1257.66
-1257.25
-1256.86
-1256.51
-1256.23
-1256.03
-1255.93
-1257.91
-1258.33
-1258.59
-1258.7
-1258.69
-1258.57
-1258.36
-1258.09
-1257.78
-1257.47
-1257.17
-1256.9
-1256.68
-1256.52
-1256.44
-1257.47
-1257.91
-1258.21
-1258.38
-1258.43
-1258.39
-1258.28
-1258.1
-1257.88
-1257.65
-1257.43
-1257.22
-1257.05
-1256.93
-1256.86
-1257.1
-1257.55
-1257.89
-1258.11
-1258.22
-1258.25
-1258.21
-1258.1
-1257.96
-1257.8
-1257.64
-1257.49
-1257.36
-1257.27
-1257.22
-1256.79
-1257.26
-1257.62
-1257.88
-1258.04
-1258.13
-1258.15
-1258.11
-1258.03
-1257.93
-1257.82
-1257.72
-1257.63
-1257.56
-1257.52
-1256.53
-1257.01
-1257.4
-1257.69
-1257.9
-1258.03
-1258.1
-1258.11
-1258.09
-1258.04
-1257.98
-1257.91
-1257.84
-1257.8
-1257.77
-1256.31
-1256.8
-1257.21
-1257.53
-1257.77
-1257.95
-1258.06
-1258.12
-1258.14
-1258.13
-1258.1
-1258.06
-1258.03
-1257.99
-1257.98
-1256.13
-1256.63
-1257.05
-1257.4
-1257.67
-1257.88
-1258.03
-1258.13
-1258.18
-1258.2
-1258.21
-1258.19
-1258.17
-1258.16
-1258.14
-1255.97
-1256.48
-1256.92
-1257.29
-1257.59
-1257.83
-1258.01
-1258.14
-1258.22
-1258.27
-1258.3
-1258.3
-1258.3
-1258.29
-1258.28
-1255.84
-1256.36
-1256.81
-1257.2
-1257.53
-1257.79
-1258
-1258.15
-1258.25
-1258.32
-1258.37
-1258.39
-1258.39
-1258.39
-1258.39
-1255.72
-1256.25
-1256.72
-1257.13
-1257.48
-1257.77
-1258
-1258.17
-1258.29
-1258.37
-1258.43
-1258.45
-1258.47
-1258.47
-1258.47
-1255.61
-1256.15
-1256.64
-1257.08
-1257.45
-1257.76
-1258.01
-1258.19
-1258.32
-1258.42
-1258.47
-1258.5
-1258.52
-1258.52
-1258.52
-1255.51
-1256.06
-1256.58
-1257.04
-1257.44
-1257.77
-1258.04
-1258.23
-1258.36
-1258.45
-1258.51
-1258.54
-1258.55
-1258.55
-1258.55
-1255.39
-1255.97
-1256.52
-1257.02
-1257.45
-1257.81
-1258.08
-1258.27
-1258.4
-1258.49
-1258.54
-1258.56
-1258.56
-1258.56
-1258.55
-1255.25
-1255.86
-1256.47
-1257.02
-1257.5
-1257.87
-1258.15
-1258.34
-1258.46
-1258.52
-1258.56
-1258.56
-1258.55
-1258.54
-1258.53
-1255.07
-1255.74
-1256.43
-1257.06
-1257.58
-1257.98
-1258.25
-1258.42
-1258.52
-1258.56
-1258.56
-1258.54
-1258.52
-1258.49
-1258.48
-1254.79
-1255.57
-1256.4
-1257.14
-1257.72
-1258.14
-1258.4
-1258.54
-1258.59
-1258.59
-1258.55
-1258.5
-1258.45
-1258.41
-1258.39
-1254.36
-1255.34
-1256.4
-1257.31
-1257.96
-1258.38
-1258.6
-1258.68
-1258.67
-1258.61
-1258.53
-1258.44
-1258.35
-1258.29
-1258.26
-1253.62
-1255.02
-1256.5
-1257.62
-1258.34
-1258.73
-1258.87
-1258.86
-1258.77
-1258.63
-1258.48
-1258.33
-1258.21
-1258.12
-1258.08
-1252.27
-1254.64
-1256.8
-1258.2
-1258.93
-1259.21
-1259.22
-1259.08
-1258.86
-1258.63
-1258.39
-1258.19
-1258.02
-1257.9
-1257.84
-1249.67
-1254.36
-1257.62
-1259.21
-1259.8
-1259.86
-1259.65
-1259.32
-1258.95
-1258.59
-1258.26
-1257.98
-1257.76
-1257.61
-1257.53
-1244.18
-1255.06
-1259.56
-1260.89
-1261.01
-1260.66
-1260.14
-1259.57
-1259.01
-1258.51
-1258.07
-1257.71
-1257.43
-1257.24
-1257.15
-1231.52
-1260.16
-1263.68
-1263.4
-1262.51
-1261.55
-1260.63
-1259.77
-1259.01
-1258.35
-1257.8
-1257.35
-1257.01
-1256.78
-1256.67
-1337.27
-1282.67
-1270.42
-1266.29
-1264.04
-1262.4
-1261.04
-1259.89
-1258.91
-1258.09
-1257.42
-1256.88
-1256.48
-1256.22
-1256.08
-1271.17
-1275.75
-1271.49
-1267.85
-1265.13
-1263.01
-1261.28
-1259.85
-1258.67
-1257.7
-1256.91
-1256.29
-1255.84
-1255.53
-1255.38
-1274.51
-1274.95
-1272.11
-1268.75
-1265.78
-1263.31
-1261.29
-1259.62
-1258.25
-1257.14
-1256.26
-1255.56
-1255.05
-1254.72
-1254.55
-1277.95
-1276.4
-1273.04
-1269.36
-1266.05
-1263.29
-1261.02
-1259.15
-1257.64
-1256.41
-1255.43
-1254.68
-1254.12
-1253.75
-1253.57
-1282.85
-1279.09
-1274.18
-1269.67
-1265.92
-1262.89
-1260.43
-1258.42
-1256.79
-1255.48
-1254.43
-1253.62
-1253.03
-1252.63
-1252.44
-1290.77
-1282.55
-1275.01
-1269.42
-1265.27
-1262.06
-1259.49
-1257.4
-1255.7
-1254.32
-1253.23
-1252.38
-1251.76
-1251.35
-1251.15
-1304.79
-1285.52
-1274.45
-1268.14
-1263.93
-1260.75
-1258.19
-1256.08
-1254.35
-1252.95
-1251.83
-1250.96
-1250.32
-1249.9
-1249.69
-1332.61
-1282.78
-1270.56
-1265.38
-1261.86
-1258.98
-1256.54
-1254.48
-1252.76
-1251.35
-1250.22
-1249.34
-1248.69
-1248.27
-1248.06
-1206.12
-1253.89
-1261.74
-1261.44
-1259.31
-1256.88
-1254.61
-1252.61
-1250.91
-1249.52
-1248.4
-1247.53
-1246.88
-1246.46
-1246.25
-1236.2
-1252.7
-1258.55
-1258.75
-1256.93
-1254.64
-1252.44
-1250.49
-1248.84
-1247.48
-1246.38
-1245.52
-1244.89
-1244.47
-1244.27
-1255.25
-1258.88
-1259.26
-1257.42
-1254.85
-1252.32
-1250.07
-1248.14
-1246.53
-1245.21
-1244.16
-1243.33
-1242.72
-1242.31
-1242.11
-1272.2
-1267.29
-1261.47
-1256.56
-1252.73
-1249.77
-1247.43
-1245.54
-1243.99
-1242.74
-1241.74
-1240.95
-1240.37
-1239.98
-1239.79
-1292.99
-1276.31
-1263.03
-1254.91
-1249.98
-1246.76
-1244.45
-1242.66
-1241.23
-1240.07
-1239.14
-1238.4
-1237.85
-1237.49
-1237.3
-1325.81
-1282.92
-1260.98
-1251
-1246.02
-1243.08
-1241.06
-1239.5
-1238.24
-1237.21
-1236.36
-1235.68
-1235.18
-1234.84
-1234.66
-1388.86
-1274.97
-1250.6
-1243.6
-1240.6
-1238.74
-1237.32
-1236.11
-1235.07
-1234.18
-1233.43
-1232.82
-1232.35
-1232.03
-1231.87
-1090.92
-1204.81
-1228.12
-1233.39
-1234.35
-1234.07
-1233.39
-1232.58
-1231.77
-1231.03
-1230.37
-1229.82
-1229.39
-1229.09
-1228.94
-1154.88
-1197.53
-1218.12
-1226.15
-1228.94
-1229.64
-1229.5
-1229.01
-1228.4
-1227.77
-1227.2
-1226.7
-1226.3
-1226.02
-1225.88
-1189.7
-1205.54
-1216.8
-1222.5
-1224.95
-1225.77
-1225.82
-1225.49
-1225
-1224.46
-1223.94
-1223.47
-1223.09
-1222.82
-1222.68
-1214
-1216.7
-1219.31
-1221.09
-1222.05
-1222.41
-1222.36
-1222.05
-1221.6
-1221.1
-1220.6
-1220.14
-1219.77
-1219.5
-1219.36
-1236.9
-1227.89
-1222.35
-1220.2
-1219.54
-1219.29
-1219.04
-1218.68
-1218.21
-1217.7
-1217.19
-1216.72
-1216.34
-1216.06
-1215.92
-1266.53
-1236.63
-1223.02
-1218.24
-1216.7
-1216.14
-1215.77
-1215.34
-1214.83
-1214.27
-1213.72
-1213.21
-1212.79
-1212.49
-1212.34
-1317.43
-1234.02
-1217.53
-1213.98
-1213.15
-1212.84
-1212.5
-1212.02
-1211.44
-1210.81
-1210.18
-1209.6
-1209.13
-1208.79
-1208.62
-1099.77
-1184.91
-1203.03
-1207.79
-1209.21
-1209.51
-1209.28
-1208.74
-1208.05
-1207.3
-1206.56
-1205.89
-1205.34
-1204.95
-1204.74
-1150.47
-1182.31
-1197.76
-1203.87
-1206.03
-1206.51
-1206.22
-1205.54
-1204.68
-1203.75
-1202.85
-1202.05
-1201.4
-1200.93
-1200.7
-1179.58
-1191.05
-1198.93
-1202.67
-1203.97
-1204.01
-1203.4
-1202.43
-1201.31
-1200.15
-1199.04
-1198.07
-1197.28
-1196.73
-1196.45
-1201.23
-1202.25
-1202.94
-1203.11
-1202.74
-1201.93
-1200.78
-1199.4
-1197.93
-1196.46
-1195.1
-1193.92
-1192.97
-1192.31
-1191.98
-1222.71
-1213.64
-1207.29
-1203.88
-1201.79
-1200.05
-1198.28
-1196.41
-1194.51
-1192.67
-1191
-1189.56
-1188.42
-1187.64
-1187.23
-1251.02
-1223.09
-1209.55
-1203.7
-1200.56
-1198.14
-1195.8
-1193.39
-1191
-1188.74
-1186.69
-1184.95
-1183.59
-1182.65
-1182.18
-1299.24
-1222.53
-1206.43
-1201.6
-1198.8
-1196.15
-1193.31
-1190.33
-1187.38
-1184.61
-1182.13
-1180.05
-1178.43
-1177.32
-1176.76
-1102.31
-1179.85
-1195.44
-1198.04
-1196.9
-1194.25
-1190.87
-1187.22
-1183.6
-1180.23
-1177.26
-1174.78
-1172.87
-1171.57
-1170.91
-1151.07
-1180.14
-1193.42
-1197.04
-1196.02
-1192.8
-1188.59
-1184.05
-1179.61
-1175.54
-1171.99
-1169.07
-1166.84
-1165.34
-1164.58
-1180.2
-1191.34
-1198.07
-1199.22
-1196.63
-1192.01
-1186.48
-1180.77
-1175.33
-1170.44
-1166.26
-1162.85
-1160.28
-1158.55
-1157.68
-1202.18
-1205.57
-1206.54
-1203.94
-1198.62
-1191.79
-1184.45
-1177.26
-1170.63
-1164.82
-1159.93
-1156.01
-1153.08
-1151.13
-1150.15
-1222.37
-1221.43
-1217.44
-1210.5
-1201.61
-1191.9
-1182.27
-1173.31
-1165.34
-1158.52
-1152.89
-1148.45
-1145.16
-1142.99
-1141.91
-1243.81
-1239.35
-1230.35
-1218.38
-1205.12
-1191.91
-1179.59
-1168.63
-1159.21
-1151.35
-1144.99
-1140.05
-1136.43
-1134.06
-1132.88
-1268.91
-1260.38
-1245.28
-1227.1
-1208.56
-1191.25
-1175.93
-1162.84
-1151.95
-1143.09
-1136.07
-1130.69
-1126.79
-1124.25
-1123.01
-1300.52
-1285.92
-1262.29
-1236.05
-1211.09
-1189.16
-1170.67
-1155.49
-1143.25
-1133.53
-1125.96
-1120.25
-1116.16
-1113.52
-1112.23
-1342.85
-1317.68
-1281.07
-1244.05
-1211.49
-1184.62
-1163.08
-1146.07
-1132.75
-1122.42
-1114.53
-1108.65
-1104.49
-1101.82
-1100.52
-1403.24
-1357.34
-1300.09
-1248.89
-1207.91
-1176.34
-1152.31
-1134.03
-1120.13
-1109.58
-1101.66
-1095.83
-1091.74
-1089.13
-1087.86
-1496.08
-1404.82
-1314.86
-1246.61
-1197.73
-1162.79
-1137.5
-1118.92
-1105.15
-1094.89
-1087.29
-1081.76
-1077.91
-1075.48
-1074.3
-1652.87
-1451.36
-1314.49
-1230.83
-1177.83
-1142.51
-1117.98
-1100.44
-1087.68
-1078.31
-1071.45
-1066.5
-1063.07
-1060.91
-1059.87
-1950.15
-1452.97
-1277.13
-1193.7
-1145.61
-1114.69
-1093.56
-1078.61
-1067.82
-1059.95
-1054.23
-1050.13
-1047.31
-1045.54
-1044.69
969.501
970.055
971.208
973.057
975.759
979.553
984.795
991.998
1001.91
1015.62
1034.84
1061.96
1099.22
1140.45
1116.46
950.98
951.222
951.73
952.559
953.789
955.538
957.956
961.224
965.507
970.851
976.901
981.957
980.284
954.869
861.558
932.169
932.072
931.882
931.606
931.248
930.8
930.221
929.387
927.986
925.322
919.913
908.625
885.044
837.138
746.74
913.407
912.966
912.069
910.683
908.745
906.145
902.696
898.067
891.672
882.488
868.761
847.53
814.076
761.856
684.572
895.04
894.269
892.697
890.261
886.851
882.291
876.306
868.466
858.095
844.148
825.068
798.611
761.831
711.596
646.189
877.399
876.326
874.142
870.765
866.058
859.814
851.726
841.35
828.043
810.898
788.711
759.968
723.001
676.472
620.291
860.785
859.448
856.732
852.549
846.753
839.133
829.392
817.122
801.776
782.645
758.87
729.507
693.69
650.963
601.751
845.463
843.904
840.745
835.898
829.225
820.528
809.544
795.928
779.25
758.99
734.577
705.463
671.251
631.902
587.961
831.656
829.917
826.401
821.027
813.673
804.166
792.285
777.758
760.264
739.445
714.946
686.479
653.914
617.399
577.466
819.545
817.665
813.87
808.093
800.227
790.131
777.63
762.516
744.563
723.539
699.245
671.556
640.493
606.28
569.401
809.27
807.283
803.28
797.203
788.967
778.458
765.543
750.071
731.891
710.865
686.898
659.972
630.185
597.793
563.226
800.94
798.875
794.721
788.431
779.936
769.149
755.969
740.294
722.026
701.094
677.474
651.211
622.449
591.448
558.596
794.631
792.513
788.256
781.822
773.156
762.19
748.851
733.068
714.784
693.974
670.656
644.915
616.917
586.922
555.285
790.398
788.246
783.926
777.404
768.635
757.565
744.137
728.303
710.031
689.323
666.224
640.841
613.35
584.008
553.148
788.273
786.106
781.755
775.192
766.375
755.257
741.79
725.936
707.677
687.026
664.042
638.839
611.601
582.58
552.1
735.445
290.958
144.009
86.8837
60.2524
45.5885
36.4002
30.0893
25.4676
21.9236
19.1113
16.8198
14.9133
13.3002
11.9166
10.7163
9.66512
8.73737
7.91311
7.17669
6.51559
5.91968
5.38058
4.89133
4.44605
4.03973
3.66805
3.32723
3.01397
2.72535
2.45875
2.21185
1.98251
1.76882
1.569
1.38144
1.20462
1.03713
0.87767
0.724977
0.577868
0.435203
0.295881
0.158831
0.0230008
-0.112652
-0.249168
-0.387593
-0.528992
-0.674452
-0.825096
-0.982091
-1.14666
-1.32009
-1.50375
-1.69911
-1.90773
-2.13131
-2.37171
-2.63094
-2.91123
-3.21505
-3.54514
-3.9046
-4.29692
-4.72606
-5.19661
-5.71387
-6.28406
-6.91457
-7.61425
-8.39384
-9.2666
-10.2491
-11.3625
-12.6341
-14.1001
-15.8093
-17.8297
-20.2582
-23.239
-26.9956
-31.8948
-38.585
-48.3263
-63.8737
-92.1109
-152.683
-308.505
-779.836
661.381
444.406
302.674
216.736
163.521
128.878
105.055
87.8338
74.8496
64.7161
56.5827
49.904
44.3165
39.5696
35.4852
31.9334
28.8171
26.0626
23.6124
21.4212
19.4526
17.6769
16.0696
14.6104
13.2818
12.0691
10.9595
9.9418
9.00626
8.14416
7.34778
6.61012
5.9249
5.28637
4.68927
4.12876
3.60033
3.09979
2.62321
2.16685
1.72717
1.30077
0.884354
0.474727
0.068743
-0.336711
-0.744742
-1.15848
-1.5811
-2.01586
-2.4661
-2.93532
-3.42716
-3.94547
-4.49435
-5.07814
-5.70154
-6.36961
-7.08788
-7.86235
-8.69965
-9.60714
-10.593
-11.6663
-12.8375
-14.1183
-15.5223
-17.0651
-18.765
-20.6438
-22.7273
-25.0469
-27.6413
-30.5584
-33.8591
-37.6218
-41.9493
-46.9791
-52.9002
-59.9783
-68.5988
-79.3399
-93.1036
-111.36
-136.616
-173.344
-229.765
-320.884
-471.165
-701.227
619.586
489.477
380.98
299.453
240.037
196.581
164.197
139.473
120.122
104.625
91.9562
81.4141
72.5069
64.8829
58.2849
52.5214
47.4467
42.9482
38.9375
35.344
32.1107
29.1906
26.5447
24.1405
21.95
19.9494
18.1179
16.4376
14.8923
13.4679
12.1518
10.9325
9.79973
8.74398
7.75661
6.82965
5.95568
5.12779
4.33948
3.58459
2.85726
2.15187
1.463
0.785344
0.113711
-0.557047
-1.23207
-1.91652
-2.61566
-3.33486
-4.07966
-4.85582
-5.66937
-6.52666
-7.43443
-8.39988
-9.43073
-10.5353
-11.7227
-13.0029
-14.3866
-15.8859
-17.5142
-19.2865
-21.2195
-23.3325
-25.6473
-28.1891
-30.9875
-34.0771
-37.4991
-41.3031
-45.5497
-50.3137
-55.6888
-61.7944
-68.7847
-76.8631
-86.302
-97.4743
-110.901
-127.328
-147.839
-174.048
-208.378
-254.448
-317.442
-403.878
-518.911
-656.856
593.413
503.4
420.429
350.316
293.556
248.329
212.3
183.365
159.841
140.455
124.262
110.565
98.8454
88.715
79.8799
72.1147
65.2439
59.129
53.6597
48.7464
44.316
40.3077
36.6705
33.3615
30.3436
27.585
25.0579
22.7379
20.6033
18.6351
16.8158
15.1298
13.5631
12.1026
10.7365
9.45384
8.24435
7.09852
6.00737
4.96242
3.95558
2.97907
2.0254
1.08724
0.1574
-0.771228
-1.70575
-2.65333
-3.62121
-4.61683
-5.64785
-6.72223
-7.8483
-9.03481
-10.2911
-11.627
-13.0532
-14.5812
-16.2235
-17.9935
-19.9063
-21.9781
-24.2273
-26.6741
-29.3414
-32.2549
-35.4439
-38.9423
-42.7891
-47.03
-51.7188
-56.9198
-62.7108
-69.1864
-76.4638
-84.6897
-94.05
-104.784
-117.203
-131.718
-148.879
-169.426
-194.361
-225.033
-263.225
-311.17
-371.343
-445.672
-533.635
-629.061
575.494
507.156
441.338
381.932
330.451
286.816
250.179
219.454
193.591
171.679
152.968
136.863
122.89
110.677
99.9299
90.4162
81.9488
74.3771
67.5782
61.4509
55.911
50.888
46.3219
42.1613
38.3621
34.8857
31.6982
28.7698
26.0739
23.5867
21.2867
19.1546
17.1727
15.3247
13.5958
11.9721
10.4409
8.99009
7.6084
6.28511
5.00999
3.77323
2.56534
1.37707
0.199323
-0.976893
-2.16057
-3.36076
-4.58664
-5.8476
-7.15334
-8.51389
-9.93978
-11.4421
-13.0325
-14.7235
-16.5285
-18.4619
-20.5394
-22.7778
-25.1958
-27.8139
-30.6546
-33.743
-37.1072
-40.7787
-44.7933
-49.1918
-54.0211
-59.3354
-65.1981
-71.6842
-78.8828
-86.901
-95.8692
-105.947
-117.332
-130.273
-145.079
-162.146
-181.974
-205.198
-232.611
-265.177
-304.013
-350.268
-404.84
-467.815
-537.586
-610.027
562.438
507.253
452.991
402.116
356.03
315.212
279.53
248.532
221.642
198.281
177.915
160.083
144.393
130.521
118.199
107.206
97.3596
88.5083
80.5259
73.306
66.7588
60.8077
55.3866
50.4386
45.9138
41.7684
37.9637
34.4654
31.2425
28.2673
25.5148
22.9621
20.5884
18.3744
16.3026
14.3566
12.521
10.7817
9.12492
7.53806
6.00886
4.52558
3.07687
1.65164
0.239016
-1.17178
-2.59152
-4.03104
-5.50132
-7.01362
-8.57952
-10.211
-11.9207
-13.7218
-15.6283
-17.6551
-19.818
-22.1343
-24.6223
-27.3023
-30.1961
-33.3277
-36.7236
-40.413
-44.4284
-48.8064
-53.5876
-58.8186
-64.5518
-70.8479
-77.7765
-85.4189
-93.8703
-103.243
-113.672
-125.316
-138.37
-153.067
-169.692
-188.588
-210.171
-234.929
-263.428
-296.283
-334.104
-377.369
-426.219
-480.146
-537.662
-596.156
552.532
505.991
459.744
415.382
374.004
336.194
302.121
271.678
244.601
220.559
199.205
180.208
163.27
148.126
134.547
122.339
111.332
101.384
92.371
84.1884
76.7447
69.9607
63.7672
58.1037
52.9165
48.1581
43.7861
39.7624
36.0526
32.6258
29.4538
26.5107
23.7728
21.2185
18.8275
16.5812
14.462
12.4536
10.5403
8.70756
6.94127
5.2279
3.55439
1.90795
0.276044
-1.35376
-2.99388
-4.65682
-6.35524
-8.10211
-9.91077
-11.7951
-13.7695
-15.8492
-18.0502
-20.3897
-22.8858
-25.5581
-28.4277
-31.5175
-34.8523
-38.4592
-42.3679
-46.6113
-51.2255
-56.2507
-61.7317
-67.7189
-74.2688
-81.4458
-89.323
-97.9843
-107.526
-118.06
-129.717
-142.649
-157.033
-173.078
-191.024
-211.153
-233.782
-259.26
-287.955
-320.221
-356.334
-396.409
-440.265
-487.284
-536.301
-585.628
544.824
504.28
463.757
424.327
386.821
351.777
319.469
289.961
263.177
238.954
217.088
197.36
179.554
163.468
148.916
135.734
123.774
112.906
103.016
94.0023
85.7764
78.2594
71.3813
65.0797
59.2989
53.9889
49.1045
44.605
40.4533
36.6157
33.0614
29.7621
26.6917
23.8262
21.1431
18.6218
16.2428
13.9877
11.8392
9.78088
7.79704
5.87253
3.99269
2.1432
0.310006
-1.52084
-3.36327
-5.23128
-7.13908
-9.10121
-11.1326
-13.2488
-15.4659
-17.801
-20.2719
-22.8977
-25.6986
-28.6965
-31.9146
-35.3782
-39.1148
-43.154
-47.5283
-52.2733
-57.4281
-63.0357
-69.1437
-75.8052
-83.0791
-91.0313
-99.7359
-109.276
-119.747
-131.255
-143.921
-157.883
-173.298
-190.34
-209.205
-230.108
-253.278
-278.946
-307.329
-338.6
-372.841
-409.982
-449.732
-491.521
-534.468
-577.436
538.747
502.511
466.169
430.479
396.069
363.401
332.766
304.306
278.049
253.943
231.882
211.733
193.352
176.591
161.306
147.362
134.637
123.015
112.393
102.677
93.7826
85.6338
78.1611
71.3021
65.0002
59.2038
53.8661
48.9443
44.3995
40.1957
36.3001
32.6822
29.3141
26.1696
23.2247
20.4566
17.8441
15.3674
13.0075
10.7464
8.56693
6.4525
4.38703
2.35486
0.340538
-1.67121
-3.69566
-5.74818
-7.84436
-10.0001
-12.2318
-14.5565
-16.9917
-19.5562
-22.2695
-25.1522
-28.2266
-31.5161
-35.0463
-38.8442
-42.9395
-47.364
-52.1525
-57.3426
-62.9756
-69.0967
-75.7553
-83.0058
-90.9082
-99.5286
-108.94
-119.224
-130.469
-142.774
-156.251
-171.018
-187.209
-204.966
-224.44
-245.788
-269.163
-294.707
-322.531
-352.689
-385.155
-419.775
-456.241
-494.065
-532.578
-570.978
533.947
500.866
467.619
434.763
402.788
372.079
342.913
315.463
289.811
265.971
243.908
223.55
204.807
187.577
171.753
157.229
143.903
131.676
120.458
110.162
100.711
92.0298
84.053
76.7186
69.9699
63.7548
58.0256
52.7382
47.8521
43.3298
39.1368
35.241
31.6128
28.2244
25.0502
22.066
19.2491
16.5781
14.0328
11.5938
9.24267
6.96156
4.73317
2.54063
0.367319
-1.80324
-3.98748
-6.20196
-8.46346
-10.7891
-13.1966
-15.7041
-18.3307
-21.0962
-24.0218
-27.1296
-30.4432
-33.9878
-37.7905
-41.8801
-46.2879
-51.0476
-56.1955
-61.7711
-67.8171
-74.3801
-81.5106
-89.2635
-97.6988
-106.882
-116.883
-127.78
-139.656
-152.601
-166.713
-182.095
-198.856
-217.109
-236.965
-258.534
-281.911
-307.171
-334.352
-363.44
-394.346
-426.888
-460.773
-495.59
-530.822
-565.876
530.191
499.433
468.478
437.757
407.66
378.514
350.572
324.012
298.946
275.427
253.464
233.029
214.073
196.529
180.319
165.364
151.578
138.879
127.188
116.427
106.523
97.4071
89.0153
81.2874
74.1672
67.6028
61.5458
55.9514
50.7781
45.9874
41.5433
37.4126
33.5642
29.9693
26.6008
23.4333
20.4429
17.607
14.9042
12.3141
9.81705
7.39428
5.02741
2.69854
0.390066
-1.91549
-4.23557
-6.58773
-8.98976
-11.4598
-14.0166
-16.6795
-19.4685
-22.4048
-25.5105
-28.8092
-32.3256
-36.0862
-40.1195
-44.4556
-49.1273
-54.1694
-59.6197
-65.5189
-71.9107
-78.8425
-86.3653
-94.534
-103.408
-113.05
-123.53
-134.919
-147.295
-160.74
-175.338
-191.177
-208.346
-226.93
-247.012
-268.661
-291.932
-316.851
-343.41
-371.553
-401.161
-432.046
-463.938
-496.492
-529.293
-561.884
527.327
498.258
468.976
439.829
411.141
383.195
356.22
330.393
305.838
282.629
260.805
240.367
221.294
203.547
187.071
171.804
157.678
144.624
132.571
121.45
111.194
101.737
93.0169
84.9765
77.5602
70.7163
64.3964
58.5552
53.1506
48.1432
43.4962
39.1755
35.1489
31.3866
27.8605
24.5443
21.413
18.4431
15.6124
12.8995
10.284
7.74605
5.26661
2.82692
0.408549
-2.00677
-4.43729
-6.90138
-9.41765
-12.0051
-14.6832
-17.4723
-20.3933
-23.4682
-26.7202
-30.1737
-33.8545
-37.7902
-42.0102
-46.5458
-51.4306
-56.7007
-62.3946
-68.5539
-75.2231
-82.4499
-90.2854
-98.7842
-108.005
-118.008
-128.861
-140.631
-153.389
-167.21
-182.167
-198.336
-215.786
-234.585
-254.789
-276.44
-299.563
-324.152
-350.17
-377.536
-406.118
-435.729
-466.127
-497.011
-528.039
-558.84
525.254
497.364
469.252
441.215
413.533
386.456
360.197
334.926
310.772
287.823
266.133
245.725
226.596
208.723
192.071
176.59
162.227
148.919
136.606
125.223
114.708
104.998
96.0354
87.7623
80.1248
73.0714
66.554
60.5271
54.9482
49.7772
44.977
40.5125
36.3511
32.462
28.8165
25.3875
22.1494
19.0779
16.1502
13.344
10.6385
8.01317
5.44825
2.9244
0.422576
-2.0761
-4.59049
-7.13957
-9.74257
-12.4191
-15.1894
-18.0743
-21.0954
-24.2755
-27.6384
-31.2093
-35.0147
-39.083
-43.4443
-48.1307
-53.1765
-58.6186
-64.4962
-70.8512
-77.7287
-85.1764
-93.2456
-101.99
-111.468
-121.738
-132.864
-144.911
-157.945
-172.034
-187.243
-203.637
-221.274
-240.204
-260.468
-282.088
-305.066
-329.38
-354.971
-381.746
-409.57
-438.259
-467.59
-497.298
-527.085
-556.636
523.905
496.763
469.394
442.066
415.03
388.519
362.73
337.832
313.953
291.189
269.603
249.228
230.074
212.131
195.372
179.76
165.245
151.775
139.293
127.739
117.054
107.179
98.0555
89.6282
81.8436
74.6508
68.0017
61.8507
56.1552
50.8748
45.9718
41.411
37.159
33.1849
29.4592
25.9544
22.6445
19.5048
16.5118
13.643
10.8769
8.19282
5.57041
2.98996
0.432006
-2.12273
-4.69353
-7.29978
-9.96111
-12.6976
-15.5298
-18.4791
-21.5676
-24.8184
-28.2558
-31.9055
-35.7946
-39.9518
-44.4079
-49.1954
-54.3492
-59.9064
-65.9068
-72.3926
-79.4089
-87.0039
-95.2283
-104.136
-113.783
-124.229
-135.534
-147.762
-160.974
-175.235
-190.604
-207.138
-224.887
-243.892
-264.18
-285.764
-308.633
-332.75
-358.049
-384.429
-411.753
-439.843
-468.489
-497.445
-526.443
-555.202
523.24
496.461
469.454
442.471
415.752
389.518
363.963
339.251
315.512
292.843
271.312
250.958
231.796
213.822
197.013
181.337
166.75
153.201
140.636
128.998
118.229
108.271
99.0678
90.5636
82.7057
75.4432
68.7282
62.5152
56.7612
51.426
46.4715
41.8623
37.565
33.5481
29.7822
26.2393
22.8934
19.7193
16.6935
13.7932
10.9968
8.28312
5.63181
3.02291
0.436744
-2.14618
-4.74533
-7.3803
-10.071
-12.8376
-15.7009
-18.6826
-21.8048
-25.0912
-28.566
-32.2553
-36.1864
-40.3884
-44.892
-49.7303
-54.9382
-60.5531
-66.6149
-73.1662
-80.252
-87.9205
-96.2223
-105.211
-114.943
-125.475
-136.869
-149.186
-162.486
-176.831
-192.277
-208.878
-226.679
-245.717
-266.015
-287.576
-310.386
-334.401
-359.552
-385.735
-412.81
-440.606
-468.916
-497.506
-526.121
-554.495
-1183.83
-1209.2
-1165.41
-1125.83
-1097
-1076.55
-1061.94
-1051.38
-1043.69
-1038.08
-1034.01
-1031.11
-1029.13
-1027.89
-1027.3
-913.46
-1012.36
-1039.25
-1040.96
-1035.54
-1029.06
-1023.34
-1018.75
-1015.24
-1012.63
-1010.73
-1009.4
-1008.5
-1007.95
-1007.69
-791.657
-887.472
-938.22
-963.171
-975.092
-980.773
-983.545
-984.988
-985.833
-986.407
-986.846
-987.198
-987.471
-987.662
-987.759
-725.693
-807.607
-862.936
-898.363
-920.831
-935.34
-945.033
-951.776
-956.648
-960.269
-962.993
-965.024
-966.478
-967.419
-967.882
-684.961
-754.282
-807.51
-846.469
-874.484
-894.674
-909.422
-920.385
-928.665
-934.979
-939.786
-943.38
-945.949
-947.606
-948.42
-657.472
-717.011
-766.313
-805.476
-835.918
-859.406
-877.549
-891.629
-902.602
-911.147
-917.742
-922.714
-926.282
-928.591
-929.725
-637.792
-689.942
-735.216
-773.162
-804.263
-829.438
-849.692
-865.936
-878.918
-889.22
-897.276
-903.405
-907.83
-910.703
-912.117
-623.151
-669.715
-711.408
-747.654
-778.493
-804.348
-825.802
-843.46
-857.871
-869.492
-878.693
-885.754
-890.884
-894.228
-895.877
-612.008
-654.322
-693.013
-727.513
-757.668
-783.617
-805.665
-824.189
-839.567
-852.142
-862.205
-869.99
-875.679
-879.402
-881.242
-603.444
-642.521
-678.77
-711.68
-741.011
-766.745
-789.011
-808.023
-824.025
-837.261
-847.95
-856.278
-862.396
-866.413
-868.404
-596.888
-633.513
-667.832
-699.389
-727.914
-753.301
-775.571
-794.824
-811.208
-824.885
-836.013
-844.735
-851.169
-855.408
-857.512
-591.971
-626.779
-659.623
-690.094
-717.916
-742.936
-765.107
-784.455
-801.057
-815.015
-826.439
-835.435
-842.096
-846.494
-848.68
-588.455
-621.975
-653.753
-683.414
-710.683
-735.384
-757.427
-776.793
-793.51
-807.638
-819.251
-828.429
-835.242
-839.749
-841.992
-586.186
-618.881
-649.968
-679.092
-705.982
-730.451
-752.387
-771.741
-788.512
-802.734
-814.458
-823.745
-830.651
-835.226
-837.504
-585.073
-617.366
-648.112
-676.968
-703.667
-728.015
-749.891
-769.231
-786.023
-800.287
-812.062
-821.399
-828.35
-832.956
-835.251
)
;

boundaryField
{
    hot
    {
        type            calculated;
        value           nonuniform List<scalar> 
120
(
521.905
523.402
526.394
530.873
536.825
544.23
553.058
563.265
574.796
587.577
601.521
616.528
632.49
649.295
666.84
683.514
699.072
714.992
731.244
747.8
764.63
781.702
798.973
816.391
833.897
851.42
868.887
886.221
903.347
920.193
936.689
952.772
968.387
983.485
998.023
1011.97
1025.3
1037.99
1050.04
1061.44
1072.21
1082.34
1091.85
1100.76
1109.1
1116.88
1124.12
1130.86
1137.1
1142.88
1148.21
1153.11
1157.61
1161.71
1165.42
1168.77
1171.76
1174.39
1176.68
1178.63
1180.25
1181.54
1182.51
1183.16
1183.52
1183.57
1183.34
1182.83
1182.06
1181.02
1179.74
1178.23
1176.49
1174.54
1172.39
1170.05
1167.54
1164.86
1162.02
1159.05
1155.93
1152.69
1149.32
1145.82
1142.18
1138.39
1134.44
1130.3
1125.94
1121.33
1116.43
1111.19
1105.55
1099.45
1092.83
1085.62
1077.74
1069.14
1059.74
1049.51
1038.42
1026.45
1013.64
1000.03
985.732
969.366
950.921
932.193
913.517
895.231
877.664
861.116
845.85
832.088
820.012
809.765
801.454
795.159
790.935
788.814
)
;
    }
    cold
    {
        type            calculated;
        value           nonuniform List<scalar> 
120
(
-876.023
-878.523
-883.503
-890.919
-900.703
-912.756
-926.943
-943.089
-960.97
-980.316
-1000.8
-1022.07
-1043.72
-1065.34
-1086.51
-1105.18
-1121.38
-1136.66
-1150.9
-1164.02
-1175.99
-1186.8
-1196.48
-1205.08
-1212.66
-1219.31
-1225.1
-1230.11
-1234.45
-1238.17
-1241.36
-1244.09
-1246.41
-1248.39
-1250.07
-1251.49
-1252.69
-1253.71
-1254.57
-1255.29
-1255.9
-1256.42
-1256.85
-1257.21
-1257.51
-1257.76
-1257.97
-1258.14
-1258.28
-1258.39
-1258.47
-1258.52
-1258.55
-1258.55
-1258.53
-1258.47
-1258.38
-1258.25
-1258.06
-1257.82
-1257.51
-1257.12
-1256.64
-1256.05
-1255.34
-1254.51
-1253.53
-1252.39
-1251.1
-1249.64
-1248
-1246.19
-1244.21
-1242.06
-1239.74
-1237.26
-1234.62
-1231.83
-1228.91
-1225.84
-1222.65
-1219.33
-1215.88
-1212.3
-1208.57
-1204.69
-1200.64
-1196.38
-1191.89
-1187.13
-1182.06
-1176.62
-1170.75
-1164.39
-1157.47
-1149.91
-1141.64
-1132.59
-1122.7
-1111.91
-1100.19
-1087.55
-1074
-1059.62
-1044.48
-1027.15
-1007.62
-987.784
-967.997
-948.622
-930.006
-912.468
-896.287
-881.7
-868.899
-858.036
-849.225
-842.552
-838.072
-835.824
)
;
    }
    interface_left
    {
        type            calculated;
        value           nonuniform List<scalar> 
90
(
1319.46
980.55
823.363
723.641
636.038
532.097
369.785
41.9034
-791.452
2361.23
1521.72
1179.1
986.22
815.658
563.819
-2.99455
2020.27
1458.07
1215.51
1057.95
874.722
503.801
1773.84
1416.62
1266.84
1181.57
1108.68
1007.33
788.065
1555.32
1341.46
1252.25
1201.99
1159.77
1102.19
979.1
1406.5
1286.61
1236.15
1207.04
1181.34
1143.89
1059.83
1366.19
1285.48
1255.69
1244.67
1244.89
1261.43
1178.9
1199.41
1208.97
1216.92
1228.23
1250.75
1307.42
1099.59
1158.62
1186.48
1207.85
1235.23
1287.17
1417.02
929.506
1060.35
1114.54
1146.06
1175.22
1219.58
1320.29
962.035
1062.45
1106.01
1133.23
1160
1201.51
1295.05
969.274
1063.08
1104.74
1130.33
1151.52
1173.11
1198.16
1229.94
1273.56
1338.96
1449.4
1668.29
2192.83
)
;
    }
    interface_right
    {
        type            calculated;
        value           nonuniform List<scalar> 
90
(
-2523.41
-1914.38
-1660.65
-1533.3
-1458.77
-1410.17
-1376.15
-1351.2
-1332.31
-1317.68
-1306.17
-1296.98
-1289.59
-1283.59
-1278.7
-1274.68
-1271.37
-1268.63
-1266.36
-1264.47
-1262.91
-1261.6
-1260.51
-1259.6
-1258.83
-1258.2
-1257.66
-1257.22
-1256.84
-1256.53
-1256.27
-1256.05
-1255.86
-1255.7
-1255.57
-1255.44
-1255.33
-1255.22
-1255.1
-1254.95
-1254.75
-1254.44
-1253.93
-1253.01
-1251.18
-1247.11
-1236.7
-1206.29
-1382.41
-1264.42
-1272.96
-1278.03
-1284.14
-1294.67
-1316.86
-1373.42
-1165.59
-1224.67
-1252.59
-1274.04
-1301.51
-1353.53
-1483.45
-996.011
-1126.93
-1181.19
-1212.79
-1242.01
-1286.46
-1387.25
-1029.1
-1129.62
-1173.31
-1200.69
-1227.64
-1269.37
-1363.17
-1037.7
-1131.9
-1174.03
-1200.22
-1222.17
-1244.73
-1271.07
-1304.62
-1350.75
-1420.01
-1537.06
-1769.13
-2325.34
)
;
    }
    interface_top
    {
        type            calculated;
        value           nonuniform List<scalar> 
90
(
735.445
290.958
144.009
86.8837
60.2524
45.5885
36.4002
30.0893
25.4676
21.9236
19.1113
16.8198
14.9133
13.3002
11.9166
10.7163
9.66512
8.73737
7.91311
7.17669
6.51559
5.91968
5.38058
4.89133
4.44605
4.03973
3.66805
3.32723
3.01397
2.72535
2.45875
2.21185
1.98251
1.76882
1.569
1.38144
1.20462
1.03713
0.87767
0.724977
0.577868
0.435203
0.295881
0.158831
0.0230008
-0.112652
-0.249168
-0.387593
-0.528992
-0.674452
-0.825096
-0.982091
-1.14666
-1.32009
-1.50375
-1.69911
-1.90773
-2.13131
-2.37171
-2.63094
-2.91123
-3.21505
-3.54514
-3.9046
-4.29692
-4.72606
-5.19661
-5.71387
-6.28406
-6.91457
-7.61425
-8.39384
-9.2666
-10.2491
-11.3625
-12.6341
-14.1001
-15.8093
-17.8297
-20.2582
-23.239
-26.9956
-31.8948
-38.585
-48.3263
-63.8737
-92.1109
-152.683
-308.505
-779.836
)
;
    }
    interface_bottom
    {
        type            calculated;
        value           nonuniform List<scalar> 
90
(
447.954
178.426
89.2636
54.5739
38.396
29.4978
23.9423
20.1532
17.4095
15.3405
13.7372
12.4732
11.4685
10.6707
10.0453
9.57019
9.23261
9.02781
8.95884
9.03773
9.28829
9.75176
10.4976
11.6448
13.4071
16.1984
20.9007
29.6289
48.127
93.9216
225.913
657.07
657.883
228.445
98.4784
55.3294
40.6554
38.0835
44.6094
65.544
122.662
291.711
847.889
847.477
290.427
120.348
61.8686
38.9181
29.0135
25.0732
25.0963
29.7002
43.1298
79.7073
188.367
546.552
545.919
186.439
76.389
38.2403
22.9294
15.9139
12.5265
11.2381
11.8144
15.1183
24.2648
49.2257
123.823
370.578
369.508
120.586
43.7419
16.391
4.62988
-1.6279
-5.67247
-8.66083
-10.905
-12.0176
-10.0459
2.20434
51.4411
43.922
-21.7349
-55.5124
-92.0294
-160.111
-330.272
-842.365
)
;
    }
    defaultFaces
    {
        type            empty;
    }
}


// ************************************************************************* //
