/*--------------------------------*- C++ -*----------------------------------*\
| =========                 |                                                 |
| \\      /  F ield         | OpenFOAM: The Open Source CFD Toolbox           |
|  \\    /   O peration     | Version:  5.x                                   |
|   \\  /    A nd           | Web:      www.OpenFOAM.org                      |
|    \\/     M anipulation  |                                                 |
\*---------------------------------------------------------------------------*/
FoamFile
{
    version     2.0;
    format      ascii;
    class       volScalarField;
    location    "15.2";
    object      gradTy;
}
// * * * * * * * * * * * * * * * * * * * * * * * * * * * * * * * * * * * * * //

dimensions      [0 -1 0 1 0 0 0];

internalField   nonuniform List<scalar> 
6300
(
1008.72
1026.13
1043.45
1060.65
1077.67
1094.45
1110.94
1127.09
1142.85
1158.18
1173.02
1187.34
1201.09
1214.25
1226.78
0.0388208
0.116455
0.194051
0.271531
0.348745
0.425422
0.50113
0.575227
0.646812
0.714693
0.777377
0.833102
0.879938
0.915944
0.939379
0.0647084
0.194127
0.323532
0.452835
0.581824
0.710098
0.836991
0.961484
1.08212
1.19691
1.30333
1.39834
1.47855
1.54047
1.58096
0.0905921
0.27181
0.453106
0.634436
0.815593
0.996125
1.17522
1.35157
1.52322
1.68745
1.84065
1.97835
2.0954
2.18639
2.24631
0.116435
0.349403
0.582631
0.816187
1.04996
1.28356
1.51615
1.7463
1.9717
2.18897
2.39342
2.57895
2.73826
2.86335
2.94656
0.142178
0.426722
0.711804
0.997686
1.28446
1.57195
1.85948
2.14572
2.42825
2.70325
2.96501
3.20568
3.41523
3.58208
3.69461
0.167729
0.503491
0.840153
1.17826
1.51822
1.86023
2.20406
2.54877
2.89226
3.23067
3.55761
3.86343
4.13476
4.35501
4.50635
0.192966
0.579337
0.967028
1.35692
1.74987
2.14662
2.54768
2.95294
3.36124
3.76943
4.1712
4.5555
4.90519
5.19665
5.40208
0.217756
0.65384
1.09167
1.53248
1.97765
2.42865
2.88699
3.35398
3.83021
4.31448
4.80206
5.28198
5.73364
6.12407
6.40921
0.241967
0.726579
1.21328
1.70364
2.19954
2.70325
3.21755
3.74567
4.29099
4.85604
5.44039
6.0365
6.62303
7.1565
7.56659
0.265494
0.797209
1.33118
1.86921
2.41354
2.96717
3.53418
4.12003
4.73185
5.37808
6.0667
6.80031
7.56521
8.31202
8.93189
0.288285
0.865551
1.44499
2.0284
2.61815
3.21762
3.83181
4.46824
5.13811
5.85749
6.64775
7.53254
8.52518
9.59419
10.5924
0.310372
0.931684
1.55479
2.18119
2.81295
3.45323
4.10706
4.78284
5.49461
6.26575
7.134
8.15664
9.40846
10.9468
12.6688
0.331877
0.995994
1.66124
2.32853
2.99914
3.67515
4.36021
5.06124
5.79152
6.57661
7.46556
8.55128
10.0049
12.1153
15.2164
0.35301
1.05914
1.76559
2.47246
3.17984
3.88787
4.59721
5.31019
6.03336
6.78335
7.60009
8.57777
9.94416
12.2924
17.3839
1237.69
1247.16
1256.18
1264.76
1272.91
1280.65
1287.98
1294.94
1301.55
1307.82
1313.8
1319.51
1324.97
1330.23
1335.3
1340.23
1345.03
1349.74
1354.38
1358.99
1363.59
1368.2
1372.85
1377.55
1382.34
1387.22
1392.21
1397.33
1402.57
1407.95
1413.47
1419.12
1424.91
1430.83
1436.87
1443.03
1449.28
1455.63
1462.04
1468.51
1475.02
1481.54
1488.05
1494.53
1500.95
1507.28
1513.51
1519.6
1525.53
1531.29
1536.84
1542.17
1547.25
1552.06
1556.57
1560.74
1564.55
1567.97
1570.96
1573.49
1575.51
1576.99
1577.89
1578.17
1577.78
1576.68
1574.8
1572.09
1568.48
1563.91
1558.3
1551.56
1543.62
1534.38
1523.74
1511.61
1497.88
1482.45
1465.2
1446.04
1424.84
1401.51
1375.94
1348.03
1317.71
1284.9
1249.55
1211.62
1171.12
1128.04
0.948145
0.946073
0.933942
0.912094
0.881197
0.84217
0.79611
0.744197
0.687614
0.62749
0.564853
0.50061
0.435537
0.37029
0.305419
0.241391
0.178621
0.11749
0.0583791
0.00168984
-0.0521395
-0.102622
-0.149221
-0.191363
-0.228464
-0.259964
-0.285387
-0.30439
-0.316819
-0.322742
-0.322445
-0.316388
-0.305121
-0.28917
-0.268925
-0.244579
-0.216115
-0.183378
-0.146202
-0.10456
-0.0587011
-0.00923131
0.0429021
0.0965231
0.150419
0.203564
0.25532
0.305552
0.354652
0.403451
0.453057
0.504652
0.559287
0.617716
0.680302
0.747021
0.817555
0.891469
0.96841
1.04829
1.13143
1.21856
1.31081
1.4096
1.51646
1.63287
1.76008
1.89899
2.05008
2.21339
2.38856
2.57498
2.77184
2.97824
3.19325
3.41578
3.64454
3.8778
4.11325
4.34775
4.57724
4.79668
5.00008
5.18075
5.33161
5.44566
5.51658
5.53927
5.51036
5.42865
1.59625
1.59285
1.5721
1.53464
1.48168
1.41489
1.33625
1.24785
1.15174
1.0499
0.944059
0.835746
0.726245
0.61662
0.507753
0.400382
0.295152
0.192659
0.0935014
-0.0016808
-0.0921732
-0.177165
-0.255744
-0.326913
-0.389633
-0.442894
-0.485807
-0.517721
-0.538328
-0.547743
-0.546515
-0.535549
-0.515938
-0.488728
-0.454681
-0.414123
-0.366921
-0.312617
-0.250691
-0.18088
-0.10348
-0.0195225
0.0692356
0.160529
0.251981
0.341572
0.428043
0.511145
0.591662
0.671234
0.752034
0.836358
0.926219
1.02302
1.12736
1.23905
1.3573
1.48104
1.6094
1.74204
1.87941
2.02282
2.17433
2.33655
2.5123
2.70431
2.91488
3.14564
3.39739
3.67012
3.96307
4.27504
4.60456
4.9501
5.31015
5.68314
6.06716
6.45967
6.85709
7.25443
7.64499
8.02027
8.36997
8.68237
8.94493
9.14512
9.27146
9.3146
9.26836
9.13044
2.26921
2.26452
2.23425
2.17942
2.10199
2.00463
1.89041
1.76253
1.62412
1.47804
1.32682
1.17259
1.01713
0.861866
0.707944
0.556305
0.407757
0.263044
0.122922
-0.0117797
-0.1401
-0.260912
-0.372904
-0.474594
-0.564388
-0.640685
-0.702026
-0.747293
-0.775914
-0.788032
-0.784568
-0.767119
-0.73766
-0.698093
-0.649778
-0.593203
-0.527923
-0.452802
-0.366502
-0.268099
-0.157676
-0.0366981
0.0919445
0.22433
0.356246
0.484089
0.605635
0.720476
0.830043
0.937262
1.04595
1.16011
1.28317
1.41748
1.56386
1.72167
1.88913
2.06396
2.24423
2.42898
2.61871
2.81542
3.02244
3.244
3.48472
3.74902
4.04061
4.36205
4.7145
5.09769
5.5102
5.94983
6.41418
6.90101
7.40839
7.93456
8.47751
9.03443
9.601
10.1708
10.7347
11.2806
11.7935
12.2557
12.648
12.9508
13.146
13.2185
13.1583
12.9614
2.9789
2.97303
2.93177
2.85675
2.75103
2.61867
2.46425
2.29242
2.10758
1.91365
1.71398
1.51131
1.30785
1.1053
0.90497
0.707912
0.51498
0.326966
0.144689
-0.0309078
-0.198674
-0.35719
-0.50472
-0.639221
-0.758393
-0.85982
-0.941194
-1.00063
-1.03706
-1.05055
-1.04255
-1.01578
-0.973728
-0.919845
-0.856557
-0.784605
-0.702885
-0.608876
-0.499531
-0.37242
-0.226857
-0.0647001
0.109475
0.289017
0.466586
0.635883
0.793088
0.937604
1.07201
1.20137
1.3322
1.47122
1.62416
1.79476
1.98411
2.19062
2.41054
2.63927
2.8728
3.10897
3.34815
3.59337
3.84979
4.12406
4.42337
4.75463
5.12355
5.534
5.98752
6.48325
7.01842
7.58917
8.19159
8.82249
9.47972
10.1619
10.8679
11.5954
12.3404
13.0957
13.8504
14.5886
15.29
15.9297
16.4799
16.9116
17.1972
17.3137
17.2449
16.9846
3.73926
3.73234
3.67777
3.57814
3.43826
3.2643
3.06298
2.84088
2.60396
2.35737
2.1053
1.85105
1.59714
1.34541
1.0972
0.853487
0.615042
0.382554
0.156771
-0.0613686
-0.270622
-0.46933
-0.655339
-0.825955
-0.97798
-1.10786
-1.21197
-1.28713
-1.33125
-1.34404
-1.32758
-1.28644
-1.22686
-1.15517
-1.07584
-0.990107
-0.895581
-0.787077
-0.658191
-0.503368
-0.319999
-0.110078
0.119206
0.356463
0.588752
0.804996
0.998714
1.16919
1.32111
1.46325
1.60654
1.76215
1.93958
2.14488
2.37954
2.64009
2.91912
3.20753
3.49742
3.78443
4.06875
4.355
4.65127
4.96785
5.31583
5.70579
6.14649
6.64374
7.19952
7.81179
8.47519
9.18268
9.92773
10.7058
11.5148
12.3549
13.2269
14.1308
15.0645
16.0214
16.9893
17.9494
18.875
19.7323
20.482
21.0822
21.4917
21.6751
21.6069
21.2767
4.56788
4.5601
4.48846
4.35732
4.17438
3.94914
3.69143
3.41042
3.11404
2.80874
2.49952
2.19009
1.88308
1.58026
1.28276
0.991312
0.706369
0.428336
0.157709
-0.104755
-0.357872
-0.59987
-0.828227
-1.03956
-1.22955
-1.39307
-1.52451
-1.61841
-1.67063
-1.67969
-1.64824
-1.58375
-1.49751
-1.40155
-1.30445
-1.20835
-1.1085
-0.994727
-0.854313
-0.675547
-0.451514
-0.183483
0.117297
0.430896
0.733844
1.00636
1.23761
1.42727
1.58412
1.72324
1.86288
2.02144
2.21459
2.45248
2.73741
3.06269
3.41391
3.77335
4.12591
4.46346
4.78625
5.10187
5.42318
5.76608
6.14749
6.58352
7.08763
7.6688
8.32979
9.06632
9.86802
10.7217
11.6159
12.5439
13.5047
14.5014
15.5392
16.623
17.7546
18.9304
20.1391
21.3592
22.5575
23.689
24.699
25.5267
26.1112
26.3978
26.3457
25.9362
5.48802
5.47956
5.38455
5.21081
4.97117
4.68049
4.35319
4.00187
3.63671
3.26548
2.89377
2.52538
2.16273
1.80719
1.45941
1.11955
0.78755
0.463269
0.146717
-0.161764
-0.461288
-0.750192
-1.02577
-1.28401
-1.51935
-1.72461
-1.89118
-2.00983
-2.07226
-2.07378
-2.01659
-1.91248
-1.78225
-1.64972
-1.53172
-1.43214
-1.3416
-1.24087
-1.1058
-0.913061
-0.646557
-0.304238
0.0967202
0.520443
0.922522
1.2669
1.53616
1.73235
1.87239
1.98221
2.0917
2.23063
2.42485
2.69201
3.03686
3.44757
3.89653
4.34874
4.77562
5.16338
5.51371
5.84016
6.1636
6.50845
6.9001
7.36277
7.91736
8.57846
9.35082
10.2265
11.1855
12.2019
13.2548
14.3344
15.4424
16.5881
17.7848
19.0457
20.3803
21.7914
23.2718
24.7996
26.3355
27.8202
29.1775
30.3205
31.1589
31.6075
31.5982
31.0964
6.53259
6.52336
6.39378
6.15893
5.84126
5.46443
5.04946
4.61319
4.16811
3.72292
3.28324
2.85242
2.43216
2.02298
1.62467
1.23654
0.857677
0.48715
0.124197
-0.231562
-0.579879
-0.919574
-1.24814
-1.56127
-1.8523
-2.11167
-2.32671
-2.48202
-2.56141
-2.55222
-2.45235
-2.27863
-2.07014
-1.87677
-1.73232
-1.64276
-1.58922
-1.53628
-1.44016
-1.25663
-0.950613
-0.509291
0.0434829
0.641265
1.19438
1.63569
1.93999
2.11836
2.20427
2.24176
2.27825
2.36034
2.53019
2.81977
3.24154
3.77744
4.3745
4.96064
5.48172
5.91722
6.27557
6.58284
6.87323
7.18351
7.55046
8.00971
8.59375
9.32791
10.223
11.2668
12.4202
13.6294
14.8551
16.0841
17.3254
18.6011
19.938
21.3622
22.8956
24.5526
26.3357
28.2283
30.1868
32.1344
33.9642
35.5526
36.7676
37.476
37.5598
36.9484
7.75168
7.74027
7.55441
7.22612
6.79639
6.30317
5.77634
5.23721
4.69977
4.17253
3.6601
3.16445
2.68582
2.22334
1.77551
1.34043
0.916069
0.500405
0.091613
-0.311764
-0.71056
-1.10464
-1.49239
-1.87
-2.23044
-2.5622
-2.84785
-3.06311
-3.17774
-3.16082
-2.99405
-2.69447
-2.33585
-2.033
-1.85349
-1.80109
-1.83559
-1.89349
-1.90001
-1.77616
-1.44912
-0.874443
-0.0741909
0.826763
1.6276
2.20212
2.52551
2.63785
2.60618
2.50312
2.39952
2.36405
2.46351
2.75759
3.28227
4.01962
4.86857
5.66658
6.31139
6.7825
7.11132
7.35016
7.55459
7.7773
8.06832
8.4773
9.05434
9.84592
10.8815
12.1496
13.5747
15.0335
16.451
17.8162
19.1593
20.5263
21.9656
23.5215
25.2329
27.1325
29.2421
31.5622
34.0538
36.6183
39.0984
41.3224
43.1061
44.2437
44.5225
43.7842
9.22921
9.20818
8.91997
8.43921
7.84275
7.18999
6.52058
5.85838
5.21634
4.60044
4.01244
3.45163
2.91588
2.40232
1.90771
1.42863
0.961689
0.503542
0.0510223
-0.398755
-0.848208
-1.29898
-1.75139
-2.20357
-2.65001
-3.07922
-3.47043
-3.78921
-3.98359
-3.98525
-3.72708
-3.19539
-2.52136
-2.01171
-1.79174
-1.8344
-2.04839
-2.32484
-2.54773
-2.58848
-2.30439
-1.56463
-0.337096
1.15618
2.38645
3.1299
3.41464
3.36441
3.11055
2.76491
2.42227
2.17309
2.11622
2.36296
3.01634
4.10071
5.43556
6.59268
7.39076
7.85222
8.07617
8.16653
8.20908
8.27217
8.41579
8.70233
9.20547
10.012
11.2046
12.806
14.6798
16.4966
18.1214
19.5796
20.9577
22.3468
23.8246
25.4558
27.2984
29.4092
31.8445
34.6483
37.8148
41.2227
44.6005
47.7249
50.3736
52.2469
52.9486
52.0899
11.1259
11.0604
10.5624
9.81851
8.9698
8.1005
7.25421
6.4503
5.69504
4.98796
4.32546
3.70256
3.11386
2.55391
2.01741
1.49928
0.994576
0.498526
0.0064544
-0.486222
-0.983954
-1.49092
-2.01067
-2.54537
-3.09429
-3.65087
-4.19719
-4.69432
-5.06683
-5.18371
-4.85385
-3.90117
-2.47009
-1.57324
-1.35175
-1.62099
-2.17118
-2.83326
-3.45763
-3.86851
-3.81572
-2.95716
-0.982648
1.86425
3.84622
4.71805
4.78598
4.38404
3.74699
3.02226
2.31037
1.7051
1.33166
1.38269
2.12969
3.82098
6.25832
8.03557
8.95461
9.26369
9.23313
9.05154
8.83379
8.65085
8.55724
8.61525
8.9195
9.62187
10.9386
13.0697
15.8666
18.2358
20.0312
21.458
22.7399
24.0389
25.462
27.0854
28.9773
31.2178
33.9155
37.2112
41.2275
45.8697
50.4668
54.8114
58.757
61.936
63.6209
62.7937
13.8149
13.5349
12.5583
11.3483
10.1261
8.97756
7.92654
6.97202
6.10423
5.31123
4.5814
3.90424
3.27044
2.67174
2.10074
1.55066
1.0151
0.4879
-0.0371059
-0.566249
-1.10622
-1.66426
-2.2482
-2.86645
-3.5273
-4.23699
-4.99448
-5.77856
-6.5178
-7.02515
-6.87711
-5.29555
-1.64929
-0.162081
-0.204916
-1.0028
-2.13262
-3.39572
-4.67466
-5.81589
-6.48704
-5.95635
-2.88421
3.81794
6.90458
7.46385
6.83391
5.74225
4.50975
3.2612
2.0451
0.903473
-0.0639329
-0.59958
-0.116542
2.46707
8.03168
10.7142
11.3968
11.1642
10.6076
9.98858
9.40842
8.90094
8.48042
8.17368
8.06036
8.34709
9.50019
12.3748
17.6692
20.8009
22.4719
23.5447
24.4972
25.5522
26.8109
28.328
30.1539
32.3677
35.1252
38.7363
43.7383
50.5811
56.696
62.4715
68.2437
73.7758
77.9096
78.037
18.4067
17.0119
14.8901
12.895
11.176
9.71375
8.45948
7.36847
6.40537
5.54318
4.76119
4.0432
3.37621
2.74946
2.15376
1.58094
1.02344
0.473974
-0.074825
-0.630775
-1.20257
-1.80033
-2.43636
-3.12618
-3.88995
-4.75424
-5.75338
-6.92724
-8.30255
-9.81019
-10.9645
-9.66303
2.28051
3.45224
2.02909
0.0933068
-1.90218
-3.93536
-6.08996
-8.44006
-10.8889
-12.6152
-10.013
10.9777
13.602
11.9217
9.54636
7.30293
5.2953
3.45314
1.67234
-0.149211
-2.0814
-4.04887
-5.38774
-3.17971
13.9548
16.2725
15.1562
13.5308
12.0713
10.8693
9.87796
9.02541
8.23937
7.45322
6.62481
5.8244
5.58243
8.19489
22.5855
25.4689
25.7732
25.804
26.1062
26.7715
27.7867
29.1254
30.771
32.7338
35.1048
38.2575
43.5976
56.3392
63.4128
70.1352
78.0745
87.6276
97.9656
104.173
29.1828
21.5354
17.0387
14.0436
11.8559
10.1501
8.75706
7.5805
6.56103
5.65953
4.84873
4.10865
3.42398
2.78246
2.17384
1.58918
1.02026
0.459169
-0.102147
-0.672364
-1.26138
-1.88112
-2.54686
-3.27919
-4.10761
-5.07701
-6.26034
-7.78547
-9.89632
-13.1036
-18.5875
-29.3546
21.7217
10.8032
5.00129
1.27548
-1.61725
-4.29989
-7.22339
-10.9216
-16.3307
-25.5062
-43.621
44.5849
26.4975
17.3802
12.0686
8.52394
5.84258
3.55674
1.35839
-1.04239
-4.04779
-8.403
-15.7661
-30.3203
41.2138
26.7754
19.6483
15.6585
13.1641
11.4464
10.1476
9.05407
7.99848
6.7937
5.14904
2.49771
-2.44557
-12.9455
44.0719
33.8502
29.4682
27.6718
27.1921
27.4863
28.2966
29.4805
30.9308
32.5118
33.9584
34.6284
32.798
70.2585
70.6344
76.0452
85.5803
100.348
123.968
165.666
1077.87
1019.59
957.916
893.048
825.211
754.654
681.643
606.451
529.352
450.619
370.519
289.313
207.255
124.593
41.571
5.2819
5.05252
4.76337
4.42643
4.05457
3.66016
3.25404
2.84491
2.43907
2.04059
1.6515
1.27216
0.901634
0.538038
0.178844
8.88004
8.48718
7.992
7.41617
6.78269
6.11333
5.42683
4.7379
4.057
3.3906
2.74169
2.11048
1.49502
0.891837
0.296397
12.5978
12.0241
11.3013
10.4635
9.54666
8.58364
7.60205
6.62287
5.66044
4.72309
3.81416
2.93301
2.07612
1.23787
0.411297
16.4925
15.7101
14.7252
13.5899
12.3567
11.0725
9.77482
8.49108
7.23879
6.02718
4.85881
3.73127
2.63854
1.57218
0.522211
20.6324
19.5982
18.2994
16.8139
15.2175
13.5745
11.9335
10.3278
8.77644
7.288
5.86263
4.49469
3.17457
1.8901
0.627566
25.1028
23.7505
22.0597
20.1483
18.1245
16.074
14.0568
12.1097
10.2511
8.48571
6.809
5.21027
3.67491
2.18606
0.725517
30.0157
28.2406
26.0399
23.5947
21.0578
18.5397
16.1095
13.8029
11.6323
9.5946
7.67735
5.86243
4.12875
2.45369
0.81396
35.5245
33.156
30.2645
27.1323
23.9721
20.9175
18.0382
15.3596
12.8801
10.5829
8.44325
6.43332
4.52393
2.68596
0.890599
41.8482
38.5944
34.7295
30.6978
26.7807
23.1199
19.766
16.717
13.9455
11.4132
9.07934
6.90356
4.84767
2.8756
0.953073
49.3125
44.6428
39.3605
34.1479
29.332
25.0153
21.1887
17.7968
14.7713
12.0451
9.55716
7.25381
5.08752
3.01568
0.999154
58.4156
51.3026
43.9209
37.2008
31.3832
26.42
22.1761
18.5099
15.2976
12.4383
9.85027
7.46692
5.23285
3.10041
1.02701
69.8551
58.2308
47.8193
39.3509
32.5797
27.1049
22.5857
18.7685
15.4707
12.5601
9.9385
7.53065
5.27651
3.12604
1.03548
83.9916
63.945
49.774
39.8027
32.479
26.8339
22.2929
18.5073
15.2564
12.3927
9.81284
7.44057
5.21642
3.09172
1.02433
96.1569
63.7821
47.5282
37.6062
30.6991
25.4585
21.2442
17.7113
14.6544
11.9411
9.47951
7.20226
5.05684
3.00006
0.994444
0.372269
1.11671
1.86077
2.60381
3.34465
4.08129
4.81067
5.52866
6.23069
6.91405
7.58432
8.27167
9.07054
10.237
12.4262
0.389837
1.16931
1.94799
2.72476
3.49747
4.26229
5.01276
5.73835
6.42244
7.03942
7.55005
7.89182
7.94573
7.38764
4.97203
0.407539
1.22242
2.0365
2.84847
3.65568
4.45315
5.23198
5.97667
6.66063
7.23849
7.6329
7.71162
7.24565
5.82808
2.74574
0.425369
1.27607
2.12643
2.97541
3.82056
4.65684
5.47476
6.25699
6.97231
7.56477
7.93477
7.90943
7.20631
5.42435
2.1924
0.443217
1.32993
2.21726
3.10496
3.99151
4.87316
5.74217
6.58359
7.36914
8.04533
8.51091
8.5777
7.91599
6.02743
2.43958
0.460866
1.38332
2.3078
3.23524
4.16577
5.09812
6.02856
6.94882
7.84176
8.67194
9.36368
9.75173
9.47737
7.81044
3.58344
0.478005
1.43527
2.39624
3.36331
4.33865
5.32426
6.32185
7.33281
8.35781
9.39449
10.427
11.3856
12.0055
11.3711
6.76879
0.494265
1.4846
2.48041
3.48555
4.50432
5.54195
6.60565
7.70682
8.86556
10.1198
11.5412
13.2545
15.4044
17.6868
16.159
0.50926
1.5301
2.55804
3.59825
4.65678
5.74138
6.86325
8.0406
9.30677
10.7287
12.4523
14.8198
18.7109
26.648
46.931
0.522628
1.57064
2.62709
3.69815
4.79103
5.91481
7.08211
8.31246
9.63952
11.128
12.9158
15.3268
19.2071
27.035
47.0843
0.534067
1.60529
2.68593
3.78283
4.90371
6.05786
7.25702
8.51692
9.85988
11.3192
12.9461
14.813
16.9613
18.9343
16.6695
0.543346
1.63335
2.73343
3.85075
4.99318
6.16952
7.38955
8.66345
9.99915
11.3939
12.8095
14.1033
14.8367
13.7761
7.8336
0.55031
1.65437
2.76888
3.90114
5.05898
6.25068
7.48448
8.76685
10.0972
11.4536
12.7572
13.7823
13.9576
12.0078
5.75072
0.554871
1.66811
2.79192
3.93369
5.10116
6.30244
7.54551
8.83672
10.1767
11.5499
12.8979
14.0511
14.554
13.2302
7.30962
0.556991
1.67445
2.80244
3.94828
5.11972
6.32502
7.57292
8.87251
10.233
11.6634
13.1734
14.7712
16.4185
17.6444
14.9091
0.556682
1.67344
2.80049
3.94501
5.11465
6.31784
7.56422
8.86582
10.2404
11.7213
13.3876
15.4565
18.5753
24.809
41.3158
0.554
1.66525
2.78636
3.9242
5.08617
6.28052
7.51698
8.80821
10.1737
11.6501
13.322
15.4122
18.5685
24.8389
41.3434
0.549046
1.65018
2.76054
3.88653
5.03508
6.2138
7.43149
8.69883
10.0296
11.443
12.9656
14.6273
16.3985
17.7613
15.0286
0.541966
1.62868
2.72379
3.83313
4.96291
6.11986
7.31134
8.54513
9.82798
11.1596
12.5124
13.7658
14.5119
13.5272
7.68875
0.532944
1.6013
2.67709
3.76545
4.87178
6.00181
7.16161
8.35714
9.5922
10.8614
12.1278
13.2563
13.8268
12.6634
6.97307
0.522199
1.56871
2.6216
3.68522
4.76407
5.86293
6.9869
8.1415
9.33248
10.5648
11.8386
13.1339
14.3456
14.9431
11.9904
0.509973
1.53167
2.5586
3.59431
4.64236
5.70648
6.79076
7.9004
9.04384
10.2392
11.5341
13.0693
15.2904
19.6879
31.6102
0.496522
1.49094
2.48946
3.49475
4.50939
5.53588
6.57682
7.63563
8.71897
9.84421
11.0623
12.5282
14.7235
19.2067
31.4009
0.482106
1.44733
2.41556
3.38863
4.36809
5.35512
6.35031
7.35364
8.36478
9.38452
10.4183
11.4803
12.5674
13.3702
11.2609
0.466973
1.40161
2.33825
3.27798
4.22145
5.16857
6.11799
7.06602
8.00444
8.91488
9.75436
10.4147
10.6083
9.55559
5.29609
0.45135
1.35447
2.25874
3.16466
4.07217
4.9803
5.88647
6.78491
7.66331
8.49432
9.21458
9.67309
9.51451
7.96771
3.72881
0.435428
1.30648
2.17805
3.05017
3.92237
4.7933
5.66017
6.51756
7.3549
8.15047
8.85633
9.35975
9.38451
8.24916
4.39667
0.419357
1.25812
2.09693
2.93556
3.77336
4.60901
5.44033
6.26397
7.07532
7.86872
8.63845
9.37864
10.0599
10.4173
8.49556
0.403246
1.20968
2.01588
2.82147
3.62575
4.42763
5.22569
6.01878
6.80807
7.60325
8.44086
9.43826
10.9599
14.1681
23.0591
0.387165
1.16139
1.93522
2.70823
3.47974
4.2488
5.01438
5.77609
6.53656
7.30816
8.13211
9.13358
10.6886
13.9721
22.9853
0.371153
1.11333
1.85508
2.59597
3.33535
4.07229
4.80563
5.53412
6.25718
6.97656
7.69989
8.44433
9.21651
9.79697
8.25668
0.355222
1.06555
1.77551
2.48471
3.19258
3.8982
4.60012
5.2958
5.98021
6.64207
7.25284
7.73562
7.8774
7.09433
3.92585
0.339361
1.01801
1.69642
2.37432
3.05129
3.7266
4.39886
5.06516
5.71877
6.34291
6.89452
7.26354
7.18038
6.04807
2.84717
0.323543
0.970616
1.61764
2.26452
2.91111
3.55705
4.20163
4.84322
5.47765
6.09399
6.66282
7.10532
7.21175
6.43821
3.49997
0.307726
0.923237
1.53892
2.15489
2.7713
3.38835
4.0064
4.62614
5.24899
5.8779
6.51871
7.18033
7.85406
8.33148
6.97333
0.291864
0.875718
1.45997
2.04492
2.63099
3.21889
3.80989
4.40679
5.01602
5.65344
6.36
7.2468
8.63252
11.4993
19.1886
0.275907
0.827908
1.38049
1.93411
2.48937
3.04719
3.60921
4.17878
4.76338
5.38085
6.07596
6.96665
8.38231
11.3178
19.12
0.259813
0.779676
1.30027
1.82214
2.34593
2.87251
3.4032
3.94023
4.4878
5.05423
5.65595
6.32179
7.07649
7.75632
6.75062
0.243548
0.730921
1.21914
1.70879
2.20049
2.69491
3.1927
3.69426
4.19902
4.70301
5.19131
5.61506
5.82253
5.36523
3.05857
0.227085
0.681566
1.13699
1.59397
2.05312
2.51493
2.97951
3.44599
3.91069
4.36257
4.77139
5.05841
5.03009
4.25829
2.01264
0.2104
0.631545
1.05373
1.47762
1.90387
2.33296
2.76495
3.19888
3.63117
4.05194
4.43594
4.72063
4.75383
4.17478
2.20251
0.19347
0.580791
0.969251
1.35961
1.75261
2.14892
2.54899
2.95283
3.35957
3.76675
4.16935
4.5574
4.90265
5.0587
4.08174
0.176274
0.529234
0.883437
1.23974
1.59902
1.96222
2.33035
2.70471
3.08759
3.48469
3.91276
4.42382
5.18274
6.72932
10.9515
0.158787
0.476802
0.796149
1.11777
1.44268
1.77206
2.10733
2.45061
2.80568
3.18104
3.59845
4.11803
4.91574
6.54172
10.8833
0.140993
0.423435
0.707268
0.993491
1.28322
1.57776
1.87871
2.18826
2.50962
2.84814
3.21311
3.61899
4.07345
4.46816
3.8651
0.122878
0.369094
0.616713
0.86676
1.12039
1.37896
1.64409
1.91765
2.20158
2.49682
2.79928
3.08614
3.27257
3.0874
1.79623
0.104442
0.31377
0.524461
0.737523
0.954112
1.17559
1.40357
1.63979
1.88564
2.14044
2.39622
2.62295
2.72969
2.47463
1.32545
0.0856947
0.257494
0.430553
0.605822
0.784417
0.967693
1.15731
1.35521
1.56343
1.78332
2.01328
2.24305
2.43798
2.48274
1.89748
0.0666614
0.200337
0.335102
0.4718
0.611455
0.755371
0.905261
1.06343
1.2331
1.41918
1.63043
1.88731
2.25049
2.92832
4.69845
0.0473822
0.142418
0.238303
0.335716
0.435522
0.538885
0.647445
0.76364
0.891367
1.03752
1.21586
1.45772
1.84445
2.6153
4.57294
0.0279133
0.0839084
0.140439
0.197964
0.257111
0.318779
0.384313
0.455823
0.53682
0.633496
0.757132
0.927504
1.17162
1.47808
1.47685
0.00832668
0.0250251
0.0418822
0.059084
0.0769448
0.0959806
0.117021
0.141407
0.171372
0.210743
0.265939
0.346057
0.455478
0.554504
0.431057
-0.0112913
-0.0339687
-0.0569142
-0.0802541
-0.104037
-0.12821
-0.152598
-0.17689
-0.200611
-0.223
-0.242568
-0.255746
-0.253454
-0.214589
-0.101782
-0.0308432
-0.0927753
-0.155435
-0.219282
-0.284745
-0.352248
-0.422279
-0.495579
-0.573514
-0.658697
-0.755506
-0.868285
-0.98778
-1.03502
-0.697643
-0.050224
-0.151074
-0.253128
-0.357181
-0.464029
-0.57452
-0.68968
-0.811038
-0.941371
-1.0863
-1.25734
-1.47614
-1.77226
-2.12254
-2.02814
-0.0693242
-0.208534
-0.349429
-0.493131
-0.640774
-0.793538
-0.952762
-1.12024
-1.29907
-1.49575
-1.72599
-2.03026
-2.51909
-3.51879
-6.10991
-0.088033
-0.26482
-0.443772
-0.626333
-0.813947
-1.00805
-1.21009
-1.42155
-1.64433
-1.88186
-2.14318
-2.45616
-2.91108
-3.80983
-6.22152
-0.106239
-0.319598
-0.5356
-0.756013
-0.982596
-1.21704
-1.46084
-1.71497
-1.97931
-2.25141
-2.52445
-2.78344
-2.9948
-3.05012
-2.39336
-0.123832
-0.372533
-0.624353
-0.881394
-1.14576
-1.41951
-1.70437
-2.00127
-2.30886
-2.62027
-2.91541
-3.14373
-3.18682
-2.78484
-1.43319
-0.140702
-0.423294
-0.709467
-1.00167
-1.3024
-1.61421
-1.93952
-2.2801
-2.63571
-3.00036
-3.35271
-3.63259
-3.68785
-3.17899
-1.52487
-0.156744
-0.471559
-0.790383
-1.11599
-1.45132
-1.79952
-2.16401
-2.54844
-2.95623
-3.38891
-3.84027
-4.27735
-4.58055
-4.36839
-2.58571
-0.171863
-0.517031
-0.866572
-1.22354
-1.59126
-1.97346
-2.37462
-2.80051
-3.2594
-3.76441
-4.33767
-5.015
-5.83104
-6.64833
-5.99977
-0.185976
-0.559458
-0.937581
-1.32361
-1.72112
-2.13421
-2.56799
-3.02958
-3.53048
-4.09242
-4.76269
-5.65623
-7.08052
-9.94606
-17.2963
-0.199022
-0.59865
-1.00308
-1.41568
-1.84012
-2.28054
-2.742
-3.2313
-3.75909
-4.34512
-5.03257
-5.92875
-7.32898
-10.1292
-17.3662
-0.210963
-0.634495
-1.06288
-1.49951
-1.94798
-2.41221
-2.89661
-3.40622
-3.94717
-4.5273
-5.1574
-5.85109
-6.60505
-7.23095
-6.22798
-0.221786
-0.666955
-1.11695
-1.57509
-2.04485
-2.52984
-3.03363
-3.55931
-4.10796
-4.67467
-5.23795
-5.73144
-5.96993
-5.4637
-3.04305
-0.231495
-0.696051
-1.16533
-1.64257
-2.13111
-2.63434
-3.1554
-3.69638
-4.2561
-4.82434
-5.36685
-5.78875
-5.85186
-5.02579
-2.4035
-0.240114
-0.721853
-1.20816
-1.70216
-2.20713
-2.72641
-3.26326
-3.82034
-4.39825
-4.99176
-5.57938
-6.09511
-6.35113
-5.83514
-3.28105
-0.247679
-0.744473
-1.24561
-1.75411
-2.27317
-2.80622
-3.35701
-3.92974
-4.52948
-5.16316
-5.84171
-6.58172
-7.38639
-8.05971
-6.94189
-0.254242
-0.764061
-1.27793
-1.79869
-2.32945
-2.87365
-3.43544
-4.02031
-4.63706
-5.30331
-6.06122
-7.02328
-8.51271
-11.528
-19.4678
-0.259873
-0.780822
-1.30543
-1.83631
-2.37633
-2.92882
-3.49778
-4.08864
-4.71015
-5.37971
-6.13881
-7.09849
-8.57924
-11.5761
-19.486
-0.264663
-0.795026
-1.32855
-1.86753
-2.41452
-2.97248
-3.54482
-4.13561
-4.74979
-5.39381
-6.07698
-6.81169
-7.59277
-8.21203
-7.00098
-0.268729
-0.807019
-1.34786
-1.89315
-2.44506
-3.00608
-3.57897
-4.16623
-4.76858
-5.38063
-5.97923
-6.49254
-6.71851
-6.11889
-3.39834
-0.272212
-0.817222
-1.36406
-1.91414
-2.46921
-3.03138
-3.60306
-4.18628
-4.78054
-5.37668
-5.94059
-6.3728
-6.41744
-5.49848
-2.62629
-0.275281
-0.826142
-1.37796
-1.93163
-2.48838
-3.05002
-3.61907
-4.19857
-4.79109
-5.395
-5.99326
-6.52207
-6.78539
-6.23438
-3.50722
-0.278138
-0.834376
-1.39057
-1.94693
-2.50409
-3.06346
-3.62773
-4.20172
-4.79364
-5.41712
-6.09404
-6.85558
-7.7187
-8.48137
-7.36536
-0.281013
-0.842623
-1.40303
-1.96163
-2.51821
-3.07342
-3.62957
-4.19233
-4.77417
-5.40203
-6.13591
-7.11843
-8.72161
-12.0328
-20.678
-0.284173
-0.851687
-1.41672
-1.97769
-2.53324
-3.08266
-3.62674
-4.1696
-4.72264
-5.31321
-6.00498
-6.95011
-8.53821
-11.8799
-20.6153
-0.287903
-0.862456
-1.4332
-1.99746
-2.55247
-3.09555
-3.62466
-4.13969
-4.64494
-5.154
-5.69798
-6.33515
-7.13683
-7.98114
-7.1528
-0.292498
-0.875851
-1.45415
-2.02362
-2.57993
-3.11806
-3.63229
-4.11647
-4.56448
-4.97045
-5.32614
-5.6058
-5.70571
-5.24377
-3.04935
-0.298228
-0.892735
-1.48119
-2.05887
-2.61997
-3.1571
-3.6607
-4.11827
-4.51312
-4.82171
-5.00698
-5.00114
-4.66465
-3.70941
-1.65713
-0.305303
-0.9138
-1.51569
-2.10559
-2.67659
-3.21935
-3.72098
-4.16353
-4.52156
-4.7585
-4.82043
-4.62599
-4.05315
-2.93681
-1.14126
-0.313835
-0.939432
-1.55847
-2.1654
-2.75277
-3.31007
-3.82223
-4.26739
-4.614
-4.81672
-4.81177
-4.51354
-3.81898
-2.63581
-0.963543
-0.323801
-0.969597
-1.60961
-2.23874
-2.84976
-3.43208
-3.96989
-4.4396
-4.80626
-5.01904
-5.00666
-4.67621
-3.92402
-2.67441
-0.96276
-0.335013
-1.00375
-1.66829
-2.3246
-2.96662
-3.58492
-4.16476
-4.68327
-5.10527
-5.3776
-5.42229
-5.13165
-4.37441
-3.03379
-1.11048
-0.34711
-1.04081
-1.73263
-2.42034
-3.0999
-3.76439
-4.40212
-4.99383
-5.5081
-5.89412
-6.07064
-5.91099
-5.2298
-3.79774
-1.46487
-0.359564
-1.07913
-1.79981
-2.52167
-3.24357
-3.96234
-4.67134
-5.35805
-5.99985
-6.55595
-6.95227
-7.05236
-6.6065
-5.18715
-2.23369
-0.371706
-1.11665
-1.86612
-2.62291
-3.38936
-4.16701
-4.95592
-5.75333
-6.55093
-7.32858
-8.03942
-8.57268
-8.65907
-7.64181
-4.05374
-0.382776
-1.151
-1.92732
-2.71739
-3.52729
-4.36377
-5.23447
-6.14834
-7.11569
-8.14737
-9.24967
-10.4031
-11.4778
-11.8816
-9.01202
-0.39198
-1.1797
-1.97892
-2.79804
-3.64672
-4.53667
-5.48294
-6.50603
-7.63554
-8.91688
-10.4242
-12.288
-14.762
-18.3944
-24.494
67.7841
50.6022
40.2046
33.0507
27.6546
23.3263
19.7042
16.5774
13.8113
11.3137
9.01779
6.87218
4.83549
2.87273
0.952884
24.7774
32.3199
30.8025
27.4865
24.0404
20.8338
17.918
15.2663
12.8365
10.5873
8.48191
6.48802
4.57722
2.72387
0.904247
10.9454
20.3289
22.6489
22.0123
20.2595
18.1391
15.9481
13.8009
11.7362
9.761
7.86847
6.04609
4.279
2.55155
0.847877
5.79902
13.2429
16.5483
17.3128
16.7337
15.4931
13.9476
12.278
10.5737
8.87715
7.20624
5.5657
3.95322
2.3627
0.785998
3.53735
9.03071
12.212
13.5463
13.6672
13.0587
12.0332
10.779
9.4056
7.97541
6.52285
5.06576
3.61215
2.16422
0.720843
2.37377
6.42397
9.15826
10.6223
11.107
10.9137
10.2776
9.36265
8.27685
7.08913
5.84254
4.56335
3.26709
1.96256
0.654505
1.69443
4.73099
6.98655
8.37812
9.01745
9.07596
8.71545
8.06484
7.21877
6.24364
5.18481
4.07275
2.92774
1.76334
0.58882
1.25973
3.58033
5.41475
6.65628
7.33118
7.52914
7.35467
6.90268
6.25025
5.45621
4.56398
3.60497
2.60184
1.57111
0.525297
0.963121
2.76723
4.2546
5.32786
5.97601
6.24087
6.1865
5.87964
5.37999
4.73692
3.98947
3.1678
2.29508
1.38933
0.465091
0.751309
2.17407
3.38198
4.29459
4.88695
5.17421
5.19362
4.99041
4.60927
4.09006
3.46646
2.76605
2.01123
1.22037
0.409008
0.594944
1.73009
2.71438
3.48367
4.00969
4.29351
4.35526
4.22468
3.93437
3.51566
2.99675
2.40204
1.75238
1.06564
0.35754
0.476587
1.39083
2.19606
2.84165
3.30057
3.56696
3.6504
3.56985
3.34858
3.0108
2.57963
2.07616
1.51925
0.925738
0.310911
0.385256
1.12728
1.78856
2.32921
2.72512
2.96742
3.0594
3.01268
2.84366
2.57077
2.2127
1.78738
1.31152
0.800624
0.269137
0.313706
0.91977
1.46482
1.91726
2.25632
2.47223
2.56468
2.54042
2.41084
2.18985
1.89244
1.53366
1.12812
0.689795
0.232071
0.256978
0.754627
1.20536
1.58403
1.87301
2.06275
2.15097
2.14128
2.04146
1.86198
1.61478
1.3124
0.967469
0.592429
0.19946
0.211571
0.622056
0.995938
1.31305
1.5586
1.72374
1.80524
1.8047
1.72737
1.58112
1.37541
1.12067
0.827716
0.507506
0.170979
0.174952
0.514898
0.825925
1.09176
1.30003
1.44278
1.51646
1.52142
1.46114
1.34152
1.17009
0.955462
0.706879
0.433908
0.146267
0.145248
0.427815
0.687286
0.910439
1.08693
1.20977
1.2754
1.28341
1.2361
1.13787
0.994743
0.813823
0.60297
0.370491
0.124952
0.121049
0.356768
0.573858
0.761511
0.911075
1.01647
1.07432
1.08382
1.0464
0.965405
0.845628
0.692962
0.514072
0.31614
0.106668
0.101277
0.298652
0.480867
0.639026
0.765881
0.856183
0.906822
0.916783
0.886953
0.819855
0.719342
0.590303
0.43839
0.269797
0.0910659
0.0851024
0.251062
0.404574
0.538272
0.646063
0.723426
0.767558
0.77737
0.753375
0.697499
0.612858
0.50352
0.374287
0.230492
0.0778241
0.0718746
0.212111
0.342037
0.455503
0.547366
0.613737
0.652118
0.661425
0.641927
0.59511
0.523515
0.430547
0.320293
0.197346
0.0666506
0.061085
0.180319
0.290926
0.38773
0.466365
0.523479
0.556859
0.565476
0.549441
0.509922
0.449009
0.369573
0.275107
0.16958
0.0572854
0.0523332
0.154516
0.249395
0.332571
0.400304
0.449694
0.478791
0.486638
0.473258
0.439583
0.38736
0.319031
0.237601
0.146509
0.0495006
0.0453053
0.133784
0.215989
0.288131
0.346976
0.389996
0.415473
0.422536
0.411162
0.382118
0.336891
0.277583
0.206801
0.127547
0.0430988
0.0397571
0.117407
0.189567
0.252922
0.304632
0.342477
0.364936
0.371233
0.36133
0.335887
0.296197
0.244098
0.181882
0.112189
0.0379113
0.0355034
0.104839
0.169259
0.225795
0.271913
0.305636
0.325618
0.331175
0.322285
0.299545
0.264115
0.217637
0.162152
0.100014
0.0337962
0.0324093
0.0956849
0.154424
0.205899
0.247798
0.278335
0.296312
0.301145
0.292853
0.272013
0.239702
0.197426
0.14704
0.090671
0.0306352
0.0303863
0.0896795
0.14463
0.192649
0.231571
0.259752
0.276129
0.280226
0.272131
0.252442
0.222206
0.182845
0.136082
0.0838726
0.0283313
0.0293902
0.0866886
0.139648
0.185715
0.222798
0.249362
0.264469
0.26777
0.259456
0.240192
0.211043
0.1734
0.128905
0.0793868
0.0268054
0.0294229
0.0867098
0.139449
0.185017
0.221327
0.246924
0.261005
0.263376
0.254381
0.234802
0.205776
0.168712
0.125213
0.0770271
0.025994
0.0305376
0.0898874
0.144229
0.190746
0.227291
0.252479
0.265667
0.266873
0.256651
0.235967
0.206089
0.168488
0.124774
0.0766435
0.0258452
0.0328498
0.0965416
0.154441
0.203395
0.241139
0.266363
0.278646
0.2783
0.266181
0.243515
0.211761
0.172507
0.1274
0.0781112
0.0263155
0.036556
0.107217
0.170861
0.223827
0.263677
0.289229
0.300392
0.2979
0.28303
0.257369
0.222639
0.180587
0.132927
0.0813185
0.0273652
0.0419638
0.122763
0.194693
0.253364
0.29614
0.322081
0.331615
0.32609
0.307369
0.277517
0.238597
0.192557
0.141195
0.0861524
0.0289541
0.0495433
0.144467
0.227728
0.293936
0.340288
0.366324
0.373291
0.363438
0.339432
0.303958
0.259494
0.208221
0.152014
0.0924818
0.0310354
0.060013
0.174267
0.272602
0.348292
0.398538
0.423801
0.426641
0.41061
0.379455
0.336636
0.285115
0.227308
0.16514
0.100139
0.0335497
0.0744902
0.215118
0.333197
0.42031
0.474131
0.496844
0.493087
0.468279
0.427572
0.375353
0.315097
0.24942
0.18023
0.108896
0.0364179
0.0947666
0.271623
0.415291
0.51544
0.571318
0.588259
0.574144
0.536979
0.483677
0.419648
0.348839
0.273968
0.196805
0.118445
0.0395339
0.123844
0.351172
0.527598
0.641303
0.695533
0.701231
0.671195
0.616874
0.547223
0.468645
0.385398
0.300103
0.214209
0.128375
0.0427578
0.167059
0.466061
0.683451
0.808455
0.853435
0.839006
0.785095
0.707402
0.616957
0.520877
0.423375
0.32665
0.231569
0.138152
0.0459106
0.234655
0.637616
0.903448
1.03116
1.05257
1.00419
0.915494
0.806767
0.690589
0.574087
0.460806
0.352052
0.24777
0.14711
0.0487711
0.348323
0.904386
1.21934
1.32768
1.30016
1.19734
1.05979
0.911288
0.764431
0.625049
0.495087
0.374342
0.261453
0.154454
0.0510778
0.55961
1.33857
1.6787
1.71853
1.59999
1.41461
1.21168
1.01465
0.833065
0.669455
0.522959
0.391173
0.271043
0.159281
0.0525364
1.00718
2.07749
2.34655
2.21932
1.9462
1.64405
1.35944
1.10726
0.889201
0.701963
0.540605
0.399903
0.27482
0.16062
0.0528339
2.11031
3.37278
3.28955
2.8214
2.31252
1.86126
1.48467
1.17615
0.923918
0.716485
0.543898
0.397781
0.271035
0.157504
0.0516599
5.26766
5.60253
4.49981
3.45169
2.63878
2.02659
1.56261
1.20592
0.927506
0.706795
0.5288
0.3822
0.25807
0.149046
0.048733
15.5085
8.83049
5.67207
3.91856
2.82559
2.08897
1.566
1.1813
0.891005
0.667427
0.491892
0.351008
0.234612
0.134538
0.0438284
18.4677
9.61408
5.86859
3.92665
2.76489
2.00295
1.47334
1.09111
0.808153
0.594684
0.430911
0.302805
0.199815
0.113526
0.0368032
9.08452
6.85018
4.81253
3.39288
2.42648
1.75555
1.2783
0.931973
0.677027
0.487419
0.345154
0.237155
0.153419
0.0858705
0.0276134
3.18893
3.94955
3.3272
2.54428
1.88283
1.37363
0.992301
0.709357
0.500515
0.347269
0.235596
0.154654
0.0957786
0.0517615
0.0163192
1.19416
2.00923
1.95333
1.61127
1.23343
0.902875
0.63796
0.435269
0.285387
0.178242
0.104695
0.0568278
0.0278196
0.0116975
0.00307805
0.29189
0.673707
0.778148
0.703068
0.551169
0.386521
0.240396
0.124499
0.0405753
-0.0141172
-0.0440412
-0.054095
-0.0490874
-0.033576
-0.0118735
-0.47013
-0.469203
-0.272379
-0.151793
-0.122244
-0.142702
-0.178162
-0.208476
-0.224535
-0.223676
-0.206574
-0.175475
-0.133287
-0.0831476
-0.0282443
-1.88574
-1.74814
-1.26996
-0.943424
-0.760924
-0.661502
-0.600287
-0.55134
-0.501386
-0.44451
-0.378824
-0.304552
-0.223005
-0.136025
-0.0457153
-6.01594
-3.26355
-2.16219
-1.63501
-1.34189
-1.15376
-1.01388
-0.894887
-0.783027
-0.671453
-0.557028
-0.438677
-0.316489
-0.191213
-0.0639632
-6.15747
-3.63233
-2.65564
-2.16401
-1.84992
-1.61247
-1.41293
-1.23345
-1.06445
-0.900359
-0.737947
-0.575458
-0.412113
-0.247768
-0.0826797
-2.34903
-2.92573
-2.81219
-2.56968
-2.30469
-2.04484
-1.79804
-1.56472
-1.34243
-1.12808
-0.918903
-0.712823
-0.508423
-0.304835
-0.101583
-1.40262
-2.69839
-3.05825
-2.99089
-2.75582
-2.4681
-2.17374
-1.88828
-1.61487
-1.35217
-1.09769
-0.849008
-0.604159
-0.361663
-0.120424
-1.50442
-3.12092
-3.60092
-3.52852
-3.24344
-2.89593
-2.54321
-2.20344
-1.87984
-1.57054
-1.27243
-0.982515
-0.698248
-0.417612
-0.13899
-2.5731
-4.3326
-4.52711
-4.21378
-3.77435
-3.3273
-2.90364
-2.50733
-2.13482
-1.78109
-1.44147
-1.11208
-0.789802
-0.472155
-0.157106
-5.99359
-6.631
-5.80587
-4.9865
-4.31046
-3.74235
-3.245
-2.79465
-2.37673
-1.98181
-1.60337
-1.23668
-0.878126
-0.524886
-0.17464
-17.2957
-9.94491
-7.0805
-5.65957
-4.77153
-4.10821
-3.55364
-3.05937
-2.6026
-2.17103
-1.75709
-1.35561
-0.962745
-0.575528
-0.191499
-17.3708
-10.143
-7.35255
-5.96246
-5.07644
-4.39845
-3.82033
-3.29799
-2.81092
-2.34797
-1.90213
-1.46852
-1.04343
-0.623944
-0.207638
-6.23756
-7.25949
-6.65195
-5.91516
-5.23677
-4.61926
-4.0482
-3.51205
-3.00243
-2.51297
-2.03865
-1.57548
-1.1202
-0.670143
-0.22306
-3.05778
-5.50737
-6.04097
-5.82719
-5.3547
-4.80773
-4.25174
-3.70762
-3.17988
-2.6674
-2.1674
-1.67693
-1.19332
-0.714266
-0.237808
-2.42375
-5.08568
-5.94886
-5.91875
-5.52425
-5.00235
-4.44697
-3.89174
-3.34667
-2.8131
-2.28949
-1.7736
-1.26325
-0.756574
-0.251968
-3.30741
-5.91301
-6.47697
-6.26323
-5.78216
-5.22011
-4.642
-4.06872
-3.50541
-2.95184
-2.40618
-1.86637
-1.33061
-0.797429
-0.26566
-6.97519
-8.15802
-7.54503
-6.79322
-6.09618
-5.44892
-4.83359
-4.23868
-3.65731
-3.08503
-2.51876
-1.95631
-1.39616
-0.837288
-0.279035
-19.5092
-11.65
-8.70936
-7.28503
-6.37552
-5.65544
-5.0109
-4.39916
-3.80283
-3.21399
-2.62864
-2.04462
-1.4608
-0.876703
-0.292279
-19.5369
-11.7259
-8.82054
-7.41916
-6.52317
-5.80942
-5.16532
-4.54885
-3.94306
-3.34046
-2.73755
-2.13275
-1.5256
-0.91633
-0.305613
-7.06307
-8.39503
-7.88709
-7.2022
-6.54413
-5.91491
-5.30045
-4.69104
-4.081
-3.46709
-2.84773
-2.22249
-1.59186
-0.956944
-0.319294
-3.47398
-6.34167
-7.07636
-6.96648
-6.54491
-6.01006
-5.43196
-4.83359
-4.22155
-3.59745
-2.96192
-2.31593
-1.66106
-0.999442
-0.333623
-2.71836
-5.76944
-6.85199
-6.94708
-6.62422
-6.13514
-5.57746
-4.98553
-4.37039
-3.73568
-3.08333
-2.4155
-1.73492
-1.04484
-0.348936
-3.61938
-6.56412
-7.31321
-7.2178
-6.81884
-6.30774
-5.74665
-5.15349
-4.53275
-3.88607
-3.21545
-2.5239
-1.81533
-1.09427
-0.365609
-7.50229
-8.88342
-8.36078
-7.69917
-7.09122
-6.51495
-5.938
-5.34051
-4.71305
-4.05304
-3.36204
-2.64406
-1.90439
-1.14897
-0.38405
-20.8458
-12.5246
-9.5047
-8.14314
-7.34147
-6.72251
-6.14353
-5.54825
-4.91587
-4.24145
-3.52733
-2.77924
-2.00434
-1.21025
-0.404689
-20.8218
-12.4842
-9.49679
-8.19814
-7.46471
-6.90219
-6.36029
-5.78166
-5.14783
-4.45735
-3.71614
-2.933
-2.11758
-1.27948
-0.427971
-7.40876
-8.72806
-8.31595
-7.8605
-7.46913
-7.06745
-6.60245
-6.05331
-5.41906
-4.70843
-3.93401
-3.10912
-2.24653
-1.358
-0.454323
-3.36931
-6.17413
-7.16506
-7.47822
-7.48059
-7.27658
-6.90293
-6.38399
-5.74325
-5.00377
-4.18688
-3.31138
-2.39346
-1.447
-0.484117
-2.06162
-4.87972
-6.48473
-7.31165
-7.63524
-7.6034
-7.3042
-6.79916
-6.13595
-5.35282
-4.4804
-3.54306
-2.56019
-1.54738
-0.51762
-1.66023
-4.42765
-6.34464
-7.4945
-8.03659
-8.11579
-7.84828
-7.32403
-6.61186
-5.76383
-4.81896
-3.80634
-2.74767
-1.6595
-0.55492
-1.64286
-4.56608
-6.7372
-8.0993
-8.75926
-8.86886
-8.57051
-7.97927
-7.18201
-6.24203
-5.20456
-4.10155
-2.95562
-1.783
-0.595865
-1.87719
-5.22676
-7.69147
-9.19161
-9.86396
-9.90517
-9.49601
-8.7774
-7.85113
-6.78787
-5.63563
-4.42656
-3.18208
-1.91656
-0.639995
-2.3926
-6.50185
-9.3155
-10.8587
-11.4068
-11.2542
-10.6363
-9.71959
-8.61522
-7.3954
-6.10611
-4.77613
-3.42313
-2.05777
-0.686502
-3.37742
-8.67659
-11.8217
-13.2168
-13.4359
-12.9264
-11.9842
-10.7919
-9.45932
-8.05107
-6.6048
-5.14165
-3.67273
-2.20308
-0.734209
-5.37307
-12.3471
-15.5429
-16.3915
-15.9706
-14.8989
-13.5056
-11.9617
-10.3558
-8.73302
-7.11514
-5.51115
-3.92282
-2.34783
-0.781598
-9.98819
-18.6413
-20.8939
-20.4477
-18.9569
-17.0947
-15.1314
-13.1743
-11.2639
-9.41146
-7.61577
-5.86973
-4.16362
-2.48649
-0.826877
-22.4666
-29.38
-28.1189
-25.229
-22.2009
-19.3606
-16.7526
-14.3545
-12.1315
-10.0504
-8.08183
-6.20055
-4.38427
-2.61297
-0.868083
-61.3473
-45.7952
-36.475
-30.1059
-25.3143
-21.465
-18.2279
-15.4128
-12.9005
-10.611
-8.48723
-6.48618
-4.57367
-2.72108
-0.903233
-0.398897
-1.20147
-2.01871
-2.86155
-3.74283
-4.67863
-5.6903
-6.80789
-8.07634
-9.56737
-11.4039
-13.8167
-17.2946
-23.0402
-34.5985
-0.402009
-1.21162
-2.03841
-2.89519
-3.79709
-4.76305
-5.81808
-6.99696
-8.3505
-9.95646
-11.9391
-14.5044
-18.0011
-22.9855
-30.0477
-0.399513
-1.20456
-2.02804
-2.88361
-3.78718
-4.75823
-5.82175
-7.01106
-8.37195
-9.96858
-11.8909
-14.2603
-17.2191
-20.8518
-24.8851
-0.390989
-1.17901
-1.98551
-2.82396
-3.70966
-4.66074
-5.69938
-6.85329
-8.15735
-9.6547
-11.3952
-13.426
-15.7628
-18.3164
-20.7477
-0.376408
-1.13497
-1.91099
-2.71696
-3.56662
-4.4755
-5.46148
-6.54506
-7.74919
-9.09742
-10.6087
-12.2852
-14.0895
-15.9028
-17.4796
-0.356075
-1.07342
-1.80647
-2.5662
-3.36423
-4.21299
-5.12572
-6.116
-7.1966
-8.37666
-9.65617
-11.0164
-12.4063
-13.725
-14.8141
-0.330543
-0.996123
-1.67524
-2.37707
-3.11098
-3.88633
-4.71218
-5.59644
-6.5444
-7.55616
-8.62224
-9.71732
-10.7937
-11.7758
-12.5642
-0.300513
-0.905279
-1.52125
-2.15581
-2.81616
-3.509
-4.24
-5.01295
-5.82834
-6.6814
-7.55912
-8.43675
-9.27513
-10.0204
-10.6093
-0.266741
-0.803221
-1.34864
-1.90872
-2.48877
-3.09333
-3.7256
-4.38666
-5.07435
-5.78184
-6.49592
-7.19523
-7.84953
-8.421
-8.86886
-0.229967
-0.69222
-1.16135
-1.64163
-2.13683
-2.64984
-3.18221
-3.73343
-4.30018
-4.87535
-5.44714
-5.99832
-6.50631
-6.94478
-7.28692
-0.190868
-0.574332
-0.962885
-1.35961
-1.76706
-2.18698
-2.61985
-3.06447
-3.51729
-3.97193
-4.41865
-4.84419
-5.23218
-5.56441
-5.82311
-0.150037
-0.451336
-0.756233
-1.06684
-1.38483
-1.71114
-2.04575
-2.38723
-2.73247
-3.07625
-3.41112
-3.72738
-4.01354
-4.25727
-4.44689
-0.107971
-0.324724
-0.543842
-0.766681
-0.994251
-1.22703
-1.46477
-1.70625
-1.94906
-2.18943
-2.42213
-2.64058
-2.83722
-3.00413
-3.13395
-0.0650905
-0.19573
-0.327705
-0.461767
-0.598447
-0.737954
-0.880053
-1.02394
-1.1681
-1.31027
-1.44736
-1.57558
-1.69062
-1.78807
-1.86386
-1015.87
-1047.57
-1079.13
-1110.48
-1141.51
-1172.13
-1202.26
-1231.8
-1260.64
-1288.69
-1315.86
-1342.05
-1367.17
-1391.15
-1413.92
-59.3901
-43.8901
-34.9024
-29.0136
-24.7895
-21.56
-18.9785
-16.8491
-15.0522
-13.51
-12.1695
-10.9929
-9.95212
-9.02606
-8.19817
-7.45532
-6.78685
-6.184
-5.63944
-5.14699
-4.70137
-4.29805
-3.93308
-3.60302
-3.30486
-3.03596
-2.79397
-2.57685
-2.38276
-2.2101
-2.05747
-1.92362
-1.80749
-1.70814
-1.62479
-1.55678
-1.50357
-1.46475
-1.44002
-1.42916
-1.4321
-1.44886
-1.47957
-1.52444
-1.58383
-1.65819
-1.74809
-1.85421
-1.97737
-2.11852
-2.27872
-2.45923
-2.66142
-2.88686
-3.13729
-3.41466
-3.72112
-4.05908
-4.43119
-4.84039
-5.28995
-5.78348
-6.32499
-6.91892
-7.57022
-8.28442
-9.06768
-9.92693
-10.87
-11.9056
-13.044
-14.2967
-15.6771
-17.2008
-18.8862
-20.7555
-22.8355
-25.1591
-27.7679
-30.715
-34.0706
-37.9295
-42.425
-47.7519
-54.2105
-62.2927
-72.8682
-87.6197
-110.149
-149.03
-37.0812
-34.5373
-30.4649
-26.6417
-23.3829
-20.6524
-18.3532
-16.3962
-14.7112
-13.2455
-11.9596
-10.8232
-9.81303
-8.91079
-8.10187
-7.37438
-6.71857
-6.12628
-5.59064
-5.10581
-4.66676
-4.26912
-3.90911
-3.5834
-3.28907
-3.02355
-2.78454
-2.57004
-2.37827
-2.20766
-2.05681
-1.92452
-1.80972
-1.71151
-1.62912
-1.56188
-1.50928
-1.4709
-1.44645
-1.43572
-1.43864
-1.45522
-1.48559
-1.52997
-1.58871
-1.66226
-1.75116
-1.85612
-1.97792
-2.1175
-2.27593
-2.45443
-2.65437
-2.87729
-3.12492
-3.39917
-3.70218
-4.03631
-4.40417
-4.80867
-5.25302
-5.74078
-6.27587
-6.86266
-7.50601
-8.21131
-8.98458
-9.83258
-10.7629
-11.784
-12.9057
-14.1391
-15.4969
-16.994
-18.6476
-20.4783
-22.5107
-24.7746
-27.3066
-30.1529
-33.3717
-37.0387
-41.2534
-46.1481
-51.8983
-58.7277
-66.8799
-76.4444
-86.6289
-92.9666
-27.6414
-27.3841
-25.6672
-23.4562
-21.2143
-19.1228
-17.2346
-15.5506
-14.0536
-12.7217
-11.5338
-10.4712
-9.51805
-8.66074
-7.8879
-7.18987
-6.55847
-5.98666
-5.4684
-4.99845
-4.57224
-4.18578
-3.83553
-3.51839
-3.23162
-2.97275
-2.73964
-2.53035
-2.34317
-2.17659
-2.02929
-1.90007
-1.78794
-1.69199
-1.61148
-1.54579
-1.49439
-1.45689
-1.433
-1.42253
-1.4254
-1.44162
-1.47132
-1.51473
-1.57217
-1.64409
-1.73103
-1.83365
-1.95275
-2.08922
-2.24413
-2.41864
-2.61411
-2.83204
-3.0741
-3.34216
-3.6383
-3.96482
-4.32426
-4.71943
-5.15345
-5.62975
-6.15213
-6.72479
-7.3524
-8.04012
-8.79368
-9.61949
-10.5247
-11.5173
-12.6064
-13.802
-15.116
-16.5614
-18.1536
-19.9104
-21.8522
-24.0034
-26.3926
-29.0536
-32.0267
-35.3585
-39.102
-43.3116
-48.0308
-53.257
-58.8569
-64.3749
-68.6465
-69.2462
-22.1793
-22.3315
-21.5802
-20.3141
-18.8282
-17.2996
-15.8211
-14.4353
-13.1577
-11.9899
-10.927
-9.96134
-9.08465
-8.28871
-7.56586
-6.90914
-6.31227
-5.76967
-5.27636
-4.82789
-4.42031
-4.0501
-3.71411
-3.40952
-3.13382
-2.88476
-2.66032
-2.4587
-2.2783
-2.1177
-1.97562
-1.85097
-1.74277
-1.65017
-1.57246
-1.50905
-1.45943
-1.42324
-1.40018
-1.39009
-1.39288
-1.40857
-1.43728
-1.47924
-1.53475
-1.60425
-1.68826
-1.78743
-1.9025
-2.03437
-2.18403
-2.35263
-2.54147
-2.75197
-2.98577
-3.24465
-3.53061
-3.84585
-4.19281
-4.57417
-4.99289
-5.45226
-5.95587
-6.50769
-7.11211
-7.77397
-8.4986
-9.29192
-10.1605
-11.1116
-12.1532
-13.2945
-14.5454
-15.9172
-17.4225
-19.0755
-20.8918
-22.8891
-25.0865
-27.5047
-30.1646
-33.0851
-36.2785
-39.7406
-43.4327
-47.2473
-50.9511
-54.0992
-55.9508
-55.5286
-18.3715
-18.5796
-18.2336
-17.488
-16.5033
-15.4039
-14.2737
-13.164
-12.1036
-11.107
-10.1799
-9.32324
-8.53488
-7.81138
-7.1486
-6.54222
-5.98797
-5.48178
-5.01981
-4.59853
-4.21468
-3.86527
-3.5476
-3.2592
-2.99784
-2.76148
-2.54831
-2.35669
-2.18513
-2.03232
-1.89709
-1.7784
-1.67534
-1.58713
-1.5131
-1.45267
-1.40539
-1.3709
-1.34894
-1.33934
-1.34202
-1.35701
-1.38442
-1.42446
-1.47744
-1.54376
-1.62392
-1.71854
-1.82833
-1.95414
-2.09691
-2.25774
-2.43785
-2.63861
-2.86156
-3.10839
-3.38099
-3.68144
-4.01203
-4.3753
-4.77403
-5.21126
-5.69037
-6.21503
-6.78929
-7.41758
-8.10476
-8.85614
-9.67758
-10.5754
-11.5567
-12.6291
-13.8007
-15.0808
-16.4788
-18.0053
-19.6709
-21.4865
-23.4625
-25.6076
-27.9269
-30.4185
-33.0678
-35.8382
-38.6574
-41.3965
-43.8449
-45.6896
-46.5282
-45.9721
-15.4307
-15.6249
-15.4613
-15.0055
-14.3425
-13.5517
-12.696
-11.8209
-10.9569
-10.1231
-9.33094
-8.58618
-7.89118
-7.24607
-6.64961
-6.09975
-5.59402
-5.12976
-4.70427
-4.31488
-3.95905
-3.63438
-3.33859
-3.06961
-2.82551
-2.6045
-2.40498
-2.22547
-2.06466
-1.92134
-1.79444
-1.68303
-1.58626
-1.50341
-1.43386
-1.37709
-1.33267
-1.30027
-1.27965
-1.27064
-1.27319
-1.28731
-1.31312
-1.35082
-1.40068
-1.46309
-1.53852
-1.62756
-1.73086
-1.84922
-1.98353
-2.13482
-2.30423
-2.49304
-2.70269
-2.93475
-3.19099
-3.47334
-3.78393
-4.12509
-4.49941
-4.90968
-5.35897
-5.85064
-6.38835
-6.97606
-7.6181
-8.31914
-9.08424
-9.91884
-10.8288
-11.8202
-12.8996
-14.0739
-15.3499
-16.7342
-18.2333
-19.8523
-21.5943
-23.459
-25.4406
-27.5243
-29.6818
-31.8648
-33.9968
-35.9636
-37.607
-38.728
-39.113
-38.598
-13.0164
-13.1843
-13.1089
-12.8205
-12.3651
-11.7921
-11.1455
-10.4611
-9.76579
-9.07878
-8.41303
-7.77683
-7.17504
-6.61015
-6.08297
-5.59322
-5.13986
-4.72145
-4.33627
-3.98247
-3.65815
-3.36146
-3.09059
-2.84382
-2.61953
-2.4162
-2.23245
-2.06699
-1.91865
-1.78636
-1.66918
-1.56624
-1.47681
-1.40022
-1.33592
-1.28342
-1.24234
-1.21238
-1.19331
-1.185
-1.18739
-1.20049
-1.22442
-1.25935
-1.30554
-1.36337
-1.43325
-1.51572
-1.6114
-1.72102
-1.84541
-1.98551
-2.14236
-2.31716
-2.51122
-2.72599
-2.96307
-3.22425
-3.51146
-3.82682
-4.17268
-4.55155
-4.96619
-5.41961
-5.91502
-6.45594
-7.04609
-7.6895
-8.39042
-9.15335
-9.98296
-10.8841
-11.8615
-12.9201
-14.0642
-15.2975
-16.6226
-18.0404
-19.5488
-21.1415
-22.8065
-24.523
-26.2582
-27.9642
-29.5734
-30.9959
-32.1211
-32.8255
-32.9935
-32.5497
-10.9524
-11.0939
-11.0633
-10.8757
-10.5571
-10.1384
-9.64945
-9.11701
-8.56286
-8.00391
-7.45269
-6.91805
-6.40594
-5.92012
-5.46267
-5.03449
-4.63563
-4.26557
-3.92337
-3.60788
-3.31778
-3.05169
-2.80822
-2.586
-2.38371
-2.20009
-2.03397
-1.88424
-1.7499
-1.63003
-1.52378
-1.43042
-1.34927
-1.27976
-1.22138
-1.17371
-1.13642
-1.10921
-1.09191
-1.08438
-1.08657
-1.09851
-1.12029
-1.15207
-1.1941
-1.2467
-1.31026
-1.38527
-1.4723
-1.57199
-1.6851
-1.81248
-1.95508
-2.11397
-2.29034
-2.48549
-2.70088
-2.93808
-3.19884
-3.48505
-3.79878
-4.14228
-4.51796
-4.92845
-5.37655
-5.86525
-6.39775
-6.97738
-7.60764
-8.29213
-9.03449
-9.83829
-10.7069
-11.6435
-12.6502
-13.7287
-14.8788
-16.0982
-17.3818
-18.7202
-20.0985
-21.4945
-22.8768
-24.203
-25.4183
-26.456
-27.2406
-27.6952
-27.7546
-27.3813
-9.13363
-9.25106
-9.24355
-9.11917
-8.89333
-8.58543
-8.21591
-7.80405
-7.3667
-6.91781
-6.46839
-6.02675
-5.59896
-5.1892
-4.8002
-4.43355
-4.08997
-3.76959
-3.47209
-3.1968
-2.94291
-2.70944
-2.49535
-2.29959
-2.12112
-1.95891
-1.812
-1.67947
-1.56047
-1.45422
-1.36
-1.27716
-1.20514
-1.14343
-1.09159
-1.04926
-1.01614
-0.991978
-0.976617
-0.969945
-0.971918
-0.982557
-1.00195
-1.03023
-1.06764
-1.11444
-1.17099
-1.23773
-1.31514
-1.40382
-1.50443
-1.61771
-1.74452
-1.8858
-2.04259
-2.21604
-2.40744
-2.61816
-2.84973
-3.10381
-3.38219
-3.68681
-4.01977
-4.38328
-4.77973
-5.21164
-5.68163
-6.19245
-6.74687
-7.34768
-7.99761
-8.6992
-9.45465
-10.2657
-11.1331
-12.0568
-13.0349
-14.0635
-15.1359
-16.2414
-17.365
-18.4857
-19.5761
-20.6012
-21.5186
-22.2802
-22.8347
-23.1336
-23.1383
-22.8291
-7.49179
-7.58756
-7.59151
-7.50821
-7.34708
-7.12065
-6.84278
-6.52722
-6.18662
-5.83197
-5.47236
-5.11503
-4.76554
-4.42795
-4.10513
-3.79895
-3.5105
-3.2403
-2.98841
-2.75456
-2.53828
-2.33892
-2.15574
-1.98797
-1.83478
-1.69539
-1.56902
-1.45492
-1.35239
-1.26079
-1.17952
-1.10805
-1.04588
-0.992599
-0.947835
-0.911275
-0.882663
-0.861799
-0.848538
-0.842788
-0.844512
-0.853731
-0.870516
-0.894999
-0.927365
-0.96786
-1.01679
-1.07452
-1.14149
-1.2182
-1.30522
-1.4032
-1.51286
-1.63501
-1.77056
-1.92048
-2.08587
-2.26792
-2.46792
-2.68728
-2.92751
-3.19025
-3.47725
-3.79036
-4.13154
-4.50285
-4.90641
-5.34438
-5.81893
-6.33214
-6.88598
-7.48215
-8.12196
-8.80613
-9.53458
-10.3061
-11.1179
-11.9655
-12.8416
-13.736
-14.635
-15.5202
-16.369
-17.1539
-17.8431
-18.4022
-18.7966
-18.9949
-18.9738
-18.722
-5.97965
-6.05571
-6.0645
-6.00874
-5.89431
-5.72939
-5.52337
-5.28591
-5.02627
-4.75276
-4.47256
-4.19157
-3.91452
-3.645
-3.38567
-3.13839
-2.90436
-2.68425
-2.47836
-2.28667
-2.10892
-1.94474
-1.79362
-1.65499
-1.52826
-1.41281
-1.30804
-1.21338
-1.12826
-1.05218
-0.984645
-0.925226
-0.873531
-0.829214
-0.791974
-0.761556
-0.73775
-0.720392
-0.709362
-0.704587
-0.706038
-0.713731
-0.727727
-0.748135
-0.775112
-0.808861
-0.849636
-0.897745
-0.953547
-1.01746
-1.08996
-1.17157
-1.26292
-1.36466
-1.47753
-1.60236
-1.74004
-1.89155
-2.05795
-2.24039
-2.44012
-2.65845
-2.89681
-3.15669
-3.43964
-3.74729
-4.0813
-4.44331
-4.83496
-5.25775
-5.71304
-6.2019
-6.72501
-7.28247
-7.87364
-8.49684
-9.14911
-9.82584
-10.5204
-11.2238
-11.9241
-12.6067
-13.2536
-13.8438
-14.3544
-14.761
-15.0403
-15.1719
-15.1411
-14.9414
-4.5626
-4.62041
-4.63013
-4.59339
-4.51391
-4.397
-4.2489
-4.07626
-3.88558
-3.68292
-3.47361
-3.2622
-3.05239
-2.84713
-2.64865
-2.45855
-2.27795
-2.10755
-1.94769
-1.7985
-1.65987
-1.5316
-1.41335
-1.30473
-1.20533
-1.11469
-1.03238
-0.957958
-0.891003
-0.831125
-0.777955
-0.73116
-0.690438
-0.65552
-0.626174
-0.602201
-0.583438
-0.569759
-0.561069
-0.557312
-0.558466
-0.564544
-0.575595
-0.591706
-0.612998
-0.639634
-0.671814
-0.70978
-0.753814
-0.804244
-0.861446
-0.925839
-0.997899
-1.07815
-1.16718
-1.26562
-1.37417
-1.4936
-1.62475
-1.76849
-1.9258
-2.09769
-2.28526
-2.48965
-2.71203
-2.95364
-3.2157
-3.49942
-3.80596
-4.13638
-4.49157
-4.87214
-5.27838
-5.71007
-6.16634
-6.64551
-7.14483
-7.66026
-8.18626
-8.71548
-9.23863
-9.74435
-10.2193
-10.6482
-11.015
-11.3029
-11.4964
-11.5824
-11.5515
-11.3998
-3.21366
-3.25428
-3.26257
-3.23951
-3.18737
-3.10945
-3.00974
-2.89253
-2.76213
-2.62262
-2.47768
-2.3305
-2.18373
-2.03953
-1.89956
-1.76506
-1.63691
-1.51569
-1.40172
-1.29516
-1.19598
-1.10408
-1.01927
-0.941284
-0.869854
-0.804678
-0.745451
-0.691872
-0.643649
-0.600507
-0.562187
-0.528453
-0.49909
-0.473909
-0.452743
-0.435451
-0.421918
-0.412051
-0.405784
-0.403078
-0.403916
-0.408309
-0.416292
-0.427928
-0.443305
-0.462539
-0.485776
-0.513189
-0.544983
-0.581394
-0.622691
-0.669177
-0.721195
-0.77912
-0.843373
-0.914412
-0.99274
-1.0789
-1.1735
-1.27716
-1.39057
-1.51445
-1.64959
-1.79677
-1.95683
-2.13062
-2.31898
-2.52273
-2.74266
-2.97943
-3.23359
-3.50548
-3.79515
-4.1023
-4.42612
-4.76519
-5.11734
-5.47948
-5.84745
-6.2159
-6.57815
-6.92624
-7.25097
-7.54212
-7.78894
-7.98067
-8.1074
-8.16093
-8.13564
-8.0292
-1.91059
-1.9347
-1.94017
-1.92751
-1.89796
-1.85332
-1.79581
-1.72783
-1.65184
-1.57019
-1.48504
-1.39826
-1.31145
-1.22592
-1.14268
-1.06252
-0.985993
-0.913478
-0.845204
-0.781282
-0.721727
-0.66649
-0.615469
-0.568525
-0.525502
-0.486225
-0.450519
-0.418206
-0.389115
-0.363083
-0.339955
-0.319591
-0.301864
-0.28666
-0.273879
-0.263437
-0.255264
-0.249305
-0.245522
-0.243889
-0.244398
-0.247055
-0.251881
-0.258913
-0.268207
-0.279832
-0.293875
-0.310441
-0.329654
-0.351657
-0.376611
-0.4047
-0.43613
-0.471127
-0.509945
-0.552859
-0.600172
-0.652212
-0.709335
-0.771924
-0.840387
-0.915159
-0.996697
-1.08548
-1.18199
-1.28674
-1.40021
-1.52289
-1.65521
-1.79754
-1.95019
-2.1133
-2.28686
-2.47062
-2.66402
-2.86612
-3.07556
-3.29038
-3.50804
-3.72528
-3.93811
-4.14181
-4.33102
-4.49985
-4.64217
-4.75196
-4.82371
-4.85293
-4.83659
-4.77345
-1433.64
-1450.66
-1466.78
-1481.98
-1496.28
-1509.68
-1522.2
-1533.88
-1544.75
-1554.83
-1564.18
-1572.82
-1580.79
-1588.14
-1594.91
-1601.14
-1606.85
-1612.1
-1616.9
-1621.3
-1625.31
-1628.98
-1632.32
-1635.36
-1638.12
-1640.62
-1642.88
-1644.91
-1646.73
-1648.35
-1649.78
-1651.05
-1652.14
-1653.08
-1653.87
-1654.51
-1655.01
-1655.38
-1655.61
-1655.71
-1655.69
-1655.52
-1655.23
-1654.81
-1654.24
-1653.53
-1652.68
-1651.67
-1650.5
-1649.16
-1647.64
-1645.92
-1644.01
-1641.87
-1639.49
-1636.87
-1633.96
-1630.77
-1627.25
-1623.39
-1619.15
-1614.51
-1609.42
-1603.86
-1597.78
-1591.14
-1583.88
-1575.95
-1567.31
-1557.88
-1547.61
-1536.41
-1524.23
-1510.96
-1496.54
-1480.87
-1463.86
-1445.4
-1425.41
-1403.78
-1380.41
-1355.2
-1328.05
-1298.88
-1267.61
-1234.18
-1198.52
-1160.62
-1120.45
-1078.03
-86.6896
-57.4987
-42.9211
-34.0651
-27.9164
-23.2508
-19.4881
-16.3177
-13.5561
-11.0864
-8.8287
-6.72508
-4.73108
-2.81051
-0.932234
-75.2306
-57.3888
-44.7663
-35.8944
-29.3835
-24.3624
-20.314
-16.9259
-14.001
-11.4088
-9.05863
-6.88432
-4.83489
-2.86899
-0.951104
-62.2641
-52.0588
-42.86
-35.3623
-29.3605
-24.5007
-20.4793
-17.0708
-14.1129
-11.4889
-9.11259
-6.91859
-4.85512
-2.8794
-0.954288
-51.8848
-45.7213
-39.2521
-33.3336
-28.195
-23.8001
-20.0315
-16.7646
-13.8907
-11.321
-8.98413
-6.82224
-4.78754
-2.83918
-0.94092
-43.693
-39.6891
-35.0927
-30.5246
-26.2854
-22.4727
-19.0816
-16.0651
-13.3641
-10.9202
-8.68055
-6.59862
-4.63354
-2.74883
-0.911119
-37.0182
-34.2486
-30.9047
-27.3863
-23.949
-20.7233
-17.7568
-15.05
-12.5802
-10.315
-8.21911
-6.25807
-4.39911
-2.61143
-0.865839
-31.3889
-29.3821
-26.8906
-24.1663
-21.4004
-18.7143
-16.1719
-13.7976
-11.5916
-9.54024
-7.62274
-5.81536
-4.09335
-2.43192
-0.806639
-26.4997
-24.9997
-23.109
-20.9875
-18.7718
-16.5613
-14.4185
-12.3768
-10.4483
-8.63148
-6.91615
-5.28722
-3.72695
-2.21624
-0.735422
-22.1484
-21.0074
-19.5576
-17.9025
-16.1378
-14.3403
-12.5639
-10.8425
-9.19319
-7.62111
-6.12306
-4.69036
-3.31094
-1.97065
-0.654214
-18.1953
-17.3235
-16.2114
-14.9267
-13.5365
-12.0978
-10.6543
-9.23597
-7.86071
-6.5366
-5.26452
-4.04016
-2.85574
-1.70116
-0.564983
-14.5389
-13.8798
-13.0373
-12.0564
-10.9834
-9.85985
-8.71927
-7.58629
-6.47696
-5.39998
-4.35818
-3.34998
-2.37065
-1.41326
-0.469538
-11.1024
-10.6193
-10.0013
-9.27804
-8.48084
-7.63883
-6.77655
-5.91286
-5.06079
-4.22811
-3.41819
-2.6309
-1.86357
-1.11166
-0.369453
-7.8243
-7.49359
-7.07042
-6.5735
-6.02295
-5.43796
-4.83515
-4.22773
-3.62516
-3.03343
-2.45549
-1.89183
-1.34104
-0.800347
-0.266053
-4.65334
-4.46026
-4.21322
-3.92253
-3.59944
-3.25483
-2.89833
-2.53768
-2.17863
-1.82491
-1.47849
-1.13987
-0.808409
-0.482623
-0.160459
-1028.91
-972.2
-912.498
-849.967
-784.804
-717.227
-647.467
-575.764
-502.36
-427.496
-351.41
-274.333
-196.493
-118.111
-39.4062
)
;

boundaryField
{
    hot
    {
        type            calculated;
        value           nonuniform List<scalar> 
120
(
1008.72
0.0388208
0.0647084
0.0905921
0.116435
0.142178
0.167729
0.192966
0.217756
0.241967
0.265494
0.288285
0.310372
0.331877
0.35301
0.372269
0.389837
0.407539
0.425369
0.443217
0.460866
0.478005
0.494265
0.50926
0.522628
0.534067
0.543346
0.55031
0.554871
0.556991
0.556682
0.554
0.549046
0.541966
0.532944
0.522199
0.509973
0.496522
0.482106
0.466973
0.45135
0.435428
0.419357
0.403246
0.387165
0.371153
0.355222
0.339361
0.323543
0.307726
0.291864
0.275907
0.259813
0.243548
0.227085
0.2104
0.19347
0.176274
0.158787
0.140993
0.122878
0.104442
0.0856947
0.0666614
0.0473822
0.0279133
0.00832668
-0.0112913
-0.0308432
-0.050224
-0.0693242
-0.088033
-0.106239
-0.123832
-0.140702
-0.156744
-0.171863
-0.185976
-0.199022
-0.210963
-0.221786
-0.231495
-0.240114
-0.247679
-0.254242
-0.259873
-0.264663
-0.268729
-0.272212
-0.275281
-0.278138
-0.281013
-0.284173
-0.287903
-0.292498
-0.298228
-0.305303
-0.313835
-0.323801
-0.335013
-0.34711
-0.359564
-0.371706
-0.382776
-0.39198
-0.398897
-0.402009
-0.399513
-0.390989
-0.376408
-0.356075
-0.330543
-0.300513
-0.266741
-0.229967
-0.190868
-0.150037
-0.107971
-0.0650905
-1015.87
)
;
    }
    cold
    {
        type            calculated;
        value           nonuniform List<scalar> 
120
(
41.571
0.178844
0.296397
0.411297
0.522211
0.627566
0.725517
0.81396
0.890599
0.953073
0.999154
1.02701
1.03548
1.02433
0.994444
0.952884
0.904247
0.847877
0.785998
0.720843
0.654505
0.58882
0.525297
0.465091
0.409008
0.35754
0.310911
0.269137
0.232071
0.19946
0.170979
0.146267
0.124952
0.106668
0.0910659
0.0778241
0.0666506
0.0572854
0.0495006
0.0430988
0.0379113
0.0337962
0.0306352
0.0283313
0.0268054
0.025994
0.0258452
0.0263155
0.0273652
0.0289541
0.0310354
0.0335497
0.0364179
0.0395339
0.0427578
0.0459106
0.0487711
0.0510778
0.0525364
0.0528339
0.0516599
0.048733
0.0438284
0.0368032
0.0276134
0.0163192
0.00307805
-0.0118735
-0.0282443
-0.0457153
-0.0639632
-0.0826797
-0.101583
-0.120424
-0.13899
-0.157106
-0.17464
-0.191499
-0.207638
-0.22306
-0.237808
-0.251968
-0.26566
-0.279035
-0.292279
-0.305613
-0.319294
-0.333623
-0.348936
-0.365609
-0.38405
-0.404689
-0.427971
-0.454323
-0.484117
-0.51762
-0.55492
-0.595865
-0.639995
-0.686502
-0.734209
-0.781598
-0.826877
-0.868083
-0.903233
-0.932234
-0.951104
-0.954288
-0.94092
-0.911119
-0.865839
-0.806639
-0.735422
-0.654214
-0.564983
-0.469538
-0.369453
-0.266053
-0.160459
-39.4062
)
;
    }
    interface_left
    {
        type            calculated;
        value           nonuniform List<scalar> 
90
(
12.4262
4.97203
2.74574
2.1924
2.43958
3.58344
6.76879
16.159
46.931
47.0843
16.6695
7.8336
5.75072
7.30962
14.9091
41.3158
41.3434
15.0286
7.68875
6.97307
11.9904
31.6102
31.4009
11.2609
5.29609
3.72881
4.39667
8.49556
23.0591
22.9853
8.25668
3.92585
2.84717
3.49997
6.97333
19.1886
19.12
6.75062
3.05857
2.01264
2.20251
4.08174
10.9515
10.8833
3.8651
1.79623
1.32545
1.89748
4.69845
4.57294
1.47685
0.431057
-0.101782
-0.697643
-2.02814
-6.10991
-6.22152
-2.39336
-1.43319
-1.52487
-2.58571
-5.99977
-17.2963
-17.3662
-6.22798
-3.04305
-2.4035
-3.28105
-6.94189
-19.4678
-19.486
-7.00098
-3.39834
-2.62629
-3.50722
-7.36536
-20.678
-20.6153
-7.1528
-3.04935
-1.65713
-1.14126
-0.963543
-0.96276
-1.11048
-1.46487
-2.23369
-4.05374
-9.01202
-24.494
)
;
    }
    interface_right
    {
        type            calculated;
        value           nonuniform List<scalar> 
90
(
67.7841
24.7774
10.9454
5.79902
3.53735
2.37377
1.69443
1.25973
0.963121
0.751309
0.594944
0.476587
0.385256
0.313706
0.256978
0.211571
0.174952
0.145248
0.121049
0.101277
0.0851024
0.0718746
0.061085
0.0523332
0.0453053
0.0397571
0.0355034
0.0324093
0.0303863
0.0293902
0.0294229
0.0305376
0.0328498
0.036556
0.0419638
0.0495433
0.060013
0.0744902
0.0947666
0.123844
0.167059
0.234655
0.348323
0.55961
1.00718
2.11031
5.26766
15.5085
18.4677
9.08452
3.18893
1.19416
0.29189
-0.47013
-1.88574
-6.01594
-6.15747
-2.34903
-1.40262
-1.50442
-2.5731
-5.99359
-17.2957
-17.3708
-6.23756
-3.05778
-2.42375
-3.30741
-6.97519
-19.5092
-19.5369
-7.06307
-3.47398
-2.71836
-3.61938
-7.50229
-20.8458
-20.8218
-7.40876
-3.36931
-2.06162
-1.66023
-1.64286
-1.87719
-2.3926
-3.37742
-5.37307
-9.98819
-22.4666
-61.3473
)
;
    }
    interface_top
    {
        type            calculated;
        value           nonuniform List<scalar> 
90
(
-75.5436
-49.0219
-36.7903
-29.8388
-25.2155
-21.8114
-19.1419
-16.9625
-15.1346
-13.5717
-12.2168
-11.0296
-9.98091
-9.04871
-8.21596
-7.46918
-6.79749
-6.19195
-5.64513
-5.15075
-4.70348
-4.29872
-3.9325
-3.60134
-3.30222
-3.03247
-2.78974
-2.57195
-2.37728
-2.20411
-2.05103
-1.91679
-1.80032
-1.70069
-1.6171
-1.54889
-1.49553
-1.4566
-1.43179
-1.42091
-1.42386
-1.44066
-1.47145
-1.51644
-1.576
-1.65056
-1.74071
-1.84713
-1.97063
-2.11216
-2.27282
-2.45382
-2.65658
-2.88265
-3.13378
-3.41193
-3.71926
-4.05818
-4.43135
-4.84174
-5.29261
-5.78759
-6.33071
-6.92643
-7.57973
-8.29617
-9.08194
-9.94402
-10.8903
-11.9296
-13.0722
-14.3298
-15.7159
-17.2463
-18.9399
-20.819
-22.9112
-25.2502
-27.8789
-30.8525
-34.2443
-38.155
-42.7283
-48.1807
-54.8602
-63.3805
-74.9586
-92.3793
-123.057
-189.623
)
;
    }
    interface_bottom
    {
        type            calculated;
        value           nonuniform List<scalar> 
90
(
36.976
24.0128
17.9509
14.4424
12.0613
10.2706
8.83447
7.63319
6.59813
5.68607
4.86767
4.12183
3.43259
2.78727
2.17535
1.58766
1.01583
0.451768
-0.11276
-0.686664
-1.28017
-1.90572
-2.57945
-3.32352
-4.17052
-5.17205
-6.41733
-8.07841
-10.5329
-14.7351
-23.4489
-45.6458
37.9401
15.5857
6.54
1.7926
-1.49411
-4.41445
-7.6286
-11.9439
-19.0741
-33.7999
-71.5385
72.4929
34.7831
20.1191
13.0941
8.94839
6.0127
3.58058
1.24576
-1.37076
-4.86821
-10.6133
-22.4666
-52.9009
63.8124
33.4957
21.882
16.5087
13.5331
11.6185
10.2182
9.04992
7.90634
6.54306
4.51981
0.785023
-7.67082
-30.6046
61.8045
39.1507
31.2601
28.3863
27.5369
27.6846
28.4231
29.5527
30.9226
32.3094
33.1734
31.8965
23.071
80.8076
74.3461
78.2358
88.2511
105.726
138.182
210.159
)
;
    }
    defaultFaces
    {
        type            empty;
    }
}


// ************************************************************************* //
