/*--------------------------------*- C++ -*----------------------------------*\
| =========                 |                                                 |
| \\      /  F ield         | OpenFOAM: The Open Source CFD Toolbox           |
|  \\    /   O peration     | Version:  5.x                                   |
|   \\  /    A nd           | Web:      www.OpenFOAM.org                      |
|    \\/     M anipulation  |                                                 |
\*---------------------------------------------------------------------------*/
FoamFile
{
    version     2.0;
    format      ascii;
    class       volScalarField;
    location    "16.7";
    object      gradTy;
}
// * * * * * * * * * * * * * * * * * * * * * * * * * * * * * * * * * * * * * //

dimensions      [0 -1 0 1 0 0 0];

internalField   nonuniform List<scalar> 
6300
(
1004.78
1014.32
1023.81
1033.24
1042.56
1051.76
1060.79
1069.64
1078.28
1086.68
1094.81
1102.65
1110.18
1117.38
1124.25
0.0213693
0.0641004
0.106799
0.149418
0.191867
0.233994
0.275558
0.316206
0.355445
0.392623
0.426924
0.457391
0.482973
0.502611
0.51536
0.0356235
0.106865
0.178081
0.249211
0.320128
0.390606
0.460273
0.528567
0.594688
0.657554
0.715786
0.767728
0.81153
0.845301
0.867329
0.0498817
0.149654
0.249443
0.349206
0.448817
0.548014
0.646342
0.743082
0.837164
0.927097
1.01092
1.08618
1.1501
1.19972
1.23231
0.0641268
0.192422
0.320822
0.449344
0.577905
0.706273
0.833982
0.960232
1.08376
1.20273
1.31457
1.41596
1.50294
1.57114
1.61639
0.0783293
0.235075
0.392068
0.549423
0.707164
0.865164
1.02305
1.18007
1.3349
1.48545
1.62861
1.76011
1.87449
1.96544
2.02664
0.0924427
0.277475
0.46294
0.649097
0.836141
1.02414
1.21296
1.40205
1.59027
1.7755
1.95428
2.12133
2.2694
2.38944
2.47174
0.106405
0.319429
0.533103
0.747861
0.964128
1.18228
1.40254
1.62486
1.84857
2.07196
2.29159
2.50146
2.69224
2.85107
2.96279
0.120147
0.360722
0.602162
0.845091
1.0902
1.33825
1.59003
1.84622
2.10712
2.37209
2.63856
2.90057
3.14692
3.35966
3.51477
0.133602
0.40114
0.669712
0.940113
1.2133
1.49046
1.77305
2.0628
2.36153
2.67063
2.98989
3.31522
3.63506
3.92573
4.1489
0.146718
0.44051
0.735412
1.03232
1.33239
1.63718
1.94884
2.27033
2.60548
2.95891
3.33499
3.73522
4.15221
4.55913
4.89665
0.159475
0.478756
0.799081
1.12133
1.44671
1.77696
2.11475
2.46409
2.83106
3.2244
3.65582
4.1383
4.67928
5.26179
5.80569
0.171895
0.515941
0.860799
1.20718
1.55609
1.90916
2.26901
2.64014
3.03013
3.45168
3.92542
4.48273
5.16465
6.00289
6.94176
0.184054
0.552297
0.920968
1.29044
1.66128
2.03449
2.41192
2.79722
3.1975
3.62662
4.11131
4.70238
5.49352
6.64311
8.33463
0.196071
0.588206
0.980305
1.37229
1.76406
2.15552
2.54687
2.9392
3.33589
3.74584
4.19069
4.72181
5.46376
6.7411
9.5176
1130.22
1135.41
1140.34
1145.04
1149.51
1153.74
1157.75
1161.56
1165.18
1168.61
1171.88
1175.01
1178
1180.87
1183.65
1186.34
1188.97
1191.54
1194.08
1196.6
1199.11
1201.63
1204.17
1206.74
1209.35
1212.02
1214.74
1217.53
1220.39
1223.32
1226.32
1229.4
1232.54
1235.75
1239.03
1242.36
1245.74
1249.16
1252.61
1256.08
1259.56
1263.04
1266.49
1269.91
1273.28
1276.58
1279.79
1282.91
1285.91
1288.78
1291.51
1294.06
1296.44
1298.62
1300.57
1302.29
1303.74
1304.89
1305.74
1306.23
1306.36
1306.08
1305.37
1304.18
1302.49
1300.25
1297.42
1293.96
1289.8
1284.9
1279.2
1272.62
1265.11
1256.58
1246.96
1236.18
1224.14
1210.76
1195.96
1179.65
1161.73
1142.12
1120.75
1097.52
1072.38
1045.26
1016.13
984.952
951.72
916.443
0.520086
0.518887
0.512187
0.500175
0.483216
0.461816
0.436575
0.408139
0.377157
0.344245
0.309967
0.274819
0.239226
0.203549
0.168089
0.133104
0.0988219
0.0654554
0.033216
0.00232718
-0.026966
-0.0543911
-0.0796478
-0.102414
-0.122361
-0.139172
-0.152576
-0.162372
-0.168465
-0.170877
-0.169748
-0.165316
-0.157861
-0.147651
-0.134876
-0.119614
-0.101831
-0.081412
-0.0582407
-0.032278
-0.0036408
0.0273556
0.0602066
0.0942825
0.128938
0.163637
0.198068
0.232209
0.266335
0.300975
0.336814
0.374579
0.414925
0.458333
0.505069
0.555175
0.608538
0.66498
0.724384
0.7868
0.852513
0.922071
0.996256
1.07602
1.16237
1.25631
1.35868
1.47013
1.59104
1.72149
1.86136
2.0103
2.16783
2.33337
2.50623
2.68556
2.8703
3.05897
3.24962
3.43962
3.62566
3.80361
3.96866
4.11547
4.23837
4.3318
4.39071
4.41102
4.39004
4.32679
0.875571
0.873596
0.862136
0.841538
0.812471
0.775852
0.732758
0.684332
0.631711
0.575961
0.518039
0.458779
0.398884
0.338938
0.279426
0.220754
0.163278
0.107329
0.0532399
0.00136742
-0.0478892
-0.0940765
-0.136684
-0.175152
-0.208897
-0.23735
-0.260005
-0.276486
-0.286604
-0.290398
-0.288143
-0.280308
-0.267462
-0.25014
-0.228722
-0.203341
-0.173876
-0.140028
-0.101466
-0.0580038
-0.00977131
0.0426928
0.0984446
0.156262
0.214869
0.273197
0.330618
0.38708
0.44312
0.499764
0.55834
0.620246
0.686718
0.758645
0.836462
0.920151
1.00936
1.10361
1.20254
1.3061
1.41475
1.52943
1.65156
1.78287
1.92523
2.08043
2.25003
2.43518
2.63652
2.85417
3.08783
3.33682
3.6003
3.8773
4.16674
4.46739
4.77762
5.09523
5.41715
5.73918
6.05579
6.36006
6.64372
6.8974
7.1111
7.27487
7.37956
7.4177
7.38433
7.27756
1.24465
1.24192
1.2252
1.19506
1.15256
1.09918
1.03659
0.966544
0.890756
0.810792
0.728033
0.643652
0.558616
0.473708
0.38956
0.30669
0.225544
0.146535
0.070084
-0.00334569
-0.0732175
-0.138901
-0.199662
-0.254671
-0.303036
-0.343855
-0.376303
-0.399742
-0.413827
-0.418607
-0.414551
-0.402497
-0.383485
-0.358509
-0.328257
-0.292931
-0.252216
-0.205417
-0.151729
-0.0905838
-0.0219796
0.0533109
0.133723
0.217119
0.301212
0.384072
0.464558
0.542566
0.619041
0.695778
0.775079
0.859345
0.950666
1.05049
1.15941
1.27718
1.40293
1.53552
1.67401
1.81809
1.96829
2.12607
2.29366
2.47382
2.66958
2.88381
3.119
3.37691
3.65849
3.96381
4.29219
4.64248
5.0133
5.40329
5.81112
6.23538
6.67428
7.12526
7.5845
8.04649
8.50366
8.94617
9.3619
9.73684
10.0557
10.303
10.4642
10.5273
10.4842
10.3318
1.63383
1.63039
1.6076
1.56636
1.50834
1.43577
1.35116
1.25705
1.15584
1.04968
0.940407
0.82952
0.71822
0.607445
0.49792
0.390215
0.284807
0.182136
0.0826593
-0.0130964
-0.104488
-0.190721
-0.270826
-0.343661
-0.40794
-0.462308
-0.50547
-0.536357
-0.554342
-0.559427
-0.552362
-0.534591
-0.507983
-0.47436
-0.434982
-0.390164
-0.339204
-0.280611
-0.212614
-0.133791
-0.0437012
0.05667
0.164818
0.277086
0.389447
0.498479
0.602177
0.700372
0.794697
0.88821
0.984779
1.0884
1.20249
1.32934
1.46972
1.62285
1.78678
1.95903
2.13754
2.32136
2.51104
2.7087
2.91774
3.14244
3.38742
3.65713
3.95533
4.28467
4.64639
5.04033
5.4651
5.91864
6.39878
6.90367
7.4319
7.98235
8.55362
9.14346
9.74794
10.3608
10.9727
11.5708
12.1389
12.6571
13.1034
13.455
13.69
13.7898
13.7416
13.5402
2.05073
2.04664
2.0165
1.96174
1.88499
1.78963
1.67932
1.55768
1.42796
1.29298
1.15503
1.01591
0.877008
0.739328
0.603608
0.470387
0.340089
0.213101
0.0898429
-0.0291607
-0.143213
-0.251388
-0.35248
-0.444988
-0.527127
-0.596912
-0.652319
-0.691561
-0.713439
-0.71775
-0.705596
-0.679421
-0.642591
-0.598512
-0.549551
-0.496259
-0.437198
-0.36937
-0.289113
-0.193249
-0.0802599
0.0487953
0.189946
0.336879
0.482432
0.620519
0.747671
0.863692
0.971464
1.07617
1.18426
1.30229
1.43587
1.58863
1.76159
1.95292
2.15854
2.37344
2.59336
2.8161
3.04221
3.27483
3.51917
3.78173
4.06954
4.38932
4.74672
5.14567
5.58779
6.07231
6.59645
7.15638
7.74849
8.37027
9.02055
9.69916
10.4061
11.1404
11.8992
12.6763
13.4613
14.2387
14.9873
15.6805
16.2874
16.7748
17.1102
17.2652
17.2194
16.9641
2.50496
2.50031
2.46076
2.3887
2.28835
2.16489
2.0237
1.86981
1.70754
1.54043
1.3712
1.20188
1.03392
0.868287
0.705602
0.54626
0.390524
0.238619
0.0908279
-0.0524211
-0.190464
-0.322308
-0.446548
-0.561294
-0.66415
-0.752258
-0.822487
-0.871803
-0.897866
-0.899817
-0.879056
-0.839627
-0.787675
-0.729733
-0.670396
-0.610707
-0.547863
-0.476074
-0.388138
-0.277431
-0.140022
0.0234293
0.206666
0.398573
0.586076
0.758211
0.909092
1.03879
1.15253
1.25916
1.3693
1.49368
1.64148
1.8187
2.02686
2.26226
2.5168
2.78049
3.04493
3.30584
3.56385
3.82392
4.09417
4.38449
4.70544
5.06712
5.47809
5.94428
6.46792
7.04704
7.67602
8.34753
9.05524
9.79557
10.5682
11.3749
12.2188
13.1018
14.0236
14.98
15.9606
16.9478
17.9153
18.8279
19.643
20.313
20.7897
21.0292
20.9987
20.6824
3.00923
3.00411
2.95169
2.85626
2.72484
2.56554
2.38626
2.19388
1.99397
1.79077
1.58735
1.38577
1.18736
0.992874
0.802665
0.616832
0.435337
0.258116
0.0851828
-0.0832626
-0.246719
-0.404252
-0.554353
-0.694787
-0.822467
-0.933403
-1.02282
-1.08558
-1.11706
-1.11464
-1.07945
-1.01792
-0.941439
-0.863021
-0.791811
-0.729759
-0.671474
-0.606092
-0.520024
-0.400139
-0.237369
-0.0305247
0.210794
0.466496
0.711726
0.926378
1.10089
1.23671
1.34372
1.43695
1.53368
1.6512
1.80454
2.00407
2.25272
2.54385
2.86169
3.18626
3.50139
3.79954
4.08229
4.35817
4.64004
4.94293
5.28246
5.67369
6.12971
6.65992
7.26792
7.9497
8.69405
9.48629
10.3147
11.1741
12.0662
12.997
13.9747
15.0068
16.0981
17.2484
18.45
19.6848
20.9217
22.1153
23.207
24.1291
24.8102
25.1819
25.1889
24.8021
3.58152
3.57586
3.50444
3.37551
3.20136
2.9949
2.76764
2.52877
2.28513
2.04145
1.80083
1.56509
1.33516
1.11132
0.89345
0.681188
0.474033
0.271483
0.0731271
-0.12123
-0.311437
-0.496827
-0.676
-0.846559
-1.0048
-1.14544
-1.26145
-1.34429
-1.385
-1.37653
-1.31768
-1.21765
-1.0979
-0.985837
-0.899945
-0.843297
-0.805214
-0.765803
-0.700508
-0.584506
-0.398094
-0.134041
0.194278
0.549558
0.881464
1.1524
1.34844
1.47616
1.55482
1.60974
1.66821
1.75719
1.90115
2.11877
2.41747
2.787
3.1969
3.60567
3.98231
4.31545
4.61065
4.88382
5.15569
5.44862
5.78508
6.18698
6.67449
7.26357
7.96163
8.76226
9.64307
10.573
11.5294
12.5057
13.5083
14.5515
15.6522
16.8266
18.0876
19.4429
20.8914
22.4185
23.9904
25.5494
27.015
28.292
29.2761
29.8595
29.9459
29.4764
4.24919
4.2422
4.1399
3.9598
3.72431
3.45416
3.16569
2.87054
2.57637
2.28781
2.00738
1.73616
1.47428
1.22127
0.976292
0.738321
0.506243
0.278959
0.0554722
-0.165004
-0.382916
-0.598171
-0.809862
-1.01587
-1.21229
-1.39275
-1.54761
-1.66345
-1.72353
-1.71076
-1.61499
-1.44555
-1.24307
-1.07076
-0.965753
-0.92989
-0.940658
-0.962577
-0.953799
-0.870046
-0.670405
-0.329886
0.139143
0.666472
1.13919
1.48645
1.69456
1.78644
1.80029
1.7776
1.75903
1.78422
1.89192
2.11694
2.48041
2.97222
3.53396
4.07155
4.52606
4.88618
5.17091
5.4115
5.64121
5.89181
6.19369
6.5772
7.0732
7.71049
8.50784
9.45955
10.5216
11.6215
12.7157
13.7994
14.8921
16.0234
17.2239
18.5216
19.9414
21.5032
23.2195
25.0878
27.0778
29.118
31.0945
32.8768
34.3188
35.2526
35.5034
34.94
5.05807
5.04566
4.8873
4.62376
4.29705
3.93963
3.57317
3.2107
2.85931
2.52224
2.20048
1.8936
1.60047
1.31949
1.0489
0.786833
0.531423
0.280848
0.0333743
-0.212573
-0.458311
-0.704727
-0.951987
-1.19904
-1.44282
-1.67697
-1.89001
-2.06293
-2.16701
-2.16453
-2.01842
-1.72108
-1.34483
-1.05882
-0.932046
-0.949382
-1.0601
-1.20363
-1.31513
-1.32255
-1.14567
-0.710886
-5.85496e-05
0.861897
1.57744
2.02075
2.20791
2.20892
2.0982
1.93934
1.78662
1.69222
1.71357
1.91554
2.35834
3.05653
3.90555
4.65682
5.20548
5.56522
5.79448
5.95456
6.09638
6.26088
6.48443
6.80514
7.26815
7.92661
8.83143
9.99768
11.3451
12.6779
13.9169
15.0796
16.22
17.3953
18.6549
20.0405
21.59
23.3405
25.3285
27.5812
30.0922
32.7779
35.4528
37.9512
40.0927
41.6287
42.2326
41.585
6.09596
6.05909
5.78594
5.37848
4.91382
4.43798
3.97478
3.53482
3.12149
2.73456
2.37203
2.03119
1.70907
1.4027
1.10918
0.825716
0.549611
0.278248
0.00906703
-0.260443
-0.532719
-0.810052
-1.09438
-1.38689
-1.68715
-1.99153
-2.29013
-2.56146
-2.76386
-2.82505
-2.63954
-2.11017
-1.31659
-0.817535
-0.690798
-0.834378
-1.13227
-1.49072
-1.82629
-2.04038
-1.99228
-1.48934
-0.356868
1.26814
2.40765
2.92381
2.98922
2.79223
2.46538
2.09221
1.73018
1.4335
1.27509
1.3673
1.86848
2.92358
4.41781
5.53375
6.15678
6.43203
6.51752
6.52382
6.51876
6.54479
6.63514
6.82809
7.18151
7.78787
8.77841
10.2747
12.1896
13.8691
15.2279
16.3916
17.4973
18.6455
19.9041
21.3232
22.9489
24.8355
27.0558
29.7022
32.8548
36.453
40.0648
43.5387
46.7381
49.3464
50.7635
50.1607
7.56668
7.41247
6.87767
6.21532
5.54648
4.91795
4.3428
3.82048
3.34562
2.91168
2.51233
2.1418
1.795
1.46743
1.15501
0.854043
0.561024
0.272571
-0.0146921
-0.304241
-0.599752
-0.905192
-1.22488
-1.56343
-1.92542
-2.31426
-2.72937
-3.15905
-3.56387
-3.84063
-3.75564
-2.87956
-0.864114
-0.0400052
-0.0601835
-0.497051
-1.11712
-1.81063
-2.51221
-3.1356
-3.49364
-3.17417
-1.42279
2.37354
4.13552
4.47594
4.14837
3.56255
2.8993
2.2291
1.57971
0.975791
0.475843
0.230263
0.581098
2.15835
5.47484
7.12043
7.60888
7.57207
7.35457
7.10943
6.89637
6.7361
6.63818
6.61998
6.73072
7.09594
7.99712
9.94912
13.3729
15.5219
16.8198
17.7869
18.7133
19.7366
20.922
22.3081
23.9319
25.8501
28.1691
31.0941
34.9754
40.1082
44.8749
49.5211
54.2343
58.779
62.2024
62.3962
10.0772
9.31367
8.15278
7.06131
6.12087
5.32082
4.63455
4.03759
3.51061
3.03884
2.61095
2.21808
1.85313
1.5102
1.18425
0.870828
0.565779
0.265111
-0.0352193
-0.339504
-0.652521
-0.979837
-1.32823
-1.70624
-2.12499
-2.59912
-3.14758
-3.79236
-4.54822
-5.37703
-6.01082
-5.28956
1.30386
1.95325
1.17041
0.104069
-0.996237
-2.11889
-3.31069
-4.61287
-5.97052
-6.92088
-5.43348
6.40829
7.91021
6.98976
5.67922
4.4442
3.34305
2.33588
1.36365
0.368275
-0.689756
-1.76566
-2.47239
-1.11149
8.93776
10.3731
9.81709
8.97202
8.23116
7.64858
7.19773
6.83742
6.52622
6.22601
5.91329
5.63207
5.70245
7.50385
16.3917
18.4
18.8875
19.2404
19.7894
20.5938
21.6507
22.9504
24.4904
26.287
28.4093
31.1085
35.2935
44.2897
49.858
55.4061
61.9725
69.8253
78.2907
83.4149
15.9681
11.7867
9.32765
7.68956
6.49288
5.55968
4.79755
4.15381
3.59601
3.10274
2.6591
2.25415
1.87952
1.5285
1.19548
0.875569
0.564258
0.25721
-0.0499953
-0.362125
-0.684617
-1.02404
-1.3888
-1.79026
-2.24467
-2.77679
-3.42689
-4.26552
-5.42727
-7.19399
-10.217
-16.1552
12.0313
6.00891
2.80928
0.754155
-0.843062
-2.32741
-3.95001
-6.01001
-9.03361
-14.1776
-24.3542
25.3323
15.1729
10.0651
7.10121
5.13301
3.65145
2.3924
1.18098
-0.148892
-1.82946
-4.29299
-8.50304
-16.8924
24.8045
16.4931
12.4414
10.2217
8.87975
7.99798
7.3687
6.86801
6.39845
5.85008
5.05059
3.66197
0.915249
-5.14583
29.3167
23.4678
21.1489
20.4113
20.4977
21.0869
22.0296
23.2463
24.6794
26.2547
27.8186
28.9832
28.6828
53.4071
54.8697
59.8239
67.8574
79.9889
99.1894
132.914
875.421
827.847
777.571
724.748
669.557
612.199
552.884
491.829
429.253
365.373
300.403
234.549
168.016
101.001
33.699
4.21161
4.03038
3.80112
3.53339
3.23748
2.92328
2.59947
2.27305
1.94908
1.63086
1.32002
1.0169
0.720758
0.430118
0.142974
7.08101
6.77058
6.37792
5.92031
5.41614
4.88284
4.33543
3.78572
3.24215
2.70992
2.1915
1.68708
1.19516
0.712981
0.23696
10.0464
9.59298
9.01964
8.35376
7.62391
6.85651
6.07368
5.29228
4.52386
3.77517
3.04894
2.34475
1.6598
0.989675
0.328838
13.1538
12.5352
11.7538
10.8511
9.86919
8.84557
7.81047
6.78584
5.78585
4.81796
3.88435
2.98315
2.10962
1.25706
0.417548
16.458
15.64
14.6091
13.4276
12.156
10.846
9.5367
8.25472
7.0157
5.82648
4.68734
3.59386
2.53843
1.5114
0.501834
20.0277
18.9575
17.6148
16.0938
14.481
12.8455
11.2354
9.68052
8.19568
6.78489
5.44466
4.16651
2.93885
1.74825
0.580223
23.9529
22.5472
20.7984
18.8513
16.8287
14.8193
12.8787
11.036
9.30145
7.67269
6.13987
4.68864
3.30219
1.96251
0.651031
28.3571
26.48
24.1802
21.6842
19.163
16.7241
14.4239
12.2833
10.3012
8.46442
6.75344
5.14596
3.61876
2.14857
0.712421
33.4172
30.8354
27.7581
24.5423
21.4148
18.4901
15.8094
13.3718
11.1555
9.13023
7.26342
5.52294
3.87827
2.30059
0.762499
39.3973
35.6856
31.4739
27.3118
23.4632
20.0121
16.9519
14.2388
11.8185
9.63747
7.64698
5.80407
4.07077
2.413
0.799478
46.7018
41.0351
35.1398
29.7673
25.1138
21.1428
17.7468
14.8129
12.2423
9.95402
7.88287
5.97555
4.18769
2.48116
0.821884
55.8994
46.6129
38.2827
31.5034
26.0818
21.6981
18.0797
15.0235
12.3834
10.0534
7.95483
6.02749
4.22325
2.50203
0.828777
67.295
51.2339
39.8743
31.8813
26.0115
21.488
17.85
14.8178
12.2142
9.92109
7.85553
5.95629
4.17575
2.4749
0.819965
77.1657
51.1523
38.099
30.1354
24.5945
20.3923
17.0143
14.1833
11.7344
9.56114
7.58982
5.76633
4.04854
2.40183
0.796141
0.207082
0.621122
1.03473
1.44741
1.85836
2.2663
2.66935
3.06504
3.45061
3.82429
4.18883
4.56039
4.99042
5.61885
6.80411
0.21718
0.651353
1.08487
1.51696
1.94627
2.37052
2.78595
3.18656
3.56294
3.90071
4.17797
4.36001
4.38127
4.06421
2.72792
0.227403
0.682026
1.13598
1.58839
2.03764
2.4808
2.91277
3.3248
3.70199
4.01908
4.23316
4.27114
4.00692
3.21726
1.51241
0.237748
0.713148
1.18814
1.66199
2.13319
2.59879
3.05336
3.48713
3.88267
4.20887
4.41052
4.39201
3.9974
3.00574
1.2135
0.248154
0.744541
1.24106
1.7374
2.23259
2.72437
3.20829
3.67592
4.11142
4.48504
4.74062
4.77394
4.4024
3.35009
1.35538
0.2585
0.775828
1.29407
1.81358
2.33429
2.85533
3.37446
3.88692
4.38305
4.84307
5.22492
5.43692
5.28003
4.34881
1.99447
0.268613
0.806463
1.34617
1.88889
2.43571
2.98754
3.54515
4.10914
4.67968
5.25527
5.82695
6.35599
6.69522
6.33571
3.76864
0.278286
0.835794
1.39614
1.96133
2.53358
3.11564
3.71131
4.32669
4.97268
5.67007
6.4584
7.40676
8.59545
9.85544
8.99426
0.287302
0.863135
1.44272
2.02881
2.62459
3.23422
3.86368
4.52284
5.22988
6.0216
6.97851
8.29043
10.446
14.8479
26.1136
0.295456
0.887848
1.48476
2.0895
2.70594
3.33895
3.99532
4.6856
5.42811
6.25827
7.25188
8.58806
10.7361
15.0736
26.2028
0.302576
0.9094
1.52132
2.14204
2.77572
3.42737
4.1033
4.81196
5.56534
6.38127
7.28715
8.32165
9.50556
10.5823
9.291
0.308526
0.927387
1.55175
2.18551
2.83295
3.49884
4.18844
4.90715
5.65896
6.44166
7.23292
7.95124
8.3492
7.73518
4.38637
0.313213
0.941533
1.5756
2.21943
2.87731
3.55376
4.25326
4.97921
5.73097
6.49595
7.22915
7.80308
7.89539
6.78702
3.24825
0.316575
0.951666
1.59263
2.24354
2.9087
3.5926
4.29961
5.03321
5.79366
6.57213
7.33578
7.98919
8.27517
7.52646
4.16403
0.318584
0.957699
1.60271
2.2577
2.92702
3.61528
4.32738
5.06844
5.84368
6.65845
7.51874
8.43028
9.37325
10.0808
8.52807
0.319233
0.959617
1.60581
2.26186
2.93211
3.62131
4.33493
5.07981
5.8661
6.71299
7.6659
8.84935
10.6346
14.2044
23.6582
0.318542
0.957478
1.60203
2.25612
2.92397
3.61029
4.32064
5.06227
5.84631
6.69375
7.65273
8.85031
10.6563
14.2417
23.6821
0.316556
0.951419
1.59159
2.24076
2.90293
3.58248
4.28451
5.01515
5.78234
6.59688
7.47368
8.42854
9.44202
10.2127
8.62391
0.313345
0.941653
1.57485
2.21634
2.86974
3.53899
4.22839
4.94252
5.68532
6.45662
7.24021
7.96583
8.39612
7.82189
4.43985
0.309005
0.928467
1.55232
2.1836
2.82549
3.48141
4.155
4.84984
5.56835
6.30768
7.04683
7.70799
8.04759
7.38077
4.07348
0.303647
0.912211
1.5246
2.14343
2.77143
3.41149
4.06674
4.7406
5.43677
6.15869
6.90743
7.67327
8.39775
8.77311
7.06788
0.297402
0.893276
1.49237
2.09685
2.70893
3.33094
3.96545
4.61576
5.28718
5.99091
6.75597
7.66711
8.99013
11.6101
18.6944
0.290405
0.872085
1.45636
2.04494
2.63947
3.24161
3.85308
4.47615
5.11503
5.78039
6.50289
7.37474
8.68163
11.3465
18.5792
0.282799
0.84907
1.41734
1.98884
2.56468
3.14573
3.73257
4.32542
4.92437
5.53008
6.14591
6.78006
7.42985
7.91066
6.66525
0.274719
0.824651
1.37603
1.92968
2.4862
3.04575
3.60777
4.17036
4.72888
5.27263
5.77605
6.17436
6.29522
5.67335
3.14355
0.266288
0.799208
1.33311
1.8685
2.40556
2.94398
3.48249
4.018
4.54351
5.04306
5.47904
5.76118
5.67624
4.76084
2.23103
0.257612
0.773062
1.28914
1.80611
2.32392
2.84207
3.35921
3.87249
4.37607
4.8575
5.28873
5.60277
5.6338
4.96935
2.66028
0.248773
0.74646
1.24453
1.74308
2.242
2.7408
3.23853
3.73363
4.22389
4.70669
5.17965
5.64078
6.07419
6.31985
5.18076
0.239831
0.719578
1.19955
1.67977
2.1601
2.6402
3.1196
3.59804
4.07681
4.56259
5.07864
5.69792
6.64482
8.63182
14.1056
0.230823
0.692524
1.15436
1.61633
2.07831
2.54004
3.00124
3.46212
3.92478
4.39737
4.90581
5.52743
6.493
8.52222
14.0643
0.221772
0.66536
1.10906
1.55286
1.99665
2.44017
2.88304
3.32488
3.76575
4.20717
4.65427
5.11793
5.60237
5.9729
5.0472
0.212684
0.638103
1.06366
1.48936
1.91514
2.34071
2.76548
3.18823
3.60623
4.01292
4.39111
4.69388
4.79072
4.3236
2.3971
0.203556
0.610739
1.01812
1.42579
1.83372
2.24174
2.64926
3.05479
3.45449
3.83836
4.18022
4.41273
4.3706
3.68765
1.73841
0.194373
0.583222
0.97237
1.36199
1.75221
2.14306
2.53435
2.92532
3.31367
3.69289
4.04515
4.32219
4.39539
3.93097
2.14051
0.185115
0.555483
0.926266
1.29775
1.67022
2.04403
2.41961
2.79761
3.17909
3.56605
3.96221
4.37312
4.79341
5.09506
4.27212
0.175757
0.527444
0.879658
1.23278
1.58726
1.94372
2.30314
2.66741
3.04065
3.43274
3.86894
4.41744
5.27371
7.04
11.7656
0.166275
0.499027
0.832399
1.16684
1.5029
1.8413
2.18323
2.5309
2.88904
3.26874
3.69756
4.24794
5.12193
6.92967
11.7239
0.156648
0.470169
0.784376
1.09976
1.41687
1.7364
2.05929
2.38705
2.7224
3.07055
3.44168
3.85359
4.32158
4.74524
4.13644
0.146861
0.440824
0.73552
1.03145
1.32913
1.62911
1.9319
2.23788
2.5468
2.85632
3.1574
3.42021
3.5519
3.27769
1.8712
0.136902
0.410961
0.68579
0.961897
1.23977
1.51983
1.80226
2.08661
2.37072
2.64788
2.89963
3.07781
3.06402
2.59636
1.22808
0.126762
0.380555
0.635156
0.891095
1.14887
1.40887
1.67125
1.93546
2.19939
2.45702
2.69287
2.86864
2.89125
2.54042
1.34038
0.116431
0.349578
0.583579
0.818998
1.05639
1.29624
1.53891
1.78446
2.0324
2.28122
2.52776
2.76578
2.97773
3.07413
2.48093
0.105901
0.318001
0.531002
0.745516
0.96217
1.18161
1.40453
1.63177
1.86475
2.10695
2.36851
2.68096
3.14437
4.08666
6.6552
0.09516
0.285791
0.477362
0.67053
0.865996
1.06454
1.26711
1.47503
1.69066
1.91918
2.17385
2.49124
2.97838
3.96977
6.61257
0.0842012
0.252921
0.422603
0.593933
0.767662
0.944651
1.12594
1.31291
1.50757
1.71322
1.93557
2.18357
2.46214
2.70595
2.3454
0.0730202
0.219375
0.36669
0.515657
0.667047
0.821748
0.980802
1.14541
1.3168
1.49561
1.67944
1.8546
1.96999
1.86176
1.08529
0.0616186
0.185158
0.309622
0.435686
0.564116
0.695803
0.831779
0.973161
1.12085
1.27448
1.42928
1.56711
1.63307
1.48159
0.793293
0.0500054
0.150294
0.251434
0.354061
0.45891
0.566862
0.67898
0.796508
0.920735
1.05251
1.19087
1.32947
1.44711
1.47415
1.12508
0.038198
0.114834
0.192208
0.270884
0.351537
0.435012
0.522406
0.615181
0.715355
0.825942
0.952242
1.10636
1.32401
1.72788
2.77705
0.0262233
0.078857
0.132072
0.186327
0.242193
0.300427
0.36208
0.428697
0.502725
0.58844
0.694264
0.839118
1.07156
1.53341
2.69915
0.0141177
0.042474
0.0712112
0.100646
0.131198
0.163457
0.198292
0.23705
0.281964
0.336958
0.409157
0.511025
0.659746
0.850097
0.864134
0.00192756
0.0058248
0.00986279
0.0141844
0.0190115
0.0246912
0.031768
0.041115
0.0541903
0.073519
0.103429
0.150377
0.219007
0.289192
0.239023
-0.0102922
-0.0309231
-0.051684
-0.0726299
-0.0937693
-0.115048
-0.136338
-0.157417
-0.177934
-0.197275
-0.21414
-0.22534
-0.222825
-0.188146
-0.0889611
-0.0224798
-0.0675811
-0.113103
-0.15931
-0.206453
-0.254782
-0.304592
-0.356342
-0.410878
-0.469791
-0.535648
-0.610583
-0.686998
-0.71028
-0.471625
-0.0345688
-0.103947
-0.174045
-0.245339
-0.318312
-0.393483
-0.471496
-0.55333
-0.640779
-0.737479
-0.85085
-0.99479
-1.18806
-1.41431
-1.34358
-0.0464903
-0.139811
-0.234153
-0.330199
-0.42864
-0.530207
-0.635742
-0.746411
-0.864246
-0.993579
-1.14482
-1.34472
-1.66622
-2.32453
-4.0325
-0.0581749
-0.174965
-0.293076
-0.413391
-0.536792
-0.664167
-0.796414
-0.934504
-1.07972
-1.23445
-1.40497
-1.61019
-1.91045
-2.5058
-4.10199
-0.069553
-0.209199
-0.350464
-0.494432
-0.642177
-0.794733
-0.953015
-1.11764
-1.28855
-1.46434
-1.641
-1.80962
-1.94973
-1.99199
-1.57098
-0.0805552
-0.242304
-0.40597
-0.572843
-0.74421
-0.921309
-1.1052
-1.29638
-1.49398
-1.69361
-1.88257
-2.02883
-2.05692
-1.79986
-0.929477
-0.0911132
-0.274073
-0.459243
-0.648123
-0.842248
-1.04316
-1.25229
-1.47066
-1.69797
-1.93026
-2.15378
-2.33006
-2.3621
-2.03361
-0.974471
-0.10116
-0.304303
-0.50993
-0.719751
-0.935562
-1.15927
-1.39294
-1.63869
-1.89848
-2.17295
-2.45774
-2.73141
-2.9176
-2.77473
-1.63736
-0.110635
-0.332804
-0.557696
-0.787207
-1.02337
-1.26846
-1.52517
-1.79695
-2.08875
-2.40843
-2.76939
-3.19346
-3.70156
-4.20641
-3.7845
-0.119482
-0.359408
-0.602245
-0.850029
-1.10496
-1.36956
-1.6469
-1.94128
-2.25962
-2.61519
-3.03716
-3.59709
-4.48772
-6.2816
-10.8948
-0.12766
-0.383985
-0.643349
-0.907871
-1.17983
-1.46177
-1.75677
-2.06892
-2.4046
-2.77581
-3.20905
-3.77099
-4.64652
-6.39878
-10.9396
-0.135138
-0.406444
-0.680859
-0.960535
-1.24773
-1.5449
-1.8547
-2.18017
-2.52487
-2.89329
-3.29151
-3.72706
-4.19638
-4.57935
-3.93069
-0.141899
-0.426736
-0.714706
-1.00796
-1.3087
-1.61921
-1.94171
-2.27802
-2.62861
-2.99001
-3.34799
-3.65959
-3.80613
-3.47622
-1.93057
-0.147936
-0.444844
-0.744873
-1.05015
-1.36286
-1.68518
-2.0191
-2.36592
-2.72479
-3.08905
-3.43662
-3.70667
-3.74667
-3.2173
-1.53838
-0.153252
-0.460776
-0.77138
-1.08717
-1.41032
-1.74305
-2.08749
-2.44539
-2.81719
-3.1996
-3.57902
-3.91342
-4.08253
-3.75662
-2.11689
-0.157856
-0.474561
-0.794271
-1.11906
-1.45111
-1.79275
-2.14649
-2.51516
-2.90216
-3.31217
-3.75262
-4.23489
-4.76208
-5.20822
-4.4968
-0.161767
-0.486252
-0.81362
-1.14589
-1.48521
-1.83401
-2.19509
-2.57216
-2.9711
-3.40354
-3.89708
-4.5251
-5.49781
-7.4636
-12.6281
-0.165014
-0.495932
-0.829554
-1.16779
-1.51272
-1.86669
-2.23252
-2.61392
-3.01673
-3.45242
-3.94807
-4.57586
-5.5438
-7.49748
-12.6411
-0.167639
-0.503725
-0.842268
-1.18502
-1.53391
-1.89112
-2.25911
-2.64075
-3.03946
-3.45959
-3.90722
-4.3903
-4.90515
-5.31599
-4.53916
-0.169701
-0.509803
-0.852042
-1.19797
-1.54931
-1.90801
-2.27616
-2.65567
-3.04727
-3.4476
-3.84166
-4.1826
-4.33862
-3.95918
-2.20206
-0.171274
-0.514387
-0.859239
-1.20713
-1.55957
-1.9183
-2.28527
-2.66215
-3.04894
-3.43989
-3.81293
-4.10324
-4.14386
-3.55901
-1.70312
-0.172451
-0.517754
-0.86431
-1.21311
-1.56542
-1.92284
-2.28746
-2.6617
-3.04764
-3.44456
-3.84158
-4.19718
-4.38337
-4.04143
-2.28076
-0.173345
-0.520241
-0.867803
-1.21664
-1.56768
-1.92234
-2.28291
-2.65307
-3.03867
-3.44908
-3.8989
-4.4087
-4.98955
-5.509
-4.8034
-0.174092
-0.522254
-0.87039
-1.21863
-1.56739
-1.91769
-2.27167
-2.63365
-3.01243
-3.42616
-3.91447
-4.57081
-5.63826
-7.8272
-13.5074
-0.174851
-0.524276
-0.872887
-1.22022
-1.56601
-1.91046
-2.2548
-2.60252
-2.96185
-3.35137
-3.81329
-4.44734
-5.50805
-7.72079
-13.4642
-0.175799
-0.526852
-0.876253
-1.22286
-1.56553
-1.90325
-2.23555
-2.56327
-2.89023
-3.22625
-3.59249
-4.02749
-4.5777
-5.16239
-4.65787
-0.177121
-0.530563
-0.881541
-1.22821
-1.56844
-1.89977
-2.21942
-2.5245
-2.81224
-3.0801
-3.32387
-3.52753
-3.62333
-3.36028
-1.97037
-0.178995
-0.535972
-0.889802
-1.238
-1.5775
-1.90435
-2.21337
-2.4977
-2.748
-2.9506
-3.08303
-3.10241
-2.91807
-2.34066
-1.05425
-0.181567
-0.543556
-0.901952
-1.25382
-1.59532
-1.92126
-2.2244
-2.49449
-2.71682
-2.86976
-2.92063
-2.81869
-2.48572
-1.81333
-0.70902
-0.184929
-0.553621
-0.918619
-1.27679
-1.62391
-1.95397
-2.25834
-2.5244
-2.73377
-2.85975
-2.86427
-2.69534
-2.28901
-1.58591
-0.581638
-0.189098
-0.566238
-0.940004
-1.30742
-1.6643
-2.00449
-2.31883
-2.59362
-2.80856
-2.93402
-2.92829
-2.73681
-2.29833
-1.56761
-0.564661
-0.193995
-0.581185
-0.965777
-1.34534
-1.71623
-2.0729
-2.40672
-2.70435
-2.94544
-3.09931
-3.12123
-2.94975
-2.51052
-1.73833
-0.635427
-0.199442
-0.597923
-0.995025
-1.38923
-1.77802
-2.15715
-2.51967
-2.85428
-3.1428
-3.35616
-3.44839
-3.34854
-2.95387
-2.13867
-0.822805
-0.205164
-0.615603
-1.02626
-1.43687
-1.84647
-2.25288
-2.65194
-3.03615
-3.39228
-3.69705
-3.90884
-3.95198
-3.68917
-2.88665
-1.23914
-0.210805
-0.633119
-1.0575
-1.48518
-1.91709
-2.35367
-2.79448
-3.23743
-3.67732
-4.1024
-4.48629
-4.76778
-4.79919
-4.22135
-2.23234
-0.215951
-0.649181
-1.08643
-1.53051
-1.98442
-2.45147
-2.93545
-3.44076
-3.97255
-4.53622
-5.13474
-5.75711
-6.33216
-6.53598
-4.94461
-0.220169
-0.662436
-1.1106
-1.56899
-2.04258
-2.53747
-3.06154
-3.62561
-4.2455
-4.9457
-5.7665
-6.7792
-8.12264
-10.0972
-13.4192
54.4413
40.6035
32.2405
26.4927
22.1607
18.6882
15.7838
13.2774
11.0608
9.06
7.22103
5.5027
3.87176
2.30014
0.762949
19.8944
25.9327
24.7029
22.0352
19.267
16.6934
14.3547
12.2287
10.2813
8.47918
6.79257
5.19557
3.66529
2.18114
0.72407
8.78527
16.3091
18.1635
17.6474
16.238
14.5355
12.7777
11.0559
9.40089
7.81806
6.30184
4.84206
3.42676
2.04332
0.678983
4.65291
10.6224
13.2701
13.8797
13.4125
12.4158
11.1756
9.83653
8.47025
7.11064
5.77186
4.45764
3.16607
1.8922
0.629472
2.83741
7.24247
9.79189
10.8596
10.9545
10.4651
9.64201
8.63601
7.53492
6.38868
5.22478
4.05746
2.89307
1.73335
0.577324
1.90364
5.15112
7.34258
8.51502
8.90225
8.74611
8.23536
7.50144
6.63089
5.67894
4.68004
3.6552
2.61682
1.5719
0.524216
1.35861
3.79307
5.60088
6.71565
7.22724
7.27328
6.98363
6.46169
5.78333
5.00175
4.15329
3.26232
2.34508
1.41238
0.471621
1.00991
2.87018
4.34041
5.33511
5.87546
6.03351
5.89315
5.53051
5.0074
4.37097
3.65601
2.88767
2.08407
1.25843
0.420748
0.772027
2.21811
3.41012
4.27003
4.7891
5.00093
4.95696
4.71073
4.31012
3.79471
3.19577
2.53747
1.83835
1.11282
0.372524
0.602169
1.74246
2.71043
3.44162
3.91606
4.14595
4.1612
3.99812
3.69253
3.27641
2.77673
2.2156
1.61094
0.977468
0.327596
0.476784
1.38645
2.17516
2.79148
3.21279
3.43999
3.48924
3.38443
3.15167
2.81612
2.40035
1.92393
1.40354
0.853494
0.286358
0.38188
1.11443
1.75957
2.27675
2.64431
2.85757
2.92425
2.85956
2.68217
2.4115
2.06607
1.66278
1.21672
0.741381
0.248992
0.308647
0.903102
1.43284
1.86589
2.18295
2.37692
2.45047
2.41292
2.27743
2.05879
1.77196
1.43131
1.05022
0.641101
0.21551
0.251271
0.736705
1.17324
1.53557
1.80705
1.97988
2.05381
2.03429
1.93043
1.7534
1.5152
1.2279
0.90319
0.552251
0.185795
0.205775
0.60426
0.965157
1.26832
1.49965
1.65149
1.72204
1.7142
1.63421
1.49047
1.29254
1.05047
0.774361
0.474171
0.159643
0.16935
0.497913
0.797161
1.05095
1.24744
1.37954
1.4447
1.4442
1.38225
1.26516
1.10052
0.896662
0.662248
0.406044
0.136795
0.139964
0.411919
0.660726
0.873363
1.03993
1.15407
1.21295
1.21685
1.16858
1.07286
0.935727
0.764064
0.565262
0.346972
0.116961
0.116113
0.341996
0.549404
0.727766
0.86881
0.966955
1.01936
1.02572
0.987857
0.909316
0.794902
0.650306
0.481805
0.296037
0.0998408
0.0966656
0.2849
0.458249
0.608078
0.727478
0.811599
0.857749
0.865284
0.835371
0.770674
0.675028
0.553142
0.410335
0.25234
0.0851407
0.0807571
0.238138
0.383423
0.509517
0.610639
0.682606
0.722944
0.730848
0.707033
0.653516
0.573372
0.470501
0.34941
0.215032
0.0725801
0.0677184
0.199775
0.321921
0.428292
0.51404
0.57557
0.610655
0.618433
0.599316
0.554842
0.487494
0.400509
0.297707
0.18333
0.0618994
0.0570265
0.168291
0.271371
0.361386
0.434255
0.486895
0.517325
0.524689
0.509202
0.47205
0.415247
0.341496
0.254041
0.156524
0.052863
0.0482703
0.14249
0.229891
0.306383
0.368515
0.413638
0.440007
0.446808
0.43413
0.402898
0.354765
0.291998
0.21736
0.133982
0.0452602
0.041125
0.121424
0.195985
0.26135
0.314582
0.353401
0.376274
0.382449
0.371939
0.34548
0.304441
0.250742
0.186744
0.115151
0.0389059
0.0353342
0.104342
0.168461
0.22474
0.270655
0.304235
0.324134
0.329671
0.320822
0.298182
0.262907
0.216636
0.161402
0.0995496
0.0336389
0.0306963
0.0906527
0.146381
0.195325
0.235292
0.264565
0.281964
0.286881
0.279277
0.259655
0.229007
0.18875
0.140655
0.0867652
0.029321
0.0270553
0.0798986
0.129012
0.17214
0.207353
0.233139
0.24846
0.252783
0.246076
0.228783
0.201776
0.166306
0.12393
0.0764483
0.0258346
0.0242939
0.071734
0.115797
0.15445
0.185959
0.208976
0.22259
0.226341
0.220224
0.204652
0.180422
0.148656
0.110749
0.0683055
0.0230809
0.0223294
0.0659132
0.106339
0.141718
0.170458
0.191342
0.203565
0.206751
0.200934
0.186532
0.164297
0.135268
0.100716
0.0620935
0.0209776
0.0211109
0.0622843
0.100385
0.133595
0.160412
0.179719
0.190813
0.193408
0.187604
0.17385
0.152889
0.125714
0.0935098
0.0576118
0.0194569
0.0206203
0.0607885
0.0978245
0.129909
0.155579
0.173796
0.183961
0.185895
0.179793
0.166168
0.145794
0.119649
0.0888672
0.0546966
0.018463
0.0208741
0.0614669
0.0987013
0.130675
0.155919
0.173462
0.182822
0.183959
0.177202
0.163171
0.142705
0.116803
0.0865762
0.053213
0.0179497
0.0219298
0.0644763
0.10323
0.136112
0.161605
0.178808
0.18739
0.187502
0.17966
0.16464
0.143388
0.116957
0.0864619
0.0530477
0.0178779
0.023897
0.0701186
0.111834
0.146676
0.173046
0.190137
0.197837
0.196565
0.187099
0.170432
0.147664
0.119933
0.0883724
0.0541007
0.0182125
0.0269556
0.0788888
0.125208
0.163122
0.190926
0.207983
0.214511
0.211314
0.199535
0.180458
0.155385
0.125564
0.0921641
0.0562748
0.0189196
0.0313872
0.0915555
0.144418
0.186584
0.216266
0.233137
0.237932
0.232019
0.217036
0.194645
0.166399
0.133677
0.0976824
0.0594656
0.0199622
0.037628
0.109293
0.171054
0.21871
0.250499
0.266672
0.268786
0.259019
0.239675
0.212894
0.180518
0.14406
0.104742
0.0635484
0.0212967
0.0463612
0.133908
0.207479
0.261852
0.295569
0.309964
0.307884
0.292663
0.267475
0.235026
0.197467
0.156425
0.1131
0.0683645
0.022868
0.058688
0.168223
0.257232
0.31933
0.354052
0.364688
0.3561
0.333222
0.300312
0.260703
0.21683
0.170373
0.122436
0.0737071
0.024605
0.0764582
0.216789
0.325667
0.395812
0.42925
0.432755
0.41423
0.380739
0.337794
0.289336
0.237984
0.185347
0.132318
0.0793071
0.0264164
0.102967
0.28719
0.420992
0.497773
0.525224
0.51611
0.482743
0.434808
0.379095
0.319974
0.260025
0.200589
0.142187
0.0848215
0.028187
0.144549
0.392598
0.555905
0.63398
0.646576
0.616295
0.561359
0.494265
0.42275
0.351178
0.281706
0.215109
0.151332
0.0898268
0.0297761
0.214633
0.556845
0.749993
0.815643
0.797682
0.733591
0.648405
0.556776
0.466431
0.380915
0.301383
0.227668
0.158895
0.0938207
0.0310185
0.345167
0.824596
1.0326
1.05535
0.980798
0.865521
0.739912
0.618382
0.506744
0.406485
0.317012
0.23679
0.163888
0.0962348
0.031729
0.622155
1.28081
1.44383
1.36262
1.19216
1.00461
0.82857
0.673101
0.539141
0.424553
0.32621
0.240824
0.165232
0.0964615
0.0317113
1.30583
2.0812
2.02462
1.73182
1.41537
1.13566
0.902924
0.712866
0.558071
0.431326
0.326401
0.238051
0.161834
0.0938946
0.0307712
3.26467
3.45927
2.76942
2.11739
1.61302
1.23408
0.947616
0.728122
0.557504
0.422936
0.315072
0.226847
0.152685
0.0879812
0.0287325
9.62256
5.45145
3.4879
2.40035
1.72355
1.26823
0.945778
0.709414
0.531885
0.395988
0.290097
0.20587
0.136964
0.0782773
0.0254549
11.3706
5.91047
3.59795
2.398
1.68022
1.21008
0.884133
0.649829
0.47734
0.34819
0.25007
0.174248
0.114144
0.0644989
0.0208484
5.51646
4.1835
2.93527
2.06076
1.46488
1.05176
0.758821
0.547296
0.392685
0.278831
0.194551
0.131706
0.0840564
0.0465559
0.0148847
1.93417
2.39757
2.013
1.52996
1.12259
0.809962
0.576943
0.405221
0.279713
0.188925
0.12414
0.0786072
0.0469184
0.0245634
0.00759989
0.716378
1.20044
1.15907
0.946556
0.714477
0.512849
0.352478
0.231038
0.14262
0.0809543
0.0403554
0.0158907
0.0032964
-0.00117436
-0.000909999
0.157379
0.368153
0.423957
0.376711
0.285196
0.187067
0.100963
0.03391
-0.0130598
-0.041652
-0.0546376
-0.0550714
-0.0459683
-0.0302011
-0.0105003
-0.329416
-0.356529
-0.239609
-0.162409
-0.139506
-0.147078
-0.163792
-0.17717
-0.181506
-0.1751
-0.15835
-0.132658
-0.0998614
-0.0619595
-0.0209934
-1.2549
-1.18123
-0.875598
-0.663824
-0.543051
-0.474879
-0.430867
-0.39453
-0.357413
-0.315732
-0.268271
-0.215177
-0.1573
-0.0958457
-0.0321951
-3.97444
-2.16701
-1.4464
-1.10204
-0.910062
-0.785903
-0.692606
-0.612427
-0.536484
-0.460375
-0.382104
-0.301018
-0.217221
-0.131256
-0.0439099
-4.06302
-2.39801
-1.75589
-1.43442
-1.22997
-1.07549
-0.945226
-0.827373
-0.715662
-0.606512
-0.497889
-0.388737
-0.278645
-0.167626
-0.0559529
-1.54475
-1.91862
-1.84269
-1.68551
-1.51514
-1.34824
-1.18922
-1.03804
-0.893048
-0.752274
-0.614034
-0.477104
-0.340711
-0.204446
-0.068157
-0.912317
-1.75157
-1.98586
-1.94575
-1.79788
-1.61551
-1.42774
-1.2444
-1.06749
-0.896264
-0.72926
-0.565092
-0.402684
-0.241281
-0.0803773
-0.964157
-2.00461
-2.31956
-2.28079
-2.10454
-1.8865
-1.66317
-1.44626
-1.23797
-1.03731
-0.842505
-0.651849
-0.463954
-0.277766
-0.0924929
-1.63255
-2.76143
-2.89885
-2.71126
-2.44019
-2.16111
-1.89412
-1.64211
-1.40313
-1.17427
-0.952857
-0.73668
-0.524031
-0.31361
-0.104408
-3.7844
-4.20669
-3.70379
-3.19964
-2.78135
-2.4273
-2.11463
-1.82888
-1.56122
-1.30605
-1.05956
-0.819048
-0.582555
-0.348604
-0.116053
-10.899
-6.29438
-4.50953
-3.62834
-3.07786
-2.66469
-2.31642
-2.00304
-1.71062
-1.43178
-1.16209
-0.898617
-0.639304
-0.382621
-0.127386
-10.948
-6.42376
-4.68764
-3.8273
-3.27896
-2.85698
-2.49393
-2.16262
-1.85056
-1.55113
-1.26028
-0.975286
-0.694216
-0.415625
-0.138397
-3.94334
-4.61686
-4.25746
-3.80952
-3.39225
-3.00829
-2.64936
-2.30878
-1.9817
-1.66449
-1.35437
-1.04922
-0.747397
-0.447677
-0.149104
-1.94778
-3.52716
-3.8887
-3.77037
-3.48233
-3.14216
-2.79201
-2.44553
-2.10594
-1.77289
-1.445
-1.12082
-0.799108
-0.478925
-0.159557
-1.56065
-3.28312
-3.85311
-3.849
-3.60854
-3.28292
-2.93205
-2.57744
-2.22561
-1.87769
-1.53304
-1.19068
-0.849746
-0.509601
-0.169831
-2.1449
-3.83934
-4.21612
-4.09171
-3.79381
-3.44115
-3.07465
-2.70736
-2.34253
-1.98017
-1.61946
-1.25954
-0.899824
-0.540007
-0.180026
-4.53146
-5.31052
-4.92711
-4.4548
-4.01705
-3.60892
-3.21775
-2.83554
-2.45769
-2.08149
-1.7053
-1.32824
-0.949958
-0.570519
-0.190269
-12.6706
-7.58889
-5.69974
-4.79381
-4.21966
-3.76484
-3.35456
-2.96063
-2.57167
-2.18276
-1.79172
-1.39776
-1.00088
-0.601585
-0.20071
-12.6928
-7.65006
-5.78947
-4.90232
-4.33932
-3.88979
-3.47995
-3.08222
-2.68557
-2.28547
-1.88014
-1.4693
-1.05347
-0.633737
-0.211528
-4.60202
-5.50124
-5.2031
-4.78562
-4.38011
-3.98709
-3.59688
-3.20299
-2.80184
-2.39175
-1.97237
-1.54428
-1.10876
-0.667598
-0.22293
-2.27834
-4.18384
-4.69949
-4.66055
-4.41214
-4.08239
-3.71631
-3.32875
-2.92425
-2.50446
-2.07063
-1.62439
-1.16794
-0.703888
-0.235155
-1.79572
-3.83152
-4.58093
-4.68087
-4.50058
-4.20284
-3.85061
-3.46621
-3.05725
-2.62689
-2.17746
-1.71158
-1.23239
-0.743417
-0.248474
-2.39336
-4.37247
-4.9133
-4.8957
-4.67051
-4.36106
-4.00719
-3.62066
-3.20506
-2.76251
-2.29567
-1.808
-1.30361
-0.78708
-0.263182
-4.9407
-5.91214
-5.63338
-5.25462
-4.89888
-4.55005
-4.18639
-3.79526
-3.37153
-2.91497
-2.42832
-1.91598
-1.38326
-0.835846
-0.279598
-13.6754
-8.3199
-6.42281
-5.59747
-5.12238
-4.74927
-4.3846
-3.99243
-3.56075
-3.0883
-2.57877
-2.0381
-1.47308
-0.890736
-0.298056
-13.671
-8.32582
-6.46785
-5.69701
-5.27499
-4.94257
-4.60186
-4.21699
-3.77824
-3.28733
-2.75082
-2.17711
-1.57492
-0.952789
-0.318892
-4.91405
-5.90994
-5.75784
-5.55421
-5.36529
-5.14155
-4.84971
-4.47892
-4.03192
-3.51797
-2.94869
-2.33585
-1.69058
-1.023
-0.342424
-2.29052
-4.29117
-5.08354
-5.4011
-5.47969
-5.38777
-5.15234
-4.79371
-4.33204
-3.78703
-3.17676
-2.5171
-1.8217
-1.10223
-0.368915
-1.45889
-3.5114
-4.73888
-5.41388
-5.71244
-5.73358
-5.54045
-5.17999
-4.69
-4.10137
-3.43909
-2.72316
-1.96951
-1.19105
-0.398535
-1.22811
-3.30454
-4.77781
-5.68799
-6.13776
-6.22814
-6.04468
-5.65616
-5.11642
-4.46684
-3.73867
-2.95537
-2.13455
-1.28963
-0.43131
-1.26106
-3.5165
-5.20773
-6.28178
-6.81257
-6.91281
-6.69124
-6.23724
-5.61907
-4.88684
-4.07652
-3.21364
-2.31629
-1.39751
-0.467067
-1.47917
-4.12022
-6.06619
-7.25278
-7.78627
-7.82094
-7.49914
-6.93224
-6.20084
-5.36102
-4.45085
-3.49582
-2.51291
-1.51347
-0.505385
-1.91763
-5.20661
-7.45196
-8.67727
-9.10626
-8.97659
-8.47721
-7.74136
-6.85782
-5.884
-4.85629
-3.79735
-2.72099
-1.63544
-0.545563
-2.73542
-7.01769
-9.54601
-10.6547
-10.8141
-10.389
-9.61947
-8.65297
-7.57741
-6.44434
-5.28339
-4.11096
-2.93543
-1.76039
-0.586608
-4.37858
-10.0468
-12.6258
-13.2915
-12.9275
-12.0405
-10.8985
-9.64026
-8.33687
-7.02398
-5.71842
-4.42669
-3.14953
-1.88447
-0.627256
-8.16683
-15.2209
-17.0342
-16.643
-15.4041
-13.8689
-12.2582
-10.6588
-9.10282
-7.59847
-6.14381
-4.73228
-3.35522
-2.0031
-0.666023
-18.3992
-24.0344
-22.9735
-20.5832
-18.0862
-15.7498
-13.6098
-11.6472
-9.83282
-8.13838
-6.53922
-5.0139
-3.54357
-2.11126
-0.701298
-50.2724
-37.4979
-29.8358
-24.5972
-20.6568
-17.4941
-14.8381
-12.5327
-10.4794
-8.61206
-6.88331
-5.25731
-3.70549
-2.20391
-0.731454
-0.223161
-0.67198
-1.12846
-1.59833
-2.08835
-2.60706
-3.16583
-3.78082
-4.47635
-5.29144
-6.29322
-7.60799
-9.50352
-12.6384
-18.9539
-0.22411
-0.675283
-1.13553
-1.61163
-2.11166
-2.64573
-3.22731
-3.87523
-4.61709
-5.49534
-6.57793
-7.97776
-9.88592
-12.6076
-16.467
-0.222098
-0.669492
-1.12669
-1.60097
-2.10085
-2.6368
-3.22232
-3.8755
-4.62128
-5.49471
-6.54507
-7.83888
-9.45444
-11.4384
-13.6421
-0.216883
-0.653875
-1.10073
-1.56466
-2.05388
-2.57817
-3.14953
-3.78302
-4.49764
-5.317
-6.26841
-7.37787
-8.65425
-10.049
-11.377
-0.208435
-0.628376
-1.05767
-1.50301
-1.97178
-2.47238
-3.01447
-3.60921
-4.26911
-5.00707
-5.83348
-6.74975
-7.73545
-8.72595
-9.58704
-0.196908
-0.593508
-0.998535
-1.41787
-1.85778
-2.32498
-2.82662
-3.37009
-3.96234
-4.60841
-5.30832
-6.05194
-6.81145
-7.53182
-8.12658
-0.182595
-0.550196
-0.925061
-1.31213
-1.71643
-2.14303
-2.59681
-3.08206
-3.60168
-4.15573
-4.73906
-5.33788
-5.92621
-6.46283
-6.89338
-0.165867
-0.499609
-0.839366
-1.18911
-1.55272
-1.93379
-2.33539
-2.75956
-3.20656
-3.6738
-4.15419
-4.63424
-5.09259
-5.49984
-5.82152
-0.14713
-0.443001
-0.743669
-1.05221
-1.37148
-1.70392
-2.05125
-2.41402
-2.79106
-3.17864
-3.56955
-3.95216
-4.30996
-4.62233
-4.867
-0.126782
-0.38159
-0.640087
-0.904572
-1.17706
-1.45911
-1.75153
-2.05403
-2.3648
-2.67994
-2.99303
-3.29466
-3.57252
-3.81224
-3.99921
-0.105186
-0.316483
-0.53051
-0.748918
-0.973077
-1.20391
-1.44167
-1.68568
-1.934
-2.18313
-2.42778
-2.6607
-2.87297
-3.05465
-3.19604
-0.0826597
-0.248636
-0.41654
-0.587504
-0.762415
-0.941778
-1.12555
-1.31297
-1.5023
-1.69071
-1.87413
-2.04727
-2.20385
-2.33716
-2.44082
-0.0594725
-0.178851
-0.299495
-0.422131
-0.547294
-0.675235
-0.805806
-0.938336
-1.07151
-1.20325
-1.33072
-1.45033
-1.55795
-1.64925
-1.72023
-0.0358482
-0.10779
-0.180446
-0.254217
-0.329386
-0.406059
-0.484102
-0.563071
-0.642142
-0.72007
-0.795173
-0.865379
-0.928344
-0.981655
-1.0231
-1008.7
-1026.09
-1043.4
-1060.59
-1077.6
-1094.4
-1110.92
-1127.11
-1142.92
-1158.3
-1173.19
-1187.54
-1201.31
-1214.45
-1226.93
-32.5212
-24.0383
-19.1192
-15.896
-13.584
-11.8164
-10.4037
-9.23854
-8.25554
-7.41217
-6.67937
-6.03644
-5.4681
-4.96276
-4.51138
-4.10679
-3.74318
-3.41575
-3.12053
-2.85415
-2.61375
-2.39687
-2.20138
-2.02543
-1.86742
-1.72592
-1.59971
-1.48771
-1.38897
-1.30267
-1.2281
-1.16466
-1.11182
-1.06917
-1.03636
-1.01313
-0.999296
-0.994742
-0.999429
-1.01339
-1.03673
-1.06961
-1.11231
-1.16512
-1.22847
-1.30283
-1.38877
-1.48695
-1.59812
-1.72314
-1.86295
-2.01864
-2.19141
-2.38258
-2.59364
-2.82622
-3.08215
-3.36341
-3.67222
-4.01102
-4.38252
-4.78969
-5.23585
-5.72465
-6.26018
-6.84697
-7.49009
-8.19522
-8.96878
-9.81801
-10.7512
-11.7778
-12.9088
-14.1571
-15.5377
-17.0687
-18.7722
-20.6751
-22.8114
-25.2248
-27.9727
-31.1328
-34.8144
-39.1771
-44.4669
-51.0871
-59.7505
-71.8364
-90.2974
-122.161
-20.314
-18.9207
-16.6912
-14.5983
-12.8145
-11.32
-10.0618
-8.99095
-8.06921
-7.26772
-6.56477
-5.94385
-5.39224
-4.89993
-4.45891
-4.0627
-3.70599
-3.38432
-3.09395
-2.83171
-2.59486
-2.38105
-2.18823
-2.01461
-1.85863
-1.71893
-1.59428
-1.48364
-1.38609
-1.30081
-1.22712
-1.16442
-1.1122
-1.07004
-1.03762
-1.01466
-1.00099
-0.996492
-1.00113
-1.01495
-1.03803
-1.07056
-1.11279
-1.16502
-1.22768
-1.30122
-1.38621
-1.48331
-1.59325
-1.71688
-1.85515
-2.00911
-2.17996
-2.369
-2.5777
-2.80767
-3.06071
-3.33878
-3.64407
-3.97898
-4.34617
-4.74858
-5.18946
-5.67239
-6.20138
-6.78086
-7.41578
-8.11168
-8.87478
-9.71211
-10.6316
-11.6424
-12.755
-13.9814
-15.3359
-16.8353
-18.4998
-20.3538
-22.4273
-24.758
-27.3938
-30.3967
-33.8482
-37.8566
-42.5658
-48.1593
-54.8365
-62.6706
-71.0122
-76.1993
-15.1484
-15.0062
-14.0657
-12.8551
-11.6277
-10.4829
-9.4496
-8.52824
-7.70936
-6.98102
-6.3317
-5.75119
-5.23074
-4.76298
-4.34167
-3.96155
-3.61814
-3.30763
-3.02671
-2.77254
-2.54265
-2.33487
-2.1473
-1.97827
-1.82632
-1.69013
-1.56857
-1.46063
-1.36543
-1.28219
-1.21024
-1.14901
-1.09801
-1.05684
-1.02517
-1.00274
-0.989399
-0.985021
-0.989574
-1.00309
-1.02567
-1.05749
-1.09879
-1.14987
-1.21114
-1.28306
-1.36617
-1.46111
-1.56861
-1.6895
-1.82468
-1.97521
-2.14224
-2.32704
-2.53105
-2.75584
-3.00314
-3.27489
-3.57319
-3.90038
-4.25904
-4.652
-5.08241
-5.55372
-6.06977
-6.63481
-7.25355
-7.93125
-8.67378
-9.48771
-10.3804
-11.3603
-12.4369
-13.6211
-14.9253
-16.3641
-17.9544
-19.716
-21.6725
-23.8515
-26.286
-29.0143
-32.0795
-35.5266
-39.391
-43.6704
-48.2558
-52.7734
-56.2686
-56.7532
-12.1587
-12.2408
-11.8287
-11.1352
-10.3217
-9.48491
-8.67578
-7.91759
-7.21879
-6.58025
-5.9993
-5.47179
-4.99316
-4.55894
-4.16494
-3.80736
-3.48278
-3.18817
-2.92081
-2.6783
-2.45849
-2.25948
-2.07958
-1.91727
-1.77121
-1.6402
-1.52319
-1.41923
-1.32749
-1.24725
-1.17788
-1.11883
-1.06963
-1.02991
-0.999357
-0.977731
-0.964865
-0.960659
-0.965078
-0.978155
-0.99999
-1.03075
-1.07066
-1.12003
-1.17925
-1.24874
-1.32906
-1.42081
-1.52468
-1.64148
-1.7721
-1.91753
-2.07888
-2.2574
-2.45445
-2.67154
-2.91035
-3.17271
-3.46066
-3.77642
-4.12244
-4.50144
-4.91639
-5.37055
-5.86755
-6.41134
-7.00634
-7.65738
-8.36985
-9.14972
-10.0036
-10.9389
-11.9639
-13.0877
-14.3207
-15.6745
-17.162
-18.7976
-20.5969
-22.577
-24.7549
-27.1461
-29.7607
-32.5953
-35.6179
-38.7407
-41.7722
-44.3477
-45.8599
-45.5079
-10.0738
-10.1867
-9.99653
-9.58797
-9.0487
-8.44688
-7.82838
-7.22127
-6.64131
-6.09645
-5.58984
-5.12192
-4.69159
-4.29694
-3.93575
-3.60564
-3.30429
-3.0295
-2.77918
-2.55142
-2.34444
-2.15666
-1.9866
-1.83295
-1.69451
-1.57022
-1.45911
-1.36033
-1.27311
-1.19679
-1.13077
-1.07457
-1.02773
-0.989913
-0.960822
-0.940235
-0.927995
-0.924011
-0.928251
-0.940748
-0.961597
-0.990958
-1.02905
-1.07617
-1.13268
-1.199
-1.27563
-1.36317
-1.46228
-1.57371
-1.69832
-1.83705
-1.99095
-2.16121
-2.34912
-2.55611
-2.78377
-3.03383
-3.3082
-3.60898
-3.93849
-4.29924
-4.694
-5.12582
-5.59802
-6.11424
-6.67849
-7.29513
-7.96895
-8.7052
-9.50961
-10.3884
-11.3485
-12.3971
-13.5422
-14.7924
-16.1564
-17.6431
-19.2611
-21.0175
-22.9164
-24.9563
-27.125
-29.3929
-31.7004
-33.9419
-35.9448
-37.4526
-38.1353
-37.6745
-8.46297
-8.56845
-8.47831
-8.22842
-7.86532
-7.43239
-6.96413
-6.48541
-6.01292
-5.55717
-5.12433
-4.71761
-4.33831
-3.98649
-3.6615
-3.36222
-3.08732
-2.83535
-2.60484
-2.39437
-2.20255
-2.0281
-1.86979
-1.72652
-1.59726
-1.48107
-1.3771
-1.2846
-1.20287
-1.13131
-1.06939
-1.01665
-0.972698
-0.937199
-0.909891
-0.890571
-0.879094
-0.875377
-0.879392
-0.891173
-0.910809
-0.938451
-0.974311
-1.01866
-1.07184
-1.13425
-1.20637
-1.28874
-1.38199
-1.48684
-1.60407
-1.73457
-1.87933
-2.03946
-2.21616
-2.41077
-2.62477
-2.85977
-3.11755
-3.40004
-3.70938
-4.04788
-4.41809
-4.82276
-5.26491
-5.74781
-6.275
-6.85033
-7.47795
-8.16233
-8.90823
-9.72074
-10.6052
-11.5672
-12.6123
-13.7461
-14.9737
-16.2994
-17.7257
-19.2524
-20.8746
-22.5803
-24.3463
-26.1329
-27.8775
-29.4864
-30.83
-31.745
-32.0567
-31.6303
-7.1401
-7.23136
-7.18962
-7.03141
-6.782
-6.46831
-6.11452
-5.74017
-5.36001
-4.98452
-4.62083
-4.27346
-3.9451
-3.6371
-3.34993
-3.08342
-2.83704
-2.61001
-2.40139
-2.2102
-2.03542
-1.87604
-1.73111
-1.59971
-1.48097
-1.37411
-1.27839
-1.19315
-1.11778
-1.05176
-0.994604
-0.945901
-0.9053
-0.872505
-0.847277
-0.829433
-0.818843
-0.815431
-0.819177
-0.830111
-0.848318
-0.873939
-0.90717
-0.948265
-0.997535
-1.05535
-1.12216
-1.19847
-1.28485
-1.38195
-1.49052
-1.61137
-1.74542
-1.89366
-2.05723
-2.23734
-2.43535
-2.65274
-2.89111
-3.15225
-3.43807
-3.75068
-4.09234
-4.46554
-4.87292
-5.31737
-5.80197
-6.33001
-6.90499
-7.5306
-8.21068
-8.94918
-9.75009
-10.6173
-11.5544
-12.5644
-13.6496
-14.8104
-16.0454
-17.3493
-18.7123
-20.1172
-21.5373
-22.9332
-24.2495
-25.4127
-26.3319
-26.9061
-27.0405
-26.6732
-6.00875
-6.08573
-6.06863
-5.96569
-5.79121
-5.56199
-5.2945
-5.00332
-4.70038
-4.39495
-4.09388
-3.80203
-3.52266
-3.25783
-3.0087
-2.77576
-2.55905
-2.3583
-2.17302
-2.00257
-1.84627
-1.70337
-1.57313
-1.45484
-1.34778
-1.25131
-1.1648
-1.08769
-1.01947
-0.959662
-0.907863
-0.86371
-0.826891
-0.797146
-0.774264
-0.758084
-0.74849
-0.745418
-0.74885
-0.758815
-0.775392
-0.798711
-0.828949
-0.866338
-0.91116
-0.963758
-1.02453
-1.09393
-1.17249
-1.26081
-1.35953
-1.46942
-1.59128
-1.72604
-1.87471
-2.03837
-2.21826
-2.4157
-2.63213
-2.86913
-3.12842
-3.41184
-3.72141
-4.05928
-4.42776
-4.82932
-5.26658
-5.74229
-6.25931
-6.82061
-7.42917
-8.08792
-8.79966
-9.56686
-10.3915
-11.2747
-12.2164
-13.2149
-14.2658
-15.3614
-16.4896
-17.632
-18.7631
-19.848
-20.8419
-21.69
-22.3305
-22.7005
-22.7464
-22.4376
-5.01152
-5.07547
-5.07111
-5.00286
-4.87916
-4.71065
-4.50852
-4.28331
-4.04427
-3.79903
-3.55362
-3.31259
-3.07927
-2.85596
-2.64415
-2.44473
-2.2581
-2.08435
-1.9233
-1.77462
-1.63786
-1.51252
-1.39803
-1.29385
-1.19943
-1.11423
-1.03775
-0.969525
-0.909113
-0.856124
-0.810206
-0.771051
-0.738392
-0.712003
-0.691703
-0.677351
-0.668851
-0.666145
-0.66922
-0.678104
-0.692868
-0.713627
-0.74054
-0.773813
-0.8137
-0.860501
-0.914571
-0.976319
-1.04621
-1.12477
-1.21258
-1.31031
-1.41869
-1.53851
-1.67068
-1.81615
-1.97601
-2.15141
-2.34362
-2.55402
-2.78409
-3.03545
-3.30981
-3.60902
-3.93504
-4.28994
-4.67589
-5.09512
-5.54994
-6.04263
-6.57542
-7.1504
-7.76939
-8.43377
-9.14427
-9.90073
-10.7017
-11.5438
-12.4217
-13.3266
-14.2462
-15.1633
-16.0554
-16.8938
-17.6439
-18.2661
-18.7184
-18.9612
-18.9628
-18.707
-4.11106
-4.16326
-4.16525
-4.11954
-4.0313
-3.9074
-3.75543
-3.58291
-3.39679
-3.20307
-3.00674
-2.81177
-2.62119
-2.43725
-2.26152
-2.09503
-1.93839
-1.79188
-1.65556
-1.52929
-1.41282
-1.30582
-1.20789
-1.11863
-1.03761
-0.964417
-0.89865
-0.839928
-0.787897
-0.742233
-0.702645
-0.668875
-0.640699
-0.617931
-0.600415
-0.588036
-0.58071
-0.578392
-0.58107
-0.588771
-0.601556
-0.619527
-0.64282
-0.671614
-0.706129
-0.746624
-0.793406
-0.846827
-0.907289
-0.975244
-1.0512
-1.13573
-1.22945
-1.33306
-1.44731
-1.57306
-1.7112
-1.86274
-2.02875
-2.2104
-2.40895
-2.62575
-2.86225
-3.11998
-3.40056
-3.70567
-4.03707
-4.39652
-4.78582
-5.20668
-5.66071
-6.1493
-6.67353
-7.23401
-7.83065
-8.46246
-9.12722
-9.82111
-10.5383
-11.2704
-12.0061
-12.7304
-13.4247
-14.0665
-14.6299
-15.0865
-15.408
-15.5687
-15.5496
-15.3413
-3.28155
-3.32303
-3.32772
-3.29713
-3.23448
-3.14426
-3.0316
-2.90181
-2.75995
-2.61058
-2.45764
-2.30435
-2.1533
-2.00648
-1.86535
-1.73091
-1.60385
-1.48453
-1.37313
-1.26965
-1.17395
-1.08585
-1.00508
-0.931344
-0.864331
-0.803727
-0.749222
-0.700518
-0.657337
-0.61942
-0.586535
-0.558474
-0.535056
-0.516129
-0.501569
-0.491281
-0.485198
-0.483283
-0.485529
-0.491957
-0.502621
-0.517604
-0.537021
-0.561022
-0.589788
-0.623537
-0.662523
-0.707039
-0.75742
-0.814041
-0.877324
-0.94774
-1.02581
-1.1121
-1.20725
-1.31195
-1.42695
-1.55307
-1.69119
-1.84228
-2.00736
-2.18752
-2.38395
-2.59786
-2.83056
-3.08336
-3.35765
-3.65477
-3.97606
-4.32277
-4.69601
-5.09666
-5.52527
-5.98195
-6.46614
-6.9765
-7.51057
-8.0646
-8.63314
-9.20881
-9.78194
-10.3404
-10.8694
-11.3521
-11.7692
-12.1012
-12.3287
-12.4352
-12.4085
-12.2434
-2.50404
-2.53558
-2.54083
-2.52068
-2.47718
-2.41323
-2.33226
-2.23792
-2.13376
-2.0231
-1.90887
-1.79355
-1.67919
-1.5674
-1.45939
-1.35607
-1.25803
-1.16568
-1.0792
-0.998673
-0.924057
-0.855237
-0.792048
-0.734289
-0.68174
-0.634172
-0.591359
-0.553078
-0.51912
-0.489289
-0.463407
-0.441315
-0.422876
-0.407971
-0.396505
-0.388405
-0.383619
-0.382119
-0.383901
-0.388981
-0.397403
-0.409233
-0.424561
-0.443506
-0.466211
-0.492847
-0.523615
-0.558746
-0.598502
-0.643181
-0.693114
-0.74867
-0.810259
-0.87833
-0.953378
-1.03594
-1.12662
-1.22604
-1.3349
-1.45394
-1.58396
-1.72581
-1.88038
-2.04862
-2.23151
-2.43005
-2.64525
-2.87812
-3.1296
-3.40056
-3.69174
-4.00364
-4.3365
-4.69013
-5.06384
-5.45624
-5.86507
-6.28704
-6.71758
-7.1507
-7.57876
-7.99247
-8.38087
-8.73155
-9.03118
-9.26617
-9.42373
-9.49308
-9.46668
-9.34131
-1.76379
-1.78597
-1.79046
-1.77782
-1.74928
-1.70667
-1.65217
-1.58812
-1.5169
-1.44074
-1.36165
-1.28138
-1.20139
-1.12286
-1.04671
-0.973616
-0.904062
-0.838372
-0.77673
-0.719222
-0.665848
-0.616553
-0.571237
-0.529775
-0.49202
-0.457821
-0.42702
-0.399467
-0.375014
-0.353526
-0.334878
-0.318957
-0.305665
-0.294921
-0.286656
-0.280817
-0.27737
-0.276294
-0.277586
-0.281258
-0.287343
-0.295888
-0.306959
-0.320641
-0.337037
-0.356271
-0.378489
-0.403856
-0.432562
-0.46482
-0.50087
-0.540978
-0.585437
-0.634572
-0.688738
-0.748324
-0.813751
-0.885478
-0.964
-1.04985
-1.14358
-1.24582
-1.35718
-1.47834
-1.60997
-1.75278
-1.90747
-2.0747
-2.25512
-2.44929
-2.65765
-2.88048
-3.11783
-3.36944
-3.63466
-3.91233
-4.20066
-4.49712
-4.79831
-5.09984
-5.39623
-5.68098
-5.94652
-6.18451
-6.38611
-6.54254
-6.64568
-6.68879
-6.66731
-6.57931
-1.04864
-1.06181
-1.06478
-1.05784
-1.04167
-1.01727
-0.98583
-0.948689
-0.90719
-0.862621
-0.816159
-0.768837
-0.721532
-0.674957
-0.629675
-0.586115
-0.544584
-0.505293
-0.468369
-0.433877
-0.40183
-0.372204
-0.344947
-0.319991
-0.297254
-0.276647
-0.258081
-0.241466
-0.226717
-0.213753
-0.2025
-0.192891
-0.184869
-0.178383
-0.173394
-0.16987
-0.16779
-0.167143
-0.167926
-0.170147
-0.173826
-0.178991
-0.185683
-0.193952
-0.203862
-0.215486
-0.228913
-0.244243
-0.261591
-0.281084
-0.302868
-0.327103
-0.353966
-0.383653
-0.416377
-0.452373
-0.491894
-0.535215
-0.582633
-0.634467
-0.691056
-0.752759
-0.819955
-0.893038
-0.972413
-1.05849
-1.15168
-1.25236
-1.36092
-1.47764
-1.60278
-1.73646
-1.87867
-2.0292
-2.1876
-2.35311
-2.52459
-2.70045
-2.8786
-3.05638
-3.23051
-3.39714
-3.55185
-3.68984
-3.80608
-3.89564
-3.95401
-3.97751
-3.96366
-3.91147
-1237.73
-1247.05
-1255.88
-1264.2
-1272.03
-1279.36
-1286.22
-1292.61
-1298.55
-1304.06
-1309.17
-1313.89
-1318.24
-1322.25
-1325.94
-1329.32
-1332.43
-1335.28
-1337.88
-1340.26
-1342.42
-1344.39
-1346.18
-1347.8
-1349.26
-1350.57
-1351.75
-1352.79
-1353.72
-1354.53
-1355.23
-1355.83
-1356.32
-1356.73
-1357.03
-1357.25
-1357.38
-1357.43
-1357.38
-1357.25
-1357.02
-1356.71
-1356.3
-1355.8
-1355.2
-1354.49
-1353.68
-1352.74
-1351.69
-1350.5
-1349.17
-1347.69
-1346.05
-1344.24
-1342.24
-1340.03
-1337.61
-1334.95
-1332.03
-1328.83
-1325.33
-1321.5
-1317.31
-1312.73
-1307.73
-1302.27
-1296.31
-1289.81
-1282.72
-1274.99
-1266.57
-1257.39
-1247.41
-1236.54
-1224.73
-1211.89
-1197.96
-1182.85
-1166.48
-1148.77
-1129.64
-1109
-1086.77
-1062.89
-1037.3
-1009.93
-980.745
-949.719
-916.84
-882.115
-71.0448
-47.0969
-35.1301
-27.8565
-22.8059
-18.9751
-15.8884
-13.2909
-11.0319
-9.01504
-7.1744
-5.46201
-3.84094
-2.2811
-0.756524
-61.6499
-47.011
-36.6512
-29.3679
-24.0225
-19.9014
-16.5808
-13.8044
-11.4104
-9.29162
-7.37334
-5.60089
-3.9321
-2.33271
-0.773226
-51.0211
-42.6455
-35.0954
-28.941
-24.0147
-20.0269
-16.7288
-13.9354
-11.5136
-9.36758
-7.42638
-5.63605
-3.95385
-2.34439
-0.776889
-42.514
-37.4539
-32.1435
-27.2856
-23.0683
-19.4624
-16.3719
-13.6944
-11.341
-9.23859
-7.32847
-5.56303
-3.90281
-2.31408
-0.766826
-35.8006
-32.5123
-28.7388
-24.9892
-21.5104
-18.3824
-15.6016
-13.1294
-10.9172
-8.9172
-7.08581
-5.38474
-3.78026
-2.24227
-0.743155
-30.3307
-28.0555
-25.3099
-22.4219
-19.6012
-16.955
-14.5225
-12.3042
-10.2812
-8.42708
-6.71275
-5.1098
-3.59121
-2.13154
-0.706679
-25.718
-24.069
-22.0231
-19.7869
-17.5173
-15.3138
-13.2292
-11.2833
-9.47638
-7.79704
-6.22826
-4.75046
-3.34319
-1.98601
-0.658693
-21.7119
-20.4791
-18.9264
-17.185
-15.3669
-13.5537
-11.7968
-10.1235
-8.54382
-7.05636
-5.65275
-4.32055
-3.04508
-1.81057
-0.600775
-18.1466
-17.2088
-16.0181
-14.6595
-13.2116
-11.7372
-10.2808
-8.86999
-7.51893
-6.23175
-5.00579
-3.83386
-2.70596
-1.61042
-0.534599
-14.9076
-14.1911
-13.2777
-12.2232
-11.0825
-9.90248
-8.71901
-7.55667
-6.43008
-5.34588
-4.30474
-3.30309
-2.33446
-1.39052
-0.461795
-11.9119
-11.3701
-10.6781
-9.87301
-8.99265
-8.07113
-7.13603
-6.20753
-5.29878
-4.41689
-3.56417
-2.73927
-1.93825
-1.1554
-0.383853
-9.09635
-8.69922
-8.19164
-7.59796
-6.94388
-6.25331
-5.54639
-4.83858
-4.14057
-3.45871
-2.79574
-2.15154
-1.52386
-0.908954
-0.302073
-6.41057
-6.1387
-5.79114
-5.38325
-4.93155
-4.45177
-3.95758
-3.45979
-2.96616
-2.4816
-2.00851
-1.54727
-1.09669
-0.654469
-0.217552
-3.81255
-3.65383
-3.45092
-3.21232
-2.94724
-2.66462
-2.37235
-2.0768
-1.78266
-1.493
-1.20942
-0.932311
-0.661144
-0.39468
-0.131216
-841.914
-795.501
-746.639
-695.464
-642.137
-586.836
-529.751
-471.078
-411.016
-349.761
-287.507
-224.445
-160.759
-96.6314
-32.2397
)
;

boundaryField
{
    hot
    {
        type            calculated;
        value           nonuniform List<scalar> 
120
(
1004.78
0.0213693
0.0356235
0.0498817
0.0641268
0.0783293
0.0924427
0.106405
0.120147
0.133602
0.146718
0.159475
0.171895
0.184054
0.196071
0.207082
0.21718
0.227403
0.237748
0.248154
0.2585
0.268613
0.278286
0.287302
0.295456
0.302576
0.308526
0.313213
0.316575
0.318584
0.319233
0.318542
0.316556
0.313345
0.309005
0.303647
0.297402
0.290405
0.282799
0.274719
0.266288
0.257612
0.248773
0.239831
0.230823
0.221772
0.212684
0.203556
0.194373
0.185115
0.175757
0.166275
0.156648
0.146861
0.136902
0.126762
0.116431
0.105901
0.09516
0.0842012
0.0730202
0.0616186
0.0500054
0.038198
0.0262233
0.0141177
0.00192756
-0.0102922
-0.0224798
-0.0345688
-0.0464903
-0.0581749
-0.069553
-0.0805552
-0.0911132
-0.10116
-0.110635
-0.119482
-0.12766
-0.135138
-0.141899
-0.147936
-0.153252
-0.157856
-0.161767
-0.165014
-0.167639
-0.169701
-0.171274
-0.172451
-0.173345
-0.174092
-0.174851
-0.175799
-0.177121
-0.178995
-0.181567
-0.184929
-0.189098
-0.193995
-0.199442
-0.205164
-0.210805
-0.215951
-0.220169
-0.223161
-0.22411
-0.222098
-0.216883
-0.208435
-0.196908
-0.182595
-0.165867
-0.14713
-0.126782
-0.105186
-0.0826597
-0.0594725
-0.0358482
-1008.7
)
;
    }
    cold
    {
        type            calculated;
        value           nonuniform List<scalar> 
120
(
33.699
0.142974
0.23696
0.328838
0.417548
0.501834
0.580223
0.651031
0.712421
0.762499
0.799478
0.821884
0.828777
0.819965
0.796141
0.762949
0.72407
0.678983
0.629472
0.577324
0.524216
0.471621
0.420748
0.372524
0.327596
0.286358
0.248992
0.21551
0.185795
0.159643
0.136795
0.116961
0.0998408
0.0851407
0.0725801
0.0618994
0.052863
0.0452602
0.0389059
0.0336389
0.029321
0.0258346
0.0230809
0.0209776
0.0194569
0.018463
0.0179497
0.0178779
0.0182125
0.0189196
0.0199622
0.0212967
0.022868
0.024605
0.0264164
0.028187
0.0297761
0.0310185
0.031729
0.0317113
0.0307712
0.0287325
0.0254549
0.0208484
0.0148847
0.00759989
-0.000909999
-0.0105003
-0.0209934
-0.0321951
-0.0439099
-0.0559529
-0.068157
-0.0803773
-0.0924929
-0.104408
-0.116053
-0.127386
-0.138397
-0.149104
-0.159557
-0.169831
-0.180026
-0.190269
-0.20071
-0.211528
-0.22293
-0.235155
-0.248474
-0.263182
-0.279598
-0.298056
-0.318892
-0.342424
-0.368915
-0.398535
-0.43131
-0.467067
-0.505385
-0.545563
-0.586608
-0.627256
-0.666023
-0.701298
-0.731454
-0.756524
-0.773226
-0.776889
-0.766826
-0.743155
-0.706679
-0.658693
-0.600775
-0.534599
-0.461795
-0.383853
-0.302073
-0.217552
-0.131216
-32.2397
)
;
    }
    interface_left
    {
        type            calculated;
        value           nonuniform List<scalar> 
90
(
6.80411
2.72792
1.51241
1.2135
1.35538
1.99447
3.76864
8.99426
26.1136
26.2028
9.291
4.38637
3.24825
4.16403
8.52807
23.6582
23.6821
8.62391
4.43985
4.07348
7.06788
18.6944
18.5792
6.66525
3.14355
2.23103
2.66028
5.18076
14.1056
14.0643
5.0472
2.3971
1.73841
2.14051
4.27212
11.7656
11.7239
4.13644
1.8712
1.22808
1.34038
2.48093
6.6552
6.61257
2.3454
1.08529
0.793293
1.12508
2.77705
2.69915
0.864134
0.239023
-0.0889611
-0.471625
-1.34358
-4.0325
-4.10199
-1.57098
-0.929477
-0.974471
-1.63736
-3.7845
-10.8948
-10.9396
-3.93069
-1.93057
-1.53838
-2.11689
-4.4968
-12.6281
-12.6411
-4.53916
-2.20206
-1.70312
-2.28076
-4.8034
-13.5074
-13.4642
-4.65787
-1.97037
-1.05425
-0.70902
-0.581638
-0.564661
-0.635427
-0.822805
-1.23914
-2.23234
-4.94461
-13.4192
)
;
    }
    interface_right
    {
        type            calculated;
        value           nonuniform List<scalar> 
90
(
54.4413
19.8944
8.78527
4.65291
2.83741
1.90364
1.35861
1.00991
0.772027
0.602169
0.476784
0.38188
0.308647
0.251271
0.205775
0.16935
0.139964
0.116113
0.0966656
0.0807571
0.0677184
0.0570265
0.0482703
0.041125
0.0353342
0.0306963
0.0270553
0.0242939
0.0223294
0.0211109
0.0206203
0.0208741
0.0219298
0.023897
0.0269556
0.0313872
0.037628
0.0463612
0.058688
0.0764582
0.102967
0.144549
0.214633
0.345167
0.622155
1.30583
3.26467
9.62256
11.3706
5.51646
1.93417
0.716378
0.157379
-0.329416
-1.2549
-3.97444
-4.06302
-1.54475
-0.912317
-0.964157
-1.63255
-3.7844
-10.899
-10.948
-3.94334
-1.94778
-1.56065
-2.1449
-4.53146
-12.6706
-12.6928
-4.60202
-2.27834
-1.79572
-2.39336
-4.9407
-13.6754
-13.671
-4.91405
-2.29052
-1.45889
-1.22811
-1.26106
-1.47917
-1.91763
-2.73542
-4.37858
-8.16683
-18.3992
-50.2724
)
;
    }
    interface_top
    {
        type            calculated;
        value           nonuniform List<scalar> 
90
(
-41.3604
-26.8462
-20.152
-16.3473
-13.8168
-11.9538
-10.4929
-9.30039
-8.3004
-7.44573
-6.70502
-6.05632
-5.48365
-4.97495
-4.52091
-4.11418
-3.7488
-3.41992
-3.12347
-2.85604
-2.61474
-2.39709
-2.20092
-2.02439
-1.86586
-1.72392
-1.59732
-1.48497
-1.38593
-1.29937
-1.22458
-1.16095
-1.10796
-1.06518
-1.03228
-1.00898
-0.995107
-0.990538
-0.995236
-1.00923
-1.03263
-1.06561
-1.10842
-1.16138
-1.22491
-1.29947
-1.38565
-1.4841
-1.59558
-1.72094
-1.86114
-2.01726
-2.19051
-2.38222
-2.59387
-2.82711
-3.08376
-3.36582
-3.67551
-4.01529
-4.38787
-4.79624
-5.24372
-5.734
-6.27117
-6.8598
-7.50498
-8.21244
-8.98863
-9.84087
-10.7775
-11.8081
-12.9438
-14.1976
-15.5848
-17.124
-18.8374
-20.7529
-22.9056
-25.3407
-28.1182
-31.3208
-35.0661
-39.5316
-45.0025
-51.9818
-61.467
-75.7409
-100.881
-155.44
)
;
    }
    interface_bottom
    {
        type            calculated;
        value           nonuniform List<scalar> 
90
(
20.2284
13.1411
9.82645
7.9077
6.60531
5.62571
4.84001
4.18275
3.61643
3.11738
2.66958
2.26148
1.88435
1.53126
1.19643
0.874861
0.561951
0.253273
-0.0556978
-0.369854
-0.694818
-1.03744
-1.40661
-1.81453
-2.2792
-2.82905
-3.51333
-4.42698
-5.77835
-8.09411
-12.8993
-25.1445
20.9805
8.64781
3.65808
1.03894
-0.776249
-2.39289
-4.17844
-6.58547
-10.5779
-18.8468
-40.0721
41.046
19.8386
11.6079
7.67915
5.3724
3.74731
2.40523
1.11553
-0.339146
-2.30547
-5.57718
-12.3991
-30.0263
37.9536
20.4054
13.7438
10.7195
9.09784
8.10169
7.4134
6.8691
6.34766
5.70498
4.67912
2.6413
-2.21176
-15.7308
39.9635
26.6579
22.2354
20.8529
20.7191
21.2224
22.1241
23.3104
24.6971
26.1548
27.357
27.2992
22.586
60.168
57.3445
61.4186
69.9451
84.2937
110.623
168.734
)
;
    }
    defaultFaces
    {
        type            empty;
    }
}


// ************************************************************************* //
