/*--------------------------------*- C++ -*----------------------------------*\
| =========                 |                                                 |
| \\      /  F ield         | OpenFOAM: The Open Source CFD Toolbox           |
|  \\    /   O peration     | Version:  5.x                                   |
|   \\  /    A nd           | Web:      www.OpenFOAM.org                      |
|    \\/     M anipulation  |                                                 |
\*---------------------------------------------------------------------------*/
FoamFile
{
    version     2.0;
    format      ascii;
    class       volScalarField;
    location    "8.2";
    object      T;
}
// * * * * * * * * * * * * * * * * * * * * * * * * * * * * * * * * * * * * * //

dimensions      [0 0 0 1 0 0 0];

internalField   nonuniform List<scalar> 
6300
(
11.925
15.7694
19.5969
23.3962
27.1561
30.8652
34.512
38.0854
41.5741
44.9672
48.2543
51.4254
54.4719
57.3862
60.162
11.9305
15.786
19.6247
23.4352
27.2063
30.9266
34.5846
38.1691
41.6686
45.072
48.3687
51.5486
54.6026
57.5228
60.3028
11.9416
15.8193
19.6802
23.5131
27.3067
31.0495
34.73
38.3366
41.8579
45.2822
48.5986
51.7962
54.8655
57.7978
60.5863
11.9582
15.8692
19.7635
23.6299
27.4572
31.2339
34.9483
38.5886
42.1429
45.5992
48.9457
52.1708
55.2637
58.215
61.0167
11.9803
15.9355
19.8742
23.7854
27.6577
31.4797
35.2397
38.9255
42.5248
46.0248
49.4127
52.6759
55.8019
58.7799
61.6003
12.0078
16.0181
20.0121
23.9791
27.9078
31.7869
35.6044
39.348
43.0047
46.5612
50.0032
53.3164
56.4867
59.5005
62.3464
12.0406
16.1166
20.1768
24.2106
28.207
32.1548
36.042
39.8562
43.5838
47.2106
50.7209
54.0984
57.3261
60.3872
63.2669
12.0786
16.2306
20.3675
24.4789
28.5542
32.5824
36.5518
40.4498
44.2626
47.9751
51.5701
55.0287
58.3303
61.4535
64.3784
12.1215
16.3596
20.5834
24.7828
28.9479
33.068
37.132
41.1274
45.0405
48.8556
52.5541
56.1144
59.5111
62.7164
65.7021
12.1691
16.5029
20.8231
25.1205
29.3858
33.6091
37.7797
41.8862
45.9152
49.8512
53.6748
57.3618
60.8816
64.197
67.267
12.2212
16.6594
21.0851
25.4899
29.8651
34.2018
38.4906
42.7212
46.8817
50.9578
54.9306
58.7748
62.4545
65.921
69.1126
12.2773
16.8282
21.3677
25.8883
30.3821
34.8416
39.2587
43.6251
47.9313
52.166
56.3134
60.3503
64.2388
67.9178
71.2944
12.3372
17.0082
21.6689
26.3127
30.9328
35.5228
40.0765
44.588
49.0512
53.4598
57.8052
62.0724
66.2307
70.2148
73.8926
12.4004
17.1982
21.9867
26.7602
31.5128
36.2395
40.9355
45.5977
50.2242
54.8153
59.3734
63.9015
68.3948
72.8159
77.02
12.4666
17.397
22.3192
27.2279
32.1181
36.9857
41.8273
46.6419
51.4312
56.2021
60.97
65.7632
70.6291
75.6318
80.7856
62.5759
64.6698
66.6631
68.5565
70.3516
72.0513
73.6591
75.1791
76.6163
77.976
79.2639
80.4859
81.6482
82.7569
83.8182
84.8383
85.8232
86.7787
87.7105
88.6241
89.5246
90.4168
91.3055
92.1945
93.0877
93.9883
94.8989
95.8217
96.7582
97.7094
98.6757
99.657
100.653
101.662
102.683
103.714
104.755
105.801
106.852
107.905
108.956
110.004
111.045
112.075
113.092
114.092
115.073
116.032
116.966
117.873
118.751
119.596
120.408
121.184
121.921
122.618
123.271
123.878
124.436
124.943
125.394
125.788
126.121
126.389
126.59
126.719
126.772
126.744
126.631
126.427
126.125
125.72
125.204
124.57
123.81
122.918
121.883
120.699
119.358
117.85
116.167
114.302
112.248
109.996
107.542
104.881
102.008
98.922
95.6229
92.1123
62.7186
64.8128
66.805
68.6957
70.487
72.1815
73.7831
75.2961
76.7255
78.077
79.3562
80.5694
81.7227
82.8225
83.875
84.8864
85.8628
86.8101
87.734
88.6401
89.5335
90.4193
91.3019
92.1856
93.0742
93.9709
94.8784
95.7989
96.734
97.6846
98.651
99.6331
100.63
101.641
102.665
103.699
104.742
105.792
106.847
107.903
108.959
110.011
111.056
112.091
113.112
114.117
115.102
116.064
117.002
117.912
118.792
119.641
120.456
121.236
121.976
122.677
123.334
123.945
124.507
125.018
125.473
125.872
126.209
126.483
126.689
126.824
126.884
126.864
126.759
126.563
126.271
125.875
125.37
124.747
123.999
123.117
122.095
120.923
119.594
118.097
116.426
114.572
112.528
110.285
107.838
105.181
102.312
99.2261
95.9248
92.4091
63.0061
65.101
67.0907
68.9761
70.7593
72.4433
74.0323
75.5309
76.9447
78.2794
79.5412
80.7365
81.8718
82.9535
83.9882
84.9821
85.9414
86.8723
87.7804
88.6714
89.5506
90.4232
91.2938
92.1667
93.0459
93.9347
94.836
95.752
96.6843
97.6337
98.6005
99.5844
100.584
101.599
102.627
103.667
104.716
105.773
106.834
107.899
108.963
110.024
111.078
112.122
113.152
114.166
115.159
116.129
117.073
117.99
118.876
119.731
120.552
121.338
122.086
122.794
123.459
124.078
124.648
125.167
125.632
126.039
126.386
126.67
126.887
127.034
127.107
127.102
127.013
126.834
126.561
126.186
125.701
125.1
124.375
123.517
122.518
121.371
120.065
118.593
116.945
115.114
113.089
110.864
108.432
105.786
102.923
99.8382
96.5324
93.0066
63.4427
65.5386
67.5245
69.4016
71.1722
72.8399
74.4092
75.8857
77.2752
78.5842
79.8194
80.9875
82.0953
83.1498
84.1574
85.1249
86.0585
86.9644
87.8486
88.7168
89.5746
90.4271
91.2794
92.1359
93.0008
93.8776
94.7695
95.6787
96.6068
97.5547
98.5224
99.5092
100.514
101.535
102.57
103.618
104.676
105.743
106.815
107.891
108.968
110.043
111.111
112.17
113.214
114.24
115.246
116.227
117.181
118.106
119.002
119.866
120.696
121.492
122.25
122.969
123.646
124.277
124.86
125.392
125.869
126.289
126.65
126.949
127.182
127.347
127.44
127.456
127.391
127.239
126.994
126.649
126.196
125.629
124.938
124.115
123.153
122.042
120.773
119.338
117.726
115.929
113.936
111.739
109.33
106.702
103.848
100.766
97.4538
93.9126
64.0352
66.1325
68.113
69.9782
71.731
73.3757
74.9176
76.3632
77.7193
78.9929
80.1916
81.3225
82.3932
83.4106
84.3819
85.3137
86.2126
87.0849
87.9369
88.7744
89.6031
90.4286
91.2559
92.09
92.9353
93.7959
94.6749
95.575
96.4978
97.4441
98.4136
99.4051
100.417
101.447
102.492
103.551
104.621
105.7
106.787
107.879
108.974
110.067
111.156
112.234
113.298
114.342
115.364
116.359
117.326
118.263
119.169
120.044
120.886
121.695
122.467
123.201
123.894
124.542
125.141
125.69
126.184
126.622
127
127.318
127.572
127.759
127.878
127.923
127.891
127.774
127.568
127.263
126.854
126.331
125.686
124.911
123.998
122.936
121.718
120.333
118.771
117.021
115.073
112.917
110.541
107.938
105.1
102.022
98.7018
95.1398
64.7933
66.8923
68.8655
70.7145
72.4432
74.057
75.5625
76.9673
78.2794
79.5071
80.6586
81.7419
82.765
83.7354
84.6604
85.5471
86.4021
87.2321
88.0432
88.8417
89.6335
90.4243
91.2197
92.025
92.8451
93.6844
94.5469
95.4354
96.3519
97.2969
98.2698
99.2687
100.291
101.333
102.391
103.464
104.549
105.644
106.749
107.861
108.978
110.096
111.211
112.316
113.405
114.473
115.516
116.528
117.51
118.46
119.379
120.266
121.122
121.945
122.735
123.489
124.202
124.872
125.493
126.062
126.577
127.035
127.434
127.774
128.052
128.268
128.418
128.499
128.507
128.436
128.278
128.025
127.67
127.204
126.618
125.903
125.051
124.053
122.899
121.579
120.082
118.395
116.507
114.405
112.077
109.51
106.695
103.624
100.295
96.7058
65.73
67.8314
69.7946
71.6219
73.3186
74.8918
76.3499
77.7024
78.9587
80.1285
81.2211
82.2454
83.21
84.1228
84.9914
85.8232
86.625
87.4034
88.1649
88.9159
89.6624
90.4106
91.1663
91.9356
92.724
93.5367
94.3783
95.2525
96.1617
97.1064
98.0855
99.0957
100.133
101.191
102.267
103.356
104.458
105.571
106.696
107.831
108.976
110.126
111.276
112.416
113.54
114.638
115.706
116.739
117.737
118.699
119.629
120.529
121.399
122.241
123.052
123.831
124.571
125.268
125.915
126.51
127.048
127.528
127.95
128.314
128.619
128.866
129.053
129.177
129.234
129.218
129.119
128.931
128.643
128.246
127.731
127.089
126.312
125.391
124.316
123.077
121.661
120.056
118.247
116.217
113.952
111.435
108.654
105.597
102.258
98.6355
66.863
68.9674
70.9169
72.7153
74.3697
75.8899
77.2872
78.5733
79.76
80.8585
81.8793
82.8324
83.7268
84.571
85.3728
86.1397
86.8786
87.5962
88.2991
88.9935
89.686
90.3828
91.0906
91.8157
92.5648
93.3442
94.1597
95.0163
95.9171
96.8634
97.853
98.8811
99.9401
101.022
102.119
103.228
104.347
105.478
106.623
107.785
108.963
110.154
111.35
112.538
113.707
114.844
115.942
116.997
118.009
118.982
119.92
120.83
121.714
122.575
123.413
124.223
124.998
125.73
126.41
127.034
127.598
128.102
128.546
128.934
129.267
129.547
129.774
129.948
130.063
130.113
130.087
129.977
129.769
129.453
129.022
128.465
127.776
126.946
125.966
124.825
123.51
122.007
120.299
118.365
116.185
113.739
111.007
107.972
104.625
100.962
68.216
70.3243
72.2548
74.0136
75.6115
77.0626
78.3821
79.585
80.6858
81.6977
82.6325
83.5012
84.3132
85.0775
85.8019
86.4938
87.1601
87.8075
88.4424
89.0712
89.7003
90.3366
90.9868
91.6585
92.3591
93.0967
93.879
94.7131
95.6042
96.5547
97.5622
98.6188
99.7118
100.827
101.951
103.081
104.215
105.361
106.524
107.712
108.929
110.172
111.43
112.685
113.916
115.103
116.237
117.313
118.335
119.31
120.25
121.163
122.058
122.94
123.81
124.662
125.484
126.262
126.983
127.641
128.232
128.757
129.221
129.629
129.986
130.299
130.57
130.798
130.982
131.112
131.175
131.158
131.045
130.825
130.489
130.029
129.44
128.714
127.844
126.819
125.627
124.251
122.671
120.863
118.799
116.451
113.791
110.795
107.444
103.733
69.822
71.935
73.8378
75.5411
77.0624
78.4225
79.6422
80.7413
81.7371
82.6451
83.4785
84.2487
84.9659
85.6386
86.2749
86.8819
87.4661
88.034
88.5917
89.1454
89.7016
90.2672
90.8494
91.4564
92.0973
92.7819
93.5208
94.3246
95.2027
96.1608
97.1974
98.301
99.4489
100.614
101.774
102.923
104.066
105.214
106.384
107.594
108.854
110.164
111.511
112.863
114.183
115.437
116.61
117.703
118.723
119.687
120.613
121.517
122.416
123.32
124.23
125.14
126.029
126.87
127.644
128.34
128.955
129.496
129.971
130.391
130.767
131.108
131.421
131.71
131.974
132.202
132.375
132.472
132.472
132.36
132.129
131.776
131.295
130.685
129.94
129.05
128.005
126.785
125.369
123.725
121.818
119.609
117.057
114.124
110.78
107.01
71.728
73.8459
75.7058
77.3282
78.743
79.9819
81.0737
82.0435
82.9123
83.6972
84.4126
85.07
85.6795
86.2495
86.7874
87.2998
87.7928
88.2722
88.7437
89.2131
89.6866
90.1707
90.6732
91.2027
91.7694
92.3857
93.0659
93.8261
94.683
95.6505
96.733
97.9161
99.1588
100.403
101.61
102.773
103.904
105.031
106.186
107.401
108.702
110.1
111.58
113.087
114.539
115.882
117.097
118.192
119.189
120.116
121.002
121.876
122.764
123.685
124.648
125.644
126.637
127.573
128.415
129.15
129.782
130.326
130.797
131.214
131.594
131.952
132.302
132.655
133.013
133.366
133.683
133.922
134.054
134.062
133.943
133.7
133.334
132.848
132.239
131.503
130.628
129.599
128.39
126.963
125.27
123.257
120.867
118.042
114.727
110.888
74.0057
76.1263
77.9133
79.4117
80.6747
81.7504
82.6781
83.4886
84.2055
84.847
85.4273
85.9577
86.4474
86.9039
87.3338
87.7429
88.1363
88.519
88.8959
89.2722
89.6532
90.0451
90.4552
90.8922
91.3673
91.8947
92.4928
93.1853
94.0011
94.9716
96.1208
97.4421
98.8635
100.241
101.508
102.663
103.746
104.806
105.898
107.079
108.405
109.916
111.608
113.384
115.05
116.509
117.754
118.819
119.751
120.599
121.406
122.213
123.06
123.985
125.015
126.149
127.323
128.406
129.335
130.104
130.734
131.255
131.698
132.087
132.448
132.803
133.176
133.589
134.057
134.576
135.097
135.525
135.81
135.943
135.933
135.796
135.543
135.183
134.718
134.149
133.471
132.669
131.721
130.58
129.178
127.444
125.301
122.66
119.423
115.509
76.7769
78.8845
80.5338
81.8317
82.8734
83.7293
84.4487
85.0658
85.6046
86.0821
86.5111
86.9013
87.2601
87.5938
87.9075
88.2056
88.4922
88.7711
89.0462
89.3215
89.6012
89.8904
90.1954
90.5241
90.8869
91.2988
91.7808
92.3639
93.0932
94.0322
95.2575
96.821
98.6276
100.238
101.561
102.656
103.617
104.53
105.477
106.546
107.839
109.469
111.509
113.835
115.855
117.441
118.665
119.632
120.433
121.138
121.805
122.487
123.239
124.128
125.23
126.593
128.134
129.459
130.483
131.252
131.837
132.294
132.67
132.997
133.306
133.624
133.987
134.438
135.025
135.78
136.641
137.329
137.78
138.023
138.103
138.055
137.903
137.663
137.344
136.95
136.485
135.948
135.324
134.568
133.559
132.216
130.45
128.134
125.092
121.119
80.2864
82.3001
83.6577
84.6182
85.337
85.902
86.364
86.7532
87.089
87.3843
87.6481
87.8871
88.1063
88.3097
88.5006
88.682
88.8563
89.026
89.1935
89.3614
89.5325
89.7101
89.8986
90.1036
90.3331
90.599
90.9203
91.3288
91.8805
92.6777
93.904
95.8465
98.6714
100.645
101.937
102.841
103.554
104.201
104.877
105.688
106.786
108.426
110.997
114.724
117.281
118.892
119.942
120.68
121.247
121.729
122.181
122.655
123.216
123.963
125.064
126.777
129.251
130.941
131.993
132.664
133.118
133.448
133.708
133.931
134.145
134.377
134.669
135.087
135.746
136.827
138.43
139.47
140.046
140.336
140.453
140.459
140.386
140.253
140.072
139.85
139.601
139.345
139.116
138.916
138.419
137.593
136.385
134.65
132.096
128.211
85.1695
86.6578
87.3508
87.7499
88.0191
88.2205
88.3811
88.5146
88.6289
88.7289
88.818
88.8985
88.9723
89.0406
89.1048
89.1656
89.2241
89.2811
89.3374
89.3938
89.4514
89.5113
89.5752
89.645
89.7238
89.8164
89.9313
90.0845
90.3115
90.702
91.5161
93.5984
99.9377
102.031
102.868
103.297
103.583
103.825
104.081
104.412
104.947
106.038
108.818
117.292
120.066
121.147
121.664
121.969
122.183
122.357
122.519
122.696
122.923
123.284
124.012
125.862
131.495
133.336
134.048
134.383
134.573
134.699
134.794
134.874
134.952
135.041
135.166
135.383
135.857
137.115
141.029
142.273
142.719
142.893
142.959
142.971
142.952
142.91
142.853
142.785
142.721
142.701
142.86
143.688
143.749
143.515
143.074
142.344
141.011
138.069
88.0217
83.2683
78.2368
72.9434
67.4067
61.647
55.6859
49.5459
43.2492
36.8182
30.2747
23.6402
16.9355
10.1811
3.39698
88.3101
83.5438
78.4964
73.1846
67.6276
61.8464
55.8633
49.701
43.3822
36.9295
30.3648
23.7096
16.9847
10.2105
3.40675
88.8904
84.098
79.0182
73.6688
68.0706
62.246
56.2183
50.0111
43.6479
37.1517
30.5446
23.848
17.0828
10.269
3.4262
89.77
84.9371
79.807
74.3997
68.7381
62.8468
56.751
50.4757
44.0454
37.4836
30.8128
24.0544
17.229
10.3561
3.45517
90.9604
86.0711
80.8706
75.3826
69.6332
63.6502
57.4615
51.0938
44.5731
37.9235
31.1678
24.3272
17.4219
10.4712
3.49338
92.4781
87.5135
82.2194
76.6245
70.7598
64.6576
58.349
51.8635
45.2283
38.4684
31.6066
24.6639
17.6599
10.6129
3.54046
94.3454
89.2826
83.8668
78.1337
72.1219
65.8694
59.4118
52.7814
46.0069
39.114
32.1254
25.0613
17.9404
10.7798
3.59586
96.5925
91.4023
85.8287
79.9192
73.7225
67.2843
60.6456
53.8416
46.9026
39.8543
32.7185
25.5148
18.26
10.9699
3.65892
99.2598
93.9025
88.1241
81.9897
75.5623
68.8978
62.0428
55.0353
47.9063
40.6806
33.3788
26.0184
18.6145
11.1804
3.72875
102.402
96.821
90.773
84.3506
77.637
70.6996
63.5905
56.3491
49.0052
41.5818
34.0968
26.5649
18.9985
11.4083
3.80429
106.095
100.204
93.7934
87.0002
79.9332
72.6711
65.2687
57.7636
50.1822
42.5432
34.8606
27.1451
19.4056
11.6497
3.88429
110.446
104.103
97.1936
89.9212
82.4222
74.7808
67.0475
59.2527
51.4153
43.5471
35.6562
27.7485
19.8286
11.9004
3.96733
115.614
108.566
100.954
93.066
85.051
76.98
68.8857
60.7829
52.6777
44.5723
36.4676
28.3633
20.2593
12.1556
4.05185
121.822
113.59
104.986
96.3352
87.7335
79.2002
70.7305
62.3136
53.9385
45.5957
37.2773
28.9769
20.6893
12.4103
4.13624
129.289
118.981
109.063
99.5523
90.3449
81.3545
72.5203
63.8006
55.1655
46.5934
38.0679
29.5768
21.1101
12.6598
4.21892
12.5297
17.5866
22.636
27.673
32.6931
37.6925
42.6686
47.621
52.553
57.4746
62.4086
67.4014
72.5496
78.0724
84.5754
12.5888
17.7641
22.9323
28.0889
33.2295
38.3505
43.4491
48.5244
53.5789
58.6217
63.6742
68.7813
74.0337
79.6088
85.8231
12.6495
17.9462
23.2363
28.5154
33.7791
39.0234
44.2449
49.4412
54.6118
59.7609
64.9005
70.0588
75.2923
80.6994
86.4058
12.7116
18.1328
23.5477
28.9521
34.3415
39.7115
45.0575
50.3748
55.6587
60.9053
66.1124
71.2825
76.4286
81.5804
86.7801
12.7752
18.3236
23.8662
29.3987
34.9167
40.4154
45.889
51.3305
56.7304
62.0759
67.3485
72.5213
77.5594
82.4263
87.1138
12.84
18.5183
24.1912
29.8548
35.5048
41.1361
46.7421
52.314
57.8387
63.296
68.6523
73.8523
78.8073
83.3949
87.5149
12.906
18.7166
24.5224
30.3199
36.1053
41.8735
47.6179
53.3292
58.9928
64.5848
70.0633
75.3517
80.3086
84.6865
88.1463
12.9731
18.9179
24.8589
30.7931
36.7171
42.6266
48.5158
54.3764
60.1953
65.9511
71.6048
77.0797
82.2101
86.6137
89.4265
13.0409
19.1217
25.1997
31.2728
37.3383
43.393
49.4327
55.4514
61.4405
67.3869
73.2689
79.0452
84.6146
89.6437
92.6843
13.1093
19.3273
25.5437
31.7572
37.9663
44.1691
50.3632
56.5458
62.714
68.866
75.005
81.1526
87.3924
94.0527
102.602
13.178
19.5338
25.8893
32.2442
38.598
44.9503
51.3006
57.6491
63.9975
70.3525
76.7336
83.1943
89.8763
97.1476
105.886
13.2467
19.7403
26.235
32.7313
39.2301
45.732
52.2384
58.7513
65.2752
71.8195
78.4053
85.0804
91.9489
99.2214
107.23
13.315
19.9459
26.5791
33.2163
39.8592
46.5098
53.1706
59.8448
66.5374
73.256
80.0134
86.8303
93.739
100.782
107.991
13.3828
20.1496
26.9201
33.6967
40.4823
47.2797
54.0923
60.9243
67.7801
74.6642
81.5785
88.5147
95.4337
102.225
108.671
13.4497
20.3506
27.2564
34.1704
41.0964
48.038
54.9997
61.986
69.0017
76.0497
83.1267
90.209
97.215
103.906
109.685
13.5153
20.5479
27.5866
34.6354
41.6988
48.7815
55.8888
63.0262
70.1995
77.4136
84.6694
91.9545
99.2126
106.219
111.977
13.5795
20.7409
27.9093
35.0896
42.287
49.5071
56.7559
64.0401
71.3675
78.7469
86.1898
93.7168
101.383
109.396
118.719
13.642
20.9286
28.2233
35.5314
42.8588
50.2118
57.5972
65.0229
72.498
80.0344
87.6501
95.3805
103.31
111.662
120.996
13.7026
21.1107
28.5275
35.9592
43.4121
50.893
58.4094
65.97
73.5845
81.2652
89.0291
96.9037
104.941
113.244
121.98
13.7611
21.2863
28.821
36.3717
43.9451
51.5485
59.1899
66.8783
74.6235
82.4365
90.3292
98.312
106.386
114.522
122.624
13.8173
21.4552
29.1031
36.7678
44.4564
52.1766
59.9367
67.7458
75.6138
83.5508
91.5649
99.6548
107.785
115.821
123.379
13.8712
21.6169
29.3731
37.1466
44.945
52.776
60.6483
68.5711
76.5547
84.6098
92.7462
100.967
109.248
117.45
124.919
13.9226
21.7712
29.6305
37.5076
45.41
53.3458
61.3236
69.3529
77.4444
85.6106
93.8669
102.236
110.762
119.586
129.32
13.9715
21.9179
29.8751
37.8503
45.8511
53.8855
61.962
70.0901
78.2807
86.547
94.9075
103.393
112.069
121.086
130.806
14.0178
22.0569
30.1068
38.1747
46.2681
54.3948
62.5633
70.7825
79.0628
87.4162
95.859
104.417
113.135
122.097
131.428
14.0616
22.1882
30.3255
38.4807
46.661
54.8742
63.1281
71.4312
79.7924
88.2215
96.7289
105.327
114.029
122.848
131.783
14.1028
22.3119
30.5314
38.7685
47.0304
55.3242
63.6576
72.0382
80.4735
88.9705
97.5339
106.163
114.839
123.515
132.088
14.1415
22.428
30.7247
39.0386
47.3766
55.7458
64.1531
72.6057
81.11
89.6716
98.2917
106.962
115.649
124.25
132.516
14.1778
22.5367
30.9056
39.2913
47.7004
56.1397
64.616
73.1357
81.7054
90.3301
99.0125
107.749
116.515
125.217
133.445
14.2116
22.6381
31.0744
39.527
48.0024
56.507
65.0473
73.6298
82.2608
90.9466
99.6939
108.512
117.424
126.509
136.143
14.2431
22.7326
31.2315
39.7463
48.2832
56.8484
65.4482
74.0887
82.7765
91.5186
100.324
109.209
118.21
127.417
137.05
14.2723
22.8201
31.3771
39.9495
48.5434
57.1647
65.8194
74.5135
83.253
92.0446
100.897
109.823
118.85
128.026
137.428
14.2993
22.901
31.5116
40.1373
48.7837
57.4567
66.162
74.9052
83.6916
92.5267
101.416
110.366
119.383
128.475
137.641
14.3241
22.9753
31.6353
40.3098
49.0047
57.7253
66.4772
75.2654
84.0948
92.9693
101.891
110.859
119.862
128.87
137.822
14.3468
23.0433
31.7484
40.4677
49.2068
57.9711
66.7657
75.5956
84.465
93.3771
102.333
111.326
120.335
129.301
138.073
14.3674
23.105
31.8511
40.6112
49.3906
58.1947
67.0286
75.8969
84.8039
93.753
102.746
111.779
120.837
129.864
138.617
14.386
23.1607
31.9437
40.7405
49.5564
58.3966
67.2662
76.1698
85.112
94.0969
103.128
112.211
121.358
130.613
140.195
14.4025
23.2102
32.0262
40.8558
49.7044
58.5771
67.4788
76.4145
85.3888
94.4065
103.473
112.598
121.801
131.134
140.723
14.417
23.2538
32.0988
40.9574
49.8348
58.7362
67.6666
76.6309
85.6339
94.6802
103.776
112.928
122.152
131.475
140.938
14.4296
23.2915
32.1615
41.0451
49.9476
58.8741
67.8296
76.819
85.8471
94.9181
104.036
113.206
122.431
131.715
141.055
14.4401
23.3232
32.2144
41.1192
50.0429
58.9907
67.9677
76.9789
86.0288
95.1213
104.259
113.443
122.667
131.913
141.147
14.4487
23.3489
32.2573
41.1794
50.1205
59.0859
68.0809
77.1104
86.1792
95.2911
104.448
113.65
122.884
132.118
141.269
14.4553
23.3686
32.2903
41.2257
50.1803
59.1595
68.1687
77.2132
86.2979
95.4274
104.605
113.831
123.099
132.377
141.535
14.4599
23.3824
32.3132
41.258
50.2221
59.2112
68.2308
77.2865
86.3838
95.5284
104.726
113.982
123.305
132.716
142.319
14.4624
23.39
32.326
41.2761
50.2457
59.2407
68.2666
77.3294
86.4353
95.5909
104.804
114.084
123.446
132.92
142.563
14.4629
23.3916
32.3287
41.2799
50.2509
59.2474
68.2754
77.3409
86.4506
95.6116
104.833
114.126
123.508
133.003
142.635
14.4614
23.3869
32.321
41.2693
50.2374
59.2313
68.2568
77.3203
86.4284
95.5887
104.81
114.104
123.489
132.989
142.629
14.4578
23.3762
32.303
41.2441
50.2052
59.192
68.2106
77.2672
86.3684
95.5213
104.734
114.018
123.388
132.875
142.542
14.4521
23.3592
32.2747
41.2045
50.1541
59.1295
68.1366
77.1816
86.2707
95.4105
104.607
113.868
123.202
132.633
142.27
14.4444
23.336
32.2361
41.1503
50.0843
59.0439
68.0351
77.0639
86.1362
95.258
104.434
113.666
122.947
132.244
141.417
14.4346
23.3067
32.1872
41.0816
49.9958
58.9353
67.9062
76.9143
85.9657
95.0661
104.22
113.427
122.678
131.939
141.12
14.4229
23.2713
32.1281
40.9986
49.8886
58.8038
67.75
76.7332
85.7596
94.8353
103.966
113.155
122.4
131.686
140.976
14.4091
23.2299
32.0589
40.9015
49.7632
58.6496
67.5667
76.5205
85.5175
94.5645
103.669
112.841
122.091
131.429
140.858
14.3933
23.1826
31.9798
40.7903
49.6195
58.4731
67.3566
76.2764
85.2389
94.2517
103.324
112.471
121.717
131.106
140.701
14.3756
23.1294
31.891
40.6654
49.4581
58.2745
67.1201
76.001
84.9236
93.8953
102.926
112.03
121.242
130.637
140.399
14.356
23.0706
31.7927
40.5272
49.2794
58.0544
66.8578
75.6951
84.5725
93.4961
102.473
111.513
120.636
129.91
139.65
14.3347
23.0063
31.6852
40.3761
49.0838
57.8136
66.5705
75.36
84.1875
93.0579
101.975
110.936
119.923
128.858
137.399
14.3115
22.9368
31.5689
40.2124
48.8721
57.5527
66.2593
74.9969
83.7709
92.5856
101.443
110.338
119.243
128.077
136.629
14.2867
22.8622
31.4442
40.0369
48.6449
57.2727
65.925
74.6071
83.3242
92.0816
100.884
109.73
118.611
127.488
136.28
14.2603
22.7829
31.3115
39.8501
48.403
56.9743
65.5688
74.1914
82.8478
91.5447
100.291
109.097
117.979
126.954
136.031
14.2324
22.6991
31.1713
39.6527
48.1473
56.6588
65.1917
73.7506
82.3414
90.9717
99.6536
108.409
117.28
126.347
135.736
14.2032
22.6111
31.0241
39.4455
47.8788
56.3274
64.7951
73.2862
81.8058
90.3609
98.9635
107.638
116.441
125.515
135.2
14.1726
22.5194
30.8707
39.2294
47.5987
55.9814
64.3809
72.8004
81.2437
89.7152
98.2212
106.775
115.411
124.257
133.884
14.141
22.4243
30.7115
39.0053
47.3082
55.6227
63.9514
72.2965
80.6602
89.0433
97.4438
105.852
114.233
122.453
129.924
14.1083
22.3261
30.5473
38.7741
47.0086
55.253
63.509
71.7783
80.0614
88.3572
96.6588
104.946
113.164
121.165
128.597
14.0748
22.2253
30.3787
38.5368
46.7013
54.8739
63.056
71.2487
79.4522
87.665
95.8813
104.086
112.242
120.271
128.037
14.0405
22.1222
30.2063
38.2943
46.3874
54.4871
62.5943
70.71
78.8346
86.9681
95.1096
103.257
111.407
119.555
127.695
14.0055
22.0172
30.0308
38.0474
46.0681
54.0938
62.1253
70.1634
78.209
86.2637
94.3315
102.424
110.571
118.842
127.356
13.97
21.9106
29.8526
37.7969
45.7442
53.6952
61.6503
69.6101
77.5753
85.5479
93.5339
101.55
109.647
117.957
126.81
13.9341
21.8027
29.6723
37.5436
45.4169
53.2925
61.1707
69.0513
76.9345
84.8208
92.7126
100.619
108.571
116.692
125.533
13.8978
21.6938
29.4904
37.288
45.0869
52.8869
60.6878
68.4891
76.2897
84.0878
91.8791
99.6529
107.376
114.924
121.744
13.8613
21.5841
29.3072
37.0309
44.7551
52.4794
60.2033
67.9257
75.6448
83.3573
91.0553
98.7196
106.299
113.658
120.467
13.8246
21.4738
29.1231
36.7727
44.4221
52.071
59.7183
67.3628
75.0027
82.6347
90.2525
97.8426
105.373
112.772
119.92
13.7877
21.363
28.9384
36.5138
44.0886
51.6623
59.2338
66.8016
74.3641
81.9197
89.4667
97.0045
104.534
112.058
119.581
13.7506
21.2519
28.7533
36.2544
43.7549
51.254
58.7502
66.2423
73.7285
81.2085
88.6848
96.1695
103.696
111.342
119.239
13.7135
21.1405
28.5677
35.9947
43.4212
50.8462
58.2682
65.6853
73.0954
80.4975
87.8946
95.3027
102.773
110.448
118.68
13.6762
21.0287
28.3816
35.7347
43.0876
50.4393
57.7881
65.1314
72.466
79.7878
87.0944
94.39
101.704
109.165
117.358
13.6387
20.9164
28.1948
35.474
42.7537
50.0331
57.3103
64.582
71.8433
79.0865
86.2993
93.4618
100.53
107.371
113.412
13.601
20.8033
28.0068
35.2121
42.4191
49.6272
56.8347
64.0381
71.2314
78.4039
85.5368
92.596
99.5116
106.129
112.107
13.5628
20.6891
27.8172
34.9482
42.0826
49.2205
56.3605
63.4996
70.632
77.7465
84.8232
91.8272
98.6968
105.329
111.587
13.5241
20.5732
27.625
34.6811
41.7428
48.8109
55.8853
62.9641
70.043
77.113
84.1576
91.149
98.0439
104.785
111.327
13.4847
20.4552
27.4293
34.4094
41.3976
48.3958
55.4054
62.4268
69.4583
76.495
83.5265
90.5352
97.4948
104.375
111.162
13.4443
20.3344
27.229
34.1312
41.0443
47.9714
54.9159
61.8807
68.868
75.8783
82.9088
89.9527
96.9975
104.028
111.034
13.4028
20.2101
27.0228
33.8448
40.6802
47.5338
54.4108
61.3173
68.2599
75.2452
82.2794
89.3667
96.5072
103.695
110.914
13.3599
20.0817
26.8097
33.5482
40.3025
47.0785
53.8837
60.7271
67.62
74.576
81.6107
88.7411
95.9814
103.336
110.784
13.3156
19.9488
26.5887
33.24
39.9086
46.6018
53.3285
60.1009
66.9345
73.8499
80.8731
88.0363
95.3734
102.908
110.626
13.2696
19.8111
26.3591
32.919
39.4968
46.1004
52.7403
59.4304
66.1903
73.0466
80.0359
87.208
94.6252
102.351
110.405
13.2221
19.6684
26.1209
32.5848
39.066
45.5726
52.1155
58.7099
65.3773
72.1487
79.0693
86.2067
93.6596
101.563
110.046
13.1731
19.521
25.8744
32.2377
38.6165
45.0184
51.4536
57.9371
64.4902
71.1449
77.9499
84.9837
92.3785
100.368
109.353
13.1227
19.3694
25.6204
31.8791
38.1502
44.4398
50.7568
57.1142
63.5308
70.0346
76.6693
83.5074
90.6814
98.4794
107.707
136.8
123.563
112.424
102.22
92.5373
83.1836
74.0542
65.0844
56.2311
47.4637
38.7602
30.1035
21.4803
12.8796
4.29179
139.175
126.267
114.827
104.283
94.2998
84.689
75.3364
66.1694
57.1388
48.2097
39.3562
30.5585
21.8009
13.0702
4.35503
140.164
127.95
116.606
105.953
95.8021
86.0132
76.488
67.1582
57.9749
48.9021
39.9126
30.9851
22.1023
13.2497
4.41466
140.661
129.027
117.902
107.272
97.0511
87.1525
77.5025
68.044
58.7331
49.5357
40.4252
31.3799
22.3822
13.4168
4.47023
140.952
129.749
118.853
108.304
98.0745
88.1173
78.3824
68.8259
59.4111
50.108
40.8915
31.7411
22.6393
13.5707
4.52144
141.141
130.254
119.561
109.111
98.907
88.9259
79.1367
69.5079
60.0105
50.619
41.3111
32.068
22.8729
13.7108
4.56814
141.274
130.621
120.096
109.746
99.5827
89.5993
79.778
70.0973
60.5352
51.0707
41.685
32.3609
23.083
13.8372
4.61033
141.371
130.896
120.509
110.249
100.131
90.1582
80.3201
70.603
60.9908
51.4668
42.0152
32.621
23.2704
13.9503
4.6481
141.445
131.107
120.832
110.65
100.578
90.6215
80.7765
71.0345
61.3837
51.8115
42.3046
32.8503
23.4362
14.0505
4.68164
141.502
131.272
121.087
110.972
100.943
91.0054
81.1598
71.4011
61.721
52.1097
42.5566
33.051
23.5819
14.1388
4.71121
141.547
131.402
121.291
111.233
101.241
91.3236
81.4813
71.7116
62.0091
52.3664
42.7749
33.2255
23.7091
14.2161
4.73712
141.583
131.506
121.455
111.444
101.486
91.5877
81.7505
71.974
62.2545
52.5864
42.963
33.3766
23.8195
14.2833
4.75969
141.611
131.59
121.588
111.618
101.689
91.8071
81.976
72.1954
62.4629
52.7744
43.1244
33.5068
23.9149
14.3415
4.77924
141.635
131.659
121.697
111.76
101.856
91.9895
82.1648
72.3819
62.6395
52.9344
43.2625
33.6185
23.997
14.3916
4.79611
141.654
131.715
121.786
111.877
101.994
92.1414
82.3228
72.5388
62.7888
53.0703
43.3801
33.7141
24.0673
14.4347
4.8106
141.67
131.761
121.86
111.974
102.108
92.2679
82.455
72.6708
62.9148
53.1855
43.4802
33.7955
24.1274
14.4715
4.823
141.682
131.799
121.921
112.054
102.204
92.3734
82.5657
72.7816
63.0211
53.283
43.5651
33.8647
24.1786
14.5029
4.83358
141.693
131.83
121.971
112.12
102.283
92.4613
82.6582
72.8746
63.1106
53.3652
43.6369
33.9234
24.222
14.5296
4.84257
141.702
131.856
122.012
112.175
102.348
92.5346
82.7356
72.9526
63.1857
53.4344
43.6975
33.973
24.2588
14.5522
4.8502
141.709
131.877
122.047
112.221
102.403
92.5957
82.8002
73.0178
63.2487
53.4926
43.7485
34.0149
24.2899
14.5713
4.85665
141.715
131.895
122.075
112.259
102.449
92.6465
82.8541
73.0723
63.3015
53.5414
43.7913
34.05
24.316
14.5874
4.86207
141.72
131.909
122.099
112.29
102.486
92.6887
82.8988
73.1176
63.3455
53.5822
43.8271
34.0795
24.3379
14.6008
4.86662
141.724
131.921
122.118
112.316
102.517
92.7235
82.9359
73.1553
63.382
53.616
43.8569
34.104
24.3561
14.6121
4.87042
141.727
131.931
122.134
112.337
102.543
92.7522
82.9665
73.1863
63.4122
53.644
43.8816
34.1243
24.3712
14.6214
4.87357
141.73
131.939
122.147
112.355
102.564
92.7757
82.9914
73.2116
63.4368
53.6669
43.9018
34.1409
24.3836
14.629
4.87615
141.732
131.946
122.157
112.368
102.58
92.7945
83.0115
73.2321
63.4567
53.6855
43.9181
34.1544
24.3936
14.6352
4.87824
141.734
131.951
122.166
112.379
102.594
92.8094
83.0274
73.2483
63.4725
53.7001
43.9311
34.1651
24.4016
14.6401
4.8799
141.735
131.955
122.172
112.388
102.604
92.8208
83.0395
73.2607
63.4846
53.7114
43.941
34.1733
24.4077
14.6439
4.88118
141.736
131.958
122.176
112.394
102.611
92.829
83.0483
73.2696
63.4933
53.7196
43.9482
34.1792
24.4122
14.6467
4.88211
141.737
131.959
122.179
112.398
102.616
92.8343
83.054
73.2755
63.4991
53.7249
43.953
34.1831
24.4151
14.6485
4.88272
141.737
131.96
122.181
112.4
102.618
92.8369
83.0568
73.2784
63.5019
53.7276
43.9553
34.1851
24.4166
14.6494
4.88303
141.737
131.96
122.181
112.4
102.618
92.8369
83.0568
73.2783
63.5019
53.7276
43.9554
34.1852
24.4167
14.6494
4.88305
141.737
131.959
122.179
112.397
102.615
92.8341
83.0539
73.2755
63.4992
53.7251
43.9532
34.1834
24.4154
14.6486
4.88278
141.736
131.957
122.176
112.393
102.611
92.8286
83.0481
73.2696
63.4936
53.7199
43.9487
34.1797
24.4126
14.647
4.88222
141.735
131.954
122.171
112.387
102.603
92.8201
83.0391
73.2606
63.4849
53.712
43.9418
34.1741
24.4084
14.6444
4.88135
141.734
131.95
122.164
112.378
102.592
92.8084
83.0268
73.2483
63.473
53.701
43.9322
34.1662
24.4026
14.6408
4.88015
141.732
131.945
122.156
112.366
102.579
92.7931
83.0107
73.2321
63.4575
53.6868
43.9198
34.1561
24.3951
14.6362
4.87859
141.729
131.938
122.144
112.352
102.561
92.7736
82.9903
73.2117
63.4379
53.6688
43.9042
34.1433
24.3857
14.6304
4.87665
141.726
131.929
122.13
112.333
102.539
92.7493
82.965
73.1864
63.4137
53.6468
43.885
34.1277
24.3742
14.6234
4.87426
141.723
131.918
122.113
112.31
102.512
92.7195
82.9339
73.1555
63.3843
53.6199
43.8617
34.1088
24.3602
14.6148
4.87139
141.718
131.904
122.091
112.282
102.478
92.683
82.8961
73.1181
63.3488
53.5877
43.8339
34.0862
24.3436
14.6047
4.86796
141.712
131.887
122.064
112.247
102.438
92.6386
82.8504
73.0732
63.3064
53.5493
43.8008
34.0595
24.3239
14.5926
4.86392
141.705
131.866
122.031
112.204
102.388
92.5848
82.7955
73.0194
63.256
53.5039
43.7617
34.028
24.3009
14.5786
4.85919
141.696
131.84
121.989
112.15
102.327
92.5197
82.7295
72.9554
63.1963
53.4504
43.716
33.9912
24.274
14.5622
4.85369
141.685
131.807
121.937
112.084
102.252
92.441
82.6507
72.8796
63.1261
53.3878
43.6627
33.9485
24.2428
14.5432
4.84732
141.673
131.765
121.87
112.001
102.16
92.346
82.5568
72.7902
63.0438
53.315
43.601
33.8992
24.2069
14.5214
4.84001
141.663
131.71
121.784
111.897
102.048
92.2317
82.4454
72.6853
62.9481
53.2307
43.5299
33.8426
24.1658
14.4965
4.83165
141.672
131.633
121.667
111.764
101.91
92.095
82.3142
72.563
62.8374
53.1338
43.4484
33.778
24.1189
14.4681
4.82216
141.77
131.504
121.504
111.595
101.742
91.9327
82.1607
72.4213
62.7101
53.023
43.3558
33.7047
24.066
14.4361
4.81144
141.029
131.189
121.274
111.386
101.542
91.7425
81.9827
72.2585
62.5649
52.8972
43.251
33.6221
24.0064
14.4001
4.79942
140.77
130.922
121.022
111.144
101.31
91.5223
81.7784
72.0729
62.4003
52.7554
43.1334
33.5296
23.9399
14.36
4.78601
140.639
130.688
120.754
110.869
101.042
91.27
81.5457
71.8629
62.2152
52.5967
43.0021
33.4267
23.866
14.3155
4.77115
140.527
130.439
120.449
110.553
100.735
90.9823
81.2826
71.627
62.0083
52.4201
42.8567
33.313
23.7844
14.2665
4.75478
140.371
130.118
120.076
110.179
100.381
90.6557
80.987
71.3641
61.7791
52.2251
42.6966
33.1881
23.695
14.2127
4.73687
140.07
129.65
119.599
109.733
99.974
90.2879
80.6578
71.0734
61.5268
52.0114
42.5215
33.0519
23.5976
14.1543
4.71738
139.321
128.923
118.991
109.211
99.5144
89.8792
80.2952
70.7549
61.2515
51.7789
42.3315
32.9042
23.4922
14.0911
4.69631
137.069
127.869
118.276
108.63
99.0096
89.4328
79.9006
70.4093
60.9535
51.5277
42.1266
32.7452
23.3788
14.0231
4.67367
136.299
127.087
117.593
108.028
98.4725
88.9535
79.4759
70.0374
60.6332
51.2581
41.907
32.575
23.2576
13.9505
4.64948
135.949
126.496
116.958
107.417
97.908
88.4434
79.0223
69.6401
60.2915
50.9708
41.6732
32.394
23.1287
13.8733
4.62379
135.7
125.961
116.324
106.78
97.3106
87.9012
78.5399
69.2181
59.9288
50.6664
41.4258
32.2025
22.9925
13.7918
4.59665
135.404
125.353
115.622
106.088
96.6696
87.3236
78.0284
68.7718
59.5462
50.3456
41.1653
32.0011
22.8493
13.7061
4.56813
134.868
124.52
114.782
105.315
95.9759
86.7086
77.4881
68.3026
59.1447
50.0095
40.8927
31.7905
22.6996
13.6166
4.53833
133.552
123.26
113.75
104.449
95.2304
86.0591
76.9219
67.8125
58.7262
49.6595
40.6089
31.5713
22.5438
13.5234
4.50733
129.591
121.455
112.57
103.524
94.45
85.3837
76.3346
67.3047
58.2928
49.2971
40.3151
31.3444
22.3826
13.427
4.47525
128.264
120.166
111.499
102.615
93.6621
84.6943
75.7323
66.7827
57.8468
48.9239
40.0125
31.1107
22.2164
13.3277
4.44219
127.703
119.271
110.576
101.753
92.8818
83.9989
75.1196
66.2496
57.3903
48.5416
39.7023
30.871
22.046
13.2257
4.40826
127.361
118.554
109.739
100.922
92.1073
83.2989
74.4986
65.7073
56.9252
48.1515
39.3855
30.6261
21.8719
13.1216
4.37358
127.022
117.84
108.901
100.086
91.3263
82.5912
73.8695
65.1572
56.4526
47.7549
39.0632
30.3768
21.6945
13.0154
4.33825
126.475
116.954
107.975
99.2102
90.5256
81.872
73.2321
64.6001
55.974
47.3529
38.7364
30.1238
21.5145
12.9077
4.30237
125.198
115.687
106.897
98.2759
89.701
81.1411
72.5873
64.0372
55.4903
46.9465
38.4057
29.8677
21.3322
12.7985
4.26603
121.408
113.918
105.7
97.3067
88.8637
80.4039
71.938
63.4705
55.0031
46.5368
38.0721
29.6092
21.148
12.6882
4.2293
120.131
112.651
104.62
96.3699
88.0357
79.6686
71.2881
62.902
54.5136
46.1248
37.7363
29.3488
20.9624
12.577
4.19225
119.584
111.763
103.691
95.4888
87.228
78.9406
70.6403
62.3333
54.023
45.7112
37.3989
29.0869
20.7756
12.465
4.15494
119.244
111.047
102.849
94.646
86.4365
78.2193
69.9951
61.7654
53.5321
45.2966
37.0602
28.8237
20.5877
12.3523
4.11739
118.901
110.328
102.007
93.8055
85.648
77.5007
69.3517
61.1983
53.0411
44.8814
36.7205
28.5595
20.399
12.239
4.07961
118.341
109.431
101.078
92.932
84.8499
76.781
68.7095
60.6323
52.5504
44.4657
36.3799
28.2942
20.2092
12.1251
4.04161
117.018
108.144
100.003
92.0113
84.0403
76.061
68.0693
60.0677
52.0601
44.0495
36.0382
28.0276
20.0183
12.0103
4.00333
113.069
106.345
98.822
91.0735
83.234
75.3474
67.4339
59.5057
51.5703
43.6325
35.695
27.7593
19.826
11.8946
3.96471
111.763
105.098
97.7944
90.1962
82.458
74.6501
66.8069
58.947
51.0808
43.214
35.3495
27.4887
19.6316
11.7776
3.92564
111.241
104.29
96.9687
89.4132
81.728
73.9751
66.1895
58.3909
50.5901
42.7925
35.0005
27.2147
19.4346
11.6589
3.88597
110.978
103.738
96.3022
88.7177
81.0425
73.3204
65.5791
57.8347
50.0957
42.3659
34.6462
26.936
19.234
11.5379
3.84555
110.809
103.317
95.7362
88.0825
80.3872
72.6769
64.9689
57.2731
49.5935
41.9309
34.2842
26.651
19.0286
11.414
3.80414
110.675
102.956
95.2175
87.4733
79.7399
72.0295
64.3484
56.6984
49.0779
41.4837
33.9117
26.3576
18.8172
11.2865
3.76154
110.549
102.604
94.6998
86.8541
79.0741
71.3594
63.7043
56.1015
48.5426
41.0198
33.5257
26.0539
18.5987
11.1548
3.71752
110.411
102.221
94.1385
86.1863
78.3607
70.6455
63.0221
55.4723
47.9808
40.5347
33.1233
25.738
18.3716
11.0181
3.67188
110.24
101.76
93.4836
85.4281
77.5679
69.8659
62.2866
54.801
47.386
40.0241
32.7017
25.4082
18.1352
10.8759
3.62445
109.999
101.155
92.6723
84.5314
76.663
68.9988
61.4843
54.0789
46.753
39.485
32.259
25.0633
17.8887
10.728
3.57513
109.608
100.295
91.6208
83.4428
75.6138
68.0255
60.6042
53.2999
46.0782
38.9154
31.7944
24.703
17.632
10.5742
3.52394
108.848
98.9887
90.2217
82.1092
74.395
66.9343
59.6411
52.4617
45.3611
38.3155
31.3083
24.3278
17.3656
10.415
3.47096
107.045
96.9202
88.3652
80.4963
72.9978
65.7245
58.597
51.5673
44.6045
37.6877
30.8026
23.9393
17.0905
10.2509
3.41643
13.0661
19.1992
25.3346
31.4745
37.6219
43.7809
49.958
56.1622
62.4067
68.7109
75.1028
81.6241
88.3347
95.3061
102.524
13.0036
19.0106
25.0176
31.0246
37.0324
43.0426
49.0575
55.0809
61.1183
67.1761
73.2611
79.3768
85.5099
91.5936
97.4043
12.9409
18.8218
24.6997
30.5728
36.4394
42.2977
48.1464
53.9836
59.8068
65.6111
71.3858
77.1085
82.7305
88.1502
93.1695
12.8792
18.6355
24.386
30.1266
35.8531
41.561
47.2448
52.8981
58.5119
64.0727
69.5595
74.9377
80.1498
85.1031
89.6588
12.8192
18.4547
24.0815
29.6935
35.2843
40.8466
46.372
51.8501
57.2674
62.6056
67.8388
72.9295
77.8244
82.4497
86.7131
12.7619
18.2821
23.791
29.2807
34.7427
40.1676
45.5446
50.8607
56.0997
61.241
66.2576
71.1142
75.7651
80.1546
84.2206
12.7083
18.1204
23.519
28.8945
34.2369
39.5351
44.7764
49.9463
55.0273
59.9984
64.8336
69.5013
73.964
78.1795
82.1048
12.659
17.972
23.2694
28.5406
33.7742
38.9578
44.0778
49.1187
54.0628
58.8893
63.5744
68.0904
72.4068
76.4912
80.3126
12.6147
17.8386
23.0454
28.2234
33.3603
38.4428
43.4567
48.3861
53.2135
57.9192
62.4814
66.8763
71.0785
75.0627
78.8054
12.576
17.7219
22.8496
27.9464
32.9995
37.995
42.9183
47.7535
52.4837
57.0902
61.5532
65.8519
69.9651
73.8722
77.5549
12.5432
17.6231
22.6839
27.7124
32.6951
37.618
42.4662
47.2242
51.8753
56.4022
60.7867
65.0103
69.0548
72.903
76.5398
12.5166
17.5431
22.5498
27.5232
32.4494
37.3142
42.1028
46.7998
51.3891
55.8543
60.1785
64.345
68.3378
72.1419
75.7445
12.4965
17.4826
22.4485
27.3803
32.264
37.0853
41.8295
46.4812
51.025
55.445
59.7254
63.8508
67.8065
71.5791
75.1573
12.483
17.442
22.3805
27.2845
32.1399
36.9323
41.6469
46.2688
50.7826
55.173
59.4249
63.5236
67.4553
71.2077
74.7701
12.4762
17.4217
22.3465
27.2365
32.0777
36.8557
41.5556
46.1625
50.6615
55.0373
59.2751
63.3607
67.2806
71.0231
74.5778
108.646
110.713
111.666
112.208
112.569
112.835
113.043
113.214
113.356
113.479
113.585
113.678
113.76
113.833
113.898
113.957
114.01
114.058
114.101
114.14
114.176
114.208
114.237
114.264
114.288
114.31
114.33
114.348
114.365
114.38
114.393
114.405
114.416
114.426
114.435
114.442
114.449
114.455
114.459
114.464
114.467
114.469
114.471
114.472
114.473
114.472
114.471
114.469
114.467
114.463
114.459
114.454
114.449
114.442
114.434
114.426
114.416
114.405
114.393
114.379
114.364
114.348
114.33
114.31
114.288
114.263
114.237
114.207
114.175
114.14
114.101
114.058
114.01
113.958
113.9
113.835
113.764
113.684
113.593
113.492
113.375
113.241
113.085
112.898
112.67
112.378
111.983
111.388
110.343
108.075
101.915
104.682
106.531
107.827
108.784
109.527
110.125
110.62
111.039
111.399
111.713
111.989
112.233
112.45
112.645
112.82
112.977
113.12
113.249
113.366
113.472
113.568
113.656
113.736
113.808
113.874
113.934
113.988
114.037
114.082
114.122
114.158
114.19
114.219
114.245
114.268
114.288
114.305
114.32
114.332
114.342
114.349
114.355
114.358
114.359
114.358
114.355
114.349
114.341
114.331
114.319
114.304
114.287
114.267
114.244
114.218
114.189
114.157
114.12
114.08
114.036
113.986
113.932
113.872
113.806
113.734
113.654
113.566
113.47
113.364
113.248
113.119
112.978
112.821
112.649
112.457
112.243
112.005
111.737
111.435
111.092
110.697
110.238
109.695
109.039
108.225
107.175
105.755
103.727
100.693
97.1029
99.9652
102.19
103.926
105.304
106.423
107.35
108.132
108.801
109.382
109.891
110.34
110.739
111.095
111.415
111.702
111.962
112.196
112.409
112.602
112.777
112.936
113.081
113.213
113.332
113.441
113.54
113.63
113.711
113.784
113.851
113.911
113.964
114.012
114.055
114.093
114.125
114.154
114.178
114.198
114.215
114.227
114.236
114.241
114.243
114.241
114.236
114.227
114.214
114.198
114.177
114.153
114.124
114.091
114.053
114.011
113.962
113.909
113.848
113.782
113.708
113.627
113.537
113.438
113.329
113.209
113.077
112.932
112.773
112.599
112.406
112.195
111.961
111.704
111.419
111.104
110.754
110.363
109.926
109.434
108.876
108.24
107.506
106.649
105.633
104.406
102.896
100.993
98.5532
95.4148
93.3134
96.1619
98.5487
100.535
102.193
103.59
104.778
105.8
106.687
107.464
108.15
108.758
109.301
109.788
110.225
110.62
110.976
111.299
111.592
111.858
112.1
112.32
112.52
112.701
112.867
113.017
113.154
113.278
113.39
113.492
113.584
113.667
113.741
113.808
113.867
113.919
113.964
114.004
114.037
114.065
114.088
114.105
114.117
114.125
114.127
114.124
114.117
114.104
114.087
114.064
114.036
114.002
113.963
113.917
113.864
113.805
113.738
113.664
113.581
113.489
113.387
113.274
113.149
113.012
112.862
112.696
112.514
112.314
112.094
111.853
111.588
111.296
110.974
110.62
110.229
109.797
109.317
108.784
108.188
107.521
106.77
105.918
104.946
103.826
102.524
100.993
99.1755
96.9982
94.3816
91.259
90.2023
93.0188
95.4798
97.6118
99.4549
101.052
102.441
103.656
104.726
105.672
106.514
107.266
107.94
108.546
109.093
109.587
110.034
110.44
110.809
111.144
111.449
111.727
111.979
112.209
112.418
112.608
112.781
112.938
113.08
113.209
113.325
113.43
113.524
113.608
113.683
113.749
113.807
113.857
113.899
113.934
113.963
113.985
114.001
114.01
114.013
114.009
114
113.984
113.962
113.933
113.897
113.855
113.804
113.746
113.68
113.605
113.521
113.426
113.321
113.204
113.075
112.932
112.775
112.602
112.411
112.202
111.972
111.719
111.441
111.137
110.802
110.434
110.03
109.585
109.094
108.552
107.952
107.288
106.549
105.725
104.803
103.766
102.594
101.261
99.7388
97.9889
95.9687
93.6319
90.9345
87.8472
87.5988
90.3838
92.8801
95.1002
97.067
98.8075
100.349
101.719
102.938
104.027
105.003
105.88
106.671
107.385
108.03
108.616
109.147
109.63
110.069
110.469
110.833
111.164
111.466
111.741
111.991
112.219
112.426
112.614
112.784
112.939
113.078
113.204
113.316
113.417
113.507
113.586
113.655
113.715
113.766
113.808
113.843
113.869
113.888
113.899
113.902
113.898
113.887
113.868
113.841
113.807
113.764
113.713
113.652
113.583
113.503
113.413
113.312
113.199
113.073
112.933
112.778
112.607
112.418
112.211
111.983
111.732
111.456
111.154
110.823
110.459
110.059
109.621
109.139
108.609
108.027
107.385
106.677
105.894
105.028
104.067
102.997
101.803
100.467
98.9664
97.2765
95.369
93.2136
90.7804
88.0446
84.9923
85.4032
88.1606
90.6738
92.9492
95.0004
96.8449
98.5022
99.9919
101.332
102.54
103.63
104.615
105.507
106.316
107.051
107.718
108.325
108.878
109.381
109.84
110.258
110.639
110.986
111.303
111.591
111.854
112.093
112.309
112.506
112.684
112.845
112.99
113.12
113.237
113.34
113.432
113.511
113.581
113.639
113.689
113.728
113.759
113.78
113.793
113.797
113.793
113.779
113.758
113.727
113.687
113.637
113.578
113.509
113.428
113.336
113.232
113.115
112.985
112.839
112.678
112.499
112.301
112.084
111.844
111.581
111.292
110.975
110.627
110.245
109.826
109.367
108.864
108.312
107.706
107.04
106.308
105.503
104.616
103.639
102.559
101.364
100.041
98.5719
96.9394
95.1232
93.1019
90.8541
88.3606
85.6064
82.5848
83.551
86.2849
88.8058
91.1171
93.227
95.1473
96.892
98.4758
99.9131
101.218
102.403
103.48
104.459
105.35
106.162
106.902
107.576
108.191
108.752
109.264
109.731
110.158
110.546
110.901
111.224
111.518
111.786
112.029
112.25
112.45
112.63
112.793
112.939
113.07
113.186
113.289
113.378
113.456
113.522
113.577
113.622
113.656
113.68
113.694
113.699
113.694
113.679
113.655
113.62
113.575
113.52
113.453
113.375
113.285
113.182
113.065
112.934
112.787
112.623
112.442
112.241
112.02
111.776
111.507
111.212
110.888
110.532
110.143
109.715
109.247
108.735
108.173
107.557
106.883
106.143
105.332
104.442
103.465
102.392
101.211
99.9129
98.4831
96.9081
95.1726
93.2607
91.1564
88.8445
86.3119
83.5496
80.5539
81.9978
84.7121
87.2359
89.5708
91.7223
93.6984
95.5093
97.1661
98.6803
100.063
101.326
102.48
103.533
104.494
105.372
106.175
106.908
107.577
108.189
108.748
109.259
109.725
110.15
110.539
110.893
111.215
111.509
111.776
112.018
112.237
112.436
112.614
112.775
112.919
113.046
113.159
113.257
113.343
113.415
113.476
113.525
113.562
113.589
113.605
113.61
113.604
113.588
113.561
113.523
113.474
113.413
113.34
113.254
113.155
113.041
112.913
112.769
112.608
112.428
112.229
112.009
111.765
111.498
111.203
110.879
110.524
110.134
109.707
109.24
108.728
108.167
107.554
106.883
106.148
105.344
104.465
103.502
102.448
101.294
100.03
98.6458
97.1301
95.4708
93.6554
91.6711
89.5058
87.1484
84.59
81.8248
78.8509
80.7117
83.4098
85.9339
88.2848
90.466
92.4832
94.3441
96.0572
97.6318
99.0774
100.404
101.619
102.733
103.753
104.687
105.543
106.326
107.042
107.697
108.297
108.845
109.346
109.803
110.221
110.602
110.949
111.265
111.553
111.814
112.05
112.264
112.457
112.63
112.785
112.923
113.044
113.15
113.242
113.321
113.386
113.439
113.479
113.508
113.525
113.531
113.525
113.507
113.478
113.437
113.384
113.318
113.239
113.146
113.039
112.917
112.779
112.623
112.449
112.256
112.041
111.804
111.542
111.253
110.935
110.587
110.204
109.785
109.326
108.823
108.273
107.671
107.013
106.294
105.509
104.65
103.712
102.688
101.57
100.349
99.0168
97.5636
95.9794
94.254
92.3769
90.3379
88.1277
85.7378
83.1621
80.3966
77.4406
79.6691
82.3542
84.8774
87.2391
89.4416
91.489
93.3873
95.1433
96.7645
98.2591
99.6351
100.901
102.063
103.131
104.111
105.01
105.834
106.589
107.281
107.914
108.494
109.024
109.508
109.951
110.355
110.723
111.058
111.363
111.64
111.891
112.118
112.323
112.506
112.671
112.817
112.946
113.059
113.157
113.24
113.309
113.365
113.408
113.439
113.457
113.463
113.456
113.438
113.407
113.363
113.307
113.237
113.153
113.055
112.941
112.811
112.664
112.499
112.314
112.109
111.881
111.629
111.351
111.044
110.708
110.338
109.932
109.488
109.001
108.469
107.887
107.251
106.556
105.797
104.969
104.065
103.08
102.005
100.835
99.5602
98.1733
96.6654
95.0277
93.2512
91.3272
89.2473
87.004
84.5909
82.0035
79.2391
76.2975
78.853
81.528
84.0499
86.4188
88.6363
90.7056
92.6313
94.4191
96.0754
97.607
99.0212
100.325
101.526
102.631
103.647
104.581
105.437
106.223
106.944
107.604
108.209
108.763
109.269
109.731
110.153
110.538
110.889
111.208
111.498
111.761
111.999
112.213
112.405
112.577
112.73
112.866
112.984
113.086
113.174
113.246
113.305
113.35
113.382
113.401
113.407
113.4
113.381
113.348
113.303
113.244
113.17
113.083
112.979
112.86
112.725
112.571
112.398
112.204
111.989
111.75
111.486
111.195
110.875
110.522
110.135
109.711
109.247
108.738
108.182
107.574
106.91
106.186
105.395
104.533
103.593
102.57
101.456
100.245
98.9285
97.4994
95.9497
94.2714
92.4566
90.4978
88.3878
86.1207
83.6912
81.096
78.3331
75.4028
78.2509
80.9184
83.4391
85.8127
88.0404
90.1248
92.0698
93.8801
95.5613
97.1196
98.5614
99.8934
101.122
102.255
103.297
104.256
105.137
105.947
106.689
107.37
107.993
108.564
109.087
109.564
110.001
110.398
110.761
111.091
111.391
111.662
111.908
112.129
112.328
112.506
112.665
112.805
112.927
113.033
113.123
113.198
113.259
113.306
113.339
113.358
113.364
113.358
113.337
113.304
113.257
113.195
113.12
113.029
112.922
112.799
112.658
112.499
112.32
112.12
111.898
111.651
111.378
111.077
110.746
110.381
109.982
109.543
109.063
108.538
107.964
107.337
106.652
105.905
105.091
104.203
103.237
102.186
101.043
99.8015
98.4546
96.9948
95.4148
93.7073
91.8652
89.8817
87.7507
85.467
83.0265
80.4261
77.6648
74.7426
77.8541
80.5167
83.0364
85.4128
87.6468
89.7408
91.698
93.5227
95.22
96.7955
98.2553
99.6056
100.853
102.003
103.063
104.039
104.937
105.761
106.518
107.212
107.848
108.431
108.965
109.452
109.898
110.304
110.675
111.012
111.318
111.596
111.847
112.073
112.277
112.458
112.62
112.763
112.888
112.997
113.089
113.166
113.228
113.275
113.309
113.329
113.336
113.329
113.308
113.274
113.226
113.163
113.085
112.993
112.884
112.758
112.614
112.451
112.268
112.064
111.836
111.584
111.305
110.998
110.659
110.287
109.878
109.43
108.94
108.404
107.818
107.178
106.479
105.717
104.887
103.983
102.999
101.929
100.767
99.5056
98.1386
96.6588
95.0591
93.3328
91.473
89.4738
87.3295
85.0354
82.5879
79.9846
77.2243
74.3076
77.6571
80.3172
82.8364
85.2141
87.4512
89.5498
91.5129
93.3446
95.0498
96.6337
98.1024
99.4617
100.718
101.877
102.946
103.93
104.836
105.668
106.432
107.133
107.776
108.364
108.903
109.396
109.846
110.257
110.631
110.972
111.281
111.562
111.816
112.045
112.25
112.434
112.598
112.743
112.869
112.979
113.072
113.149
113.212
113.26
113.295
113.315
113.321
113.314
113.293
113.259
113.21
113.147
113.068
112.974
112.864
112.737
112.592
112.427
112.242
112.036
111.806
111.55
111.269
110.958
110.615
110.239
109.826
109.374
108.878
108.336
107.744
107.098
106.392
105.623
104.785
103.872
102.879
101.8
100.628
99.3575
97.9806
96.4909
94.8816
93.146
91.2776
89.2707
87.1199
84.8208
82.37
79.7652
77.0056
74.0916
101.36
93.4423
85.7957
78.4365
71.2864
64.28
57.3718
50.5306
43.7354
36.9715
30.2287
23.5
16.7803
10.0662
3.35508
95.7455
89.3729
82.7014
75.9768
69.2725
62.6032
55.9654
49.3514
42.7541
36.1674
29.5872
23.0106
16.4356
9.86122
3.28707
91.1019
85.5983
79.6562
73.4931
67.2206
60.8921
54.5325
48.1534
41.7601
35.3553
28.9409
22.5185
16.0895
9.65564
3.21888
87.2525
82.2582
76.8284
71.1156
65.2215
59.2092
53.1168
46.9674
40.7756
34.5512
28.3014
22.0319
15.7474
9.45259
3.15155
84.0227
79.3497
74.2803
68.916
63.3375
57.6037
51.7556
45.8216
39.8218
33.771
27.6804
21.5592
15.4151
9.25529
3.08612
81.2899
76.834
72.0237
66.9273
61.606
56.11
50.4779
44.7395
38.9173
33.029
27.0887
21.1083
15.098
9.0669
3.02365
78.9704
74.6691
70.05
65.1603
60.0465
54.7496
49.3043
43.7391
38.0771
32.3374
26.5359
20.6864
14.8008
8.89031
2.96506
77.0055
72.8185
68.3435
63.6145
58.6672
53.5351
48.2484
42.8335
37.3129
31.7061
26.03
20.2995
14.528
8.72805
2.91121
75.3532
71.2526
66.8878
62.2843
57.47
52.4727
47.3186
42.0316
36.6332
31.1427
25.5772
19.9526
14.2831
8.58225
2.8628
73.9822
69.9477
65.6676
61.1619
56.4532
51.5648
46.5195
41.3392
36.044
30.6527
25.1826
19.6496
14.0689
8.45464
2.82042
72.8694
68.8853
64.6699
60.2397
55.6135
50.8113
45.8534
40.7597
35.5492
30.2401
24.8495
19.3936
13.8877
8.34657
2.78451
71.9975
68.0511
63.8841
59.5107
54.9472
50.2111
45.321
40.295
35.1514
29.9077
24.5807
19.1866
13.741
8.25907
2.75542
71.3538
67.4342
63.3019
58.9692
54.4508
49.7629
44.9222
39.9462
34.8522
29.6572
24.3778
19.0302
13.6301
8.19286
2.73341
70.9294
67.0271
62.9171
58.6107
54.1216
49.4649
44.6567
39.7136
34.6523
29.4896
24.242
18.9254
13.5558
8.14847
2.71865
70.7185
66.8248
62.7256
58.4322
53.9575
49.3163
44.5241
39.5973
34.5523
29.4057
24.1739
18.8729
13.5185
8.1262
2.71124
)
;

boundaryField
{
    hot
    {
        type            fixedValue;
        value           uniform 10;
    }
    cold
    {
        type            fixedValue;
        value           uniform 0;
    }
    interface_left
    {
        type            fixedValue;
        value           nonuniform List<scalar> 
90
(
89.3785
89.3785
89.3785
89.3785
89.3785
89.3785
89.3785
89.3785
89.3785
111.616
111.616
111.616
111.616
111.616
111.616
111.616
126.552
126.552
126.552
126.552
126.552
126.552
136.243
136.243
136.243
136.243
136.243
136.243
136.243
142.203
142.203
142.203
142.203
142.203
142.203
142.203
145.697
145.697
145.697
145.697
145.697
145.697
145.697
147.463
147.463
147.463
147.463
147.463
147.463
145.556
145.556
145.556
145.556
145.556
145.556
145.556
140.556
140.556
140.556
140.556
140.556
140.556
140.556
131.713
131.713
131.713
131.713
131.713
131.713
131.713
123.292
123.292
123.292
123.292
123.292
123.292
123.292
114.474
114.474
114.474
114.474
114.474
114.474
114.474
114.474
114.474
114.474
114.474
114.474
114.474
)
;
    }
    interface_right
    {
        type            fixedValue;
        value           nonuniform List<scalar> 
90
(
146.58
146.58
146.58
146.58
146.58
146.58
146.58
146.58
146.58
146.58
146.58
146.58
146.58
146.58
146.58
146.58
146.58
146.58
146.58
146.58
146.58
146.58
146.58
146.58
146.58
146.58
146.58
146.58
146.58
146.58
146.58
146.58
146.58
146.58
146.58
146.58
146.58
146.58
146.58
146.58
146.58
146.58
146.58
146.58
146.58
146.58
146.58
146.58
147.463
145.556
145.556
145.556
145.556
145.556
145.556
145.556
140.556
140.556
140.556
140.556
140.556
140.556
140.556
131.713
131.713
131.713
131.713
131.713
131.713
131.713
123.292
123.292
123.292
123.292
123.292
123.292
123.292
114.474
114.474
114.474
114.474
114.474
114.474
114.474
114.474
114.474
114.474
114.474
114.474
114.474
)
;
    }
    interface_top
    {
        type            fixedValue;
        value           uniform 114.474;
    }
    interface_bottom
    {
        type            fixedValue;
        value           nonuniform List<scalar> 
90
(
89.3785
89.3785
89.3785
89.3785
89.3785
89.3785
89.3785
89.3785
89.3785
89.3785
89.3785
89.3785
89.3785
89.3785
89.3785
89.3785
89.3785
89.3785
89.3785
89.3785
89.3785
89.3785
89.3785
89.3785
89.3785
89.3785
89.3785
89.3785
89.3785
89.3785
89.3785
89.3785
103.593
103.593
103.593
103.593
103.593
103.593
103.593
103.593
103.593
103.593
103.593
122.638
122.638
122.638
122.638
122.638
122.638
122.638
122.638
122.638
122.638
122.638
122.638
122.638
135.303
135.303
135.303
135.303
135.303
135.303
135.303
135.303
135.303
135.303
135.303
135.303
135.303
135.303
144.204
144.204
144.204
144.204
144.204
144.204
144.204
144.204
144.204
144.204
144.204
144.204
144.204
146.58
146.58
146.58
146.58
146.58
146.58
146.58
)
;
    }
    defaultFaces
    {
        type            empty;
    }
}


// ************************************************************************* //
