/*--------------------------------*- C++ -*----------------------------------*\
| =========                 |                                                 |
| \\      /  F ield         | OpenFOAM: The Open Source CFD Toolbox           |
|  \\    /   O peration     | Version:  5.x                                   |
|   \\  /    A nd           | Web:      www.OpenFOAM.org                      |
|    \\/     M anipulation  |                                                 |
\*---------------------------------------------------------------------------*/
FoamFile
{
    version     2.0;
    format      ascii;
    class       volScalarField;
    location    "17.8";
    object      T;
}
// * * * * * * * * * * * * * * * * * * * * * * * * * * * * * * * * * * * * * //

dimensions      [0 0 0 1 0 0 0];

internalField   nonuniform List<scalar> 
6300
(
10.031
10.0929
10.1545
10.2156
10.2761
10.3357
10.3943
10.4517
10.5077
10.5622
10.6149
10.6658
10.7146
10.7614
10.8059
10.0311
10.0932
10.1549
10.2163
10.2769
10.3367
10.3955
10.4531
10.5093
10.5639
10.6168
10.6677
10.7167
10.7635
10.8081
10.0313
10.0937
10.1559
10.2176
10.2786
10.3388
10.3979
10.4559
10.5124
10.5673
10.6205
10.6717
10.7209
10.7679
10.8126
10.0315
10.0945
10.1573
10.2195
10.2811
10.3418
10.4015
10.46
10.517
10.5725
10.6261
10.6777
10.7273
10.7745
10.8194
10.0319
10.0957
10.1591
10.2221
10.2844
10.3459
10.4063
10.4655
10.5233
10.5794
10.6336
10.6859
10.7359
10.7835
10.8286
10.0324
10.0971
10.1614
10.2254
10.2886
10.351
10.4124
10.4725
10.5311
10.5881
10.6432
10.6962
10.7468
10.795
10.8405
10.0329
10.0987
10.1642
10.2293
10.2937
10.3572
10.4197
10.4809
10.5407
10.5987
10.6548
10.7088
10.7603
10.8091
10.855
10.0336
10.1007
10.1675
10.2338
10.2995
10.3644
10.4282
10.4908
10.5518
10.6112
10.6686
10.7238
10.7764
10.8261
10.8726
10.0343
10.1029
10.1712
10.239
10.3062
10.3726
10.4379
10.5021
10.5647
10.6257
10.6847
10.7413
10.7953
10.8462
10.8936
10.0352
10.1054
10.1753
10.2448
10.3137
10.3818
10.4489
10.5148
10.5793
10.6421
10.703
10.7616
10.8174
10.8698
10.9184
10.0361
10.1081
10.1799
10.2513
10.322
10.392
10.461
10.5289
10.5955
10.6605
10.7236
10.7845
10.8427
10.8973
10.9476
10.0371
10.1111
10.1849
10.2583
10.3311
10.4031
10.4743
10.5444
10.6132
10.6807
10.7464
10.8102
10.8714
10.9292
10.9821
10.0381
10.1144
10.1903
10.2659
10.3409
10.4152
10.4886
10.561
10.6324
10.7025
10.7712
10.8384
10.9035
10.9658
11.0231
10.0393
10.1178
10.1961
10.274
10.3514
10.428
10.5039
10.5788
10.6527
10.7256
10.7975
10.8685
10.9386
11.0073
11.0724
10.0405
10.1216
10.2023
10.2827
10.3626
10.4417
10.5201
10.5975
10.674
10.7497
10.8248
10.8996
10.975
11.0522
11.1315
10.8446
10.8783
10.9103
10.9408
10.9698
10.9973
11.0234
11.0481
11.0716
11.0939
11.1151
11.1354
11.1548
11.1734
11.1914
11.2088
11.2258
11.2425
11.2589
11.2751
11.2913
11.3074
11.3237
11.3402
11.3569
11.3739
11.3913
11.409
11.4271
11.4457
11.4647
11.4841
11.5038
11.524
11.5445
11.5652
11.5862
11.6074
11.6287
11.65
11.6712
11.6922
11.713
11.7333
11.7532
11.7724
11.7909
11.8085
11.8251
11.8405
11.8547
11.8675
11.8787
11.8882
11.8958
11.9014
11.9047
11.9055
11.9036
11.8988
11.8907
11.8793
11.864
11.8448
11.8211
11.7927
11.7591
11.72
11.6749
11.6233
11.5646
11.4983
11.4238
11.3404
11.2475
11.1443
11.0301
10.9041
10.7656
10.6138
10.4479
10.2672
10.0709
9.8583
9.62889
9.38213
9.11766
8.83523
8.53476
8.21634
10.8469
10.8805
10.9126
10.943
10.9719
10.9993
11.0253
11.0499
11.0732
11.0954
11.1165
11.1366
11.1559
11.1743
11.1922
11.2094
11.2263
11.2428
11.259
11.2751
11.2912
11.3072
11.3234
11.3398
11.3564
11.3734
11.3907
11.4084
11.4265
11.445
11.464
11.4834
11.5032
11.5235
11.544
11.5649
11.5859
11.6072
11.6286
11.65
11.6713
11.6925
11.7135
11.734
11.754
11.7734
11.7921
11.8099
11.8266
11.8423
11.8566
11.8696
11.8811
11.8908
11.8987
11.9045
11.9081
11.9093
11.9077
11.9033
11.8956
11.8846
11.8698
11.851
11.8278
11.8
11.767
11.7286
11.6842
11.6333
11.5755
11.5101
11.4365
11.3541
11.2621
11.16
11.0469
10.9221
10.7847
10.634
10.4692
10.2895
10.0942
9.88247
9.65378
9.40757
9.14344
8.86113
8.56054
8.24175
10.8514
10.885
10.917
10.9474
10.9761
11.0033
11.0291
11.0535
11.0765
11.0984
11.1192
11.139
11.158
11.1761
11.1937
11.2106
11.2272
11.2434
11.2594
11.2752
11.291
11.3068
11.3228
11.339
11.3554
11.3722
11.3894
11.407
11.4251
11.4437
11.4627
11.4821
11.502
11.5224
11.543
11.564
11.5853
11.6068
11.6284
11.6501
11.6717
11.6932
11.7144
11.7353
11.7557
11.7755
11.7945
11.8126
11.8297
11.8457
11.8605
11.8739
11.8858
11.8961
11.9045
11.9109
11.9151
11.9169
11.916
11.9123
11.9054
11.8951
11.8812
11.8634
11.8412
11.8145
11.7828
11.7457
11.7027
11.6534
11.5972
11.5335
11.4618
11.3813
11.2914
11.1914
11.0805
10.9579
10.8229
10.6745
10.5119
10.3343
10.141
9.93102
9.70381
9.45873
9.19532
8.91327
8.61245
8.29293
10.8583
10.8919
10.9238
10.954
10.9825
11.0094
11.0348
11.0588
11.0815
11.1029
11.1233
11.1426
11.1611
11.1788
11.1959
11.2124
11.2285
11.2443
11.2598
11.2753
11.2907
11.3062
11.3218
11.3377
11.3539
11.3705
11.3875
11.405
11.423
11.4416
11.4606
11.4802
11.5002
11.5207
11.5416
11.5628
11.5843
11.6061
11.628
11.6501
11.6722
11.6941
11.7159
11.7373
11.7582
11.7785
11.798
11.8167
11.8344
11.8509
11.8663
11.8803
11.8929
11.9038
11.913
11.9203
11.9254
11.9281
11.9283
11.9257
11.9199
11.9109
11.8983
11.8818
11.8612
11.8361
11.8062
11.771
11.7302
11.6832
11.6295
11.5685
11.4995
11.422
11.3353
11.2385
11.1309
11.0117
10.8801
10.7352
10.5761
10.4018
10.2115
10.0044
9.77948
9.53621
9.27397
8.99237
8.69123
8.37058
10.8676
10.9012
10.933
10.9629
10.9911
11.0177
11.0426
11.0661
11.0882
11.109
11.1287
11.1475
11.1653
11.1824
11.1988
11.2147
11.2302
11.2454
11.2604
11.2753
11.2902
11.3052
11.3204
11.3359
11.3518
11.3681
11.3849
11.4022
11.4201
11.4387
11.4578
11.4774
11.4977
11.5184
11.5395
11.561
11.5829
11.6051
11.6275
11.65
11.6727
11.6953
11.7177
11.7399
11.7615
11.7825
11.8028
11.8222
11.8405
11.8578
11.8739
11.8887
11.9022
11.9141
11.9243
11.9327
11.939
11.9431
11.9446
11.9434
11.9392
11.9317
11.9208
11.9062
11.8875
11.8646
11.8371
11.8045
11.7665
11.7226
11.6722
11.6147
11.5496
11.476
11.3934
11.301
11.1979
11.0834
10.9565
10.8163
10.6619
10.4923
10.3063
10.1031
9.88157
9.64092
9.38042
9.09954
8.79801
8.47584
10.8796
10.9131
10.9447
10.9744
11.0022
11.0282
11.0525
11.0752
11.0966
11.1167
11.1356
11.1535
11.1706
11.1868
11.2025
11.2176
11.2324
11.2468
11.2611
11.2753
11.2896
11.304
11.3186
11.3336
11.349
11.3649
11.3814
11.3985
11.4163
11.4349
11.4541
11.4739
11.4944
11.5153
11.5368
11.5587
11.581
11.6037
11.6266
11.6498
11.6732
11.6966
11.72
11.743
11.7656
11.7876
11.8087
11.829
11.8482
11.8663
11.8833
11.8991
11.9135
11.9266
11.9382
11.948
11.9559
11.9616
11.9648
11.9653
11.9629
11.9574
11.9486
11.9362
11.9199
11.8997
11.8751
11.8458
11.8113
11.7713
11.725
11.672
11.6116
11.543
11.4656
11.3786
11.2813
11.1727
11.0519
10.9179
10.7697
10.6061
10.426
10.228
10.0111
9.77415
9.51614
9.23637
8.93444
8.6103
10.8943
10.9279
10.9592
10.9885
11.0157
11.041
11.0645
11.0864
11.1068
11.1259
11.1439
11.1608
11.1768
11.1922
11.2068
11.221
11.2349
11.2484
11.2618
11.2752
11.2887
11.3023
11.3162
11.3305
11.3454
11.3608
11.3769
11.3938
11.4115
11.43
11.4493
11.4694
11.4902
11.5116
11.5334
11.5558
11.5785
11.6017
11.6253
11.6493
11.6736
11.6981
11.7226
11.7468
11.7706
11.7937
11.816
11.8372
11.8573
11.8764
11.8943
11.9112
11.9269
11.9413
11.9545
11.966
11.9758
11.9835
11.9888
11.9914
11.9912
11.9879
11.9814
11.9715
11.9581
11.9409
11.9198
11.8943
11.8641
11.8287
11.7875
11.7399
11.6851
11.6226
11.5516
11.4712
11.3808
11.2794
11.1661
11.0399
10.8995
10.7437
10.5711
10.3802
10.1695
9.93758
9.6831
9.40505
9.1028
8.77619
10.9122
10.9457
10.9768
11.0055
11.032
11.0564
11.0789
11.0997
11.1189
11.1368
11.1536
11.1693
11.1842
11.1983
11.2119
11.225
11.2377
11.2502
11.2626
11.275
11.2874
11.3002
11.3132
11.3267
11.3408
11.3557
11.3713
11.3879
11.4054
11.424
11.4435
11.4639
11.4851
11.507
11.5293
11.5522
11.5754
11.5991
11.6234
11.6483
11.6736
11.6994
11.7254
11.7512
11.7766
11.8011
11.8246
11.8469
11.868
11.8879
11.9069
11.9248
11.9418
11.9579
11.9729
11.9866
11.9987
12.0087
12.0165
12.0215
12.0237
12.0229
12.019
12.0119
12.0016
11.9879
11.9706
11.9496
11.9243
11.8944
11.8591
11.8179
11.7699
11.7144
11.6508
11.5782
11.496
11.4032
11.2989
11.1821
11.0514
10.9055
10.7425
10.5608
10.3584
10.1334
9.88392
9.6085
9.30615
8.97652
10.9335
10.967
10.9977
11.0257
11.0512
11.0745
11.0956
11.115
11.1329
11.1494
11.1647
11.179
11.1925
11.2053
11.2175
11.2293
11.2408
11.2521
11.2633
11.2745
11.2859
11.2975
11.3095
11.322
11.3352
11.3493
11.3643
11.3804
11.3978
11.4164
11.4363
11.4573
11.4791
11.5016
11.5245
11.5478
11.5715
11.5957
11.6206
11.6464
11.673
11.7005
11.7284
11.7563
11.7836
11.8099
11.8348
11.8582
11.8802
11.901
11.9207
11.9397
11.9581
11.976
11.9932
12.0094
12.0243
12.0373
12.0479
12.0557
12.0605
12.0623
12.061
12.0569
12.0498
12.0398
12.0269
12.0108
11.9912
11.9676
11.9393
11.9055
11.8652
11.8179
11.7627
11.6991
11.6262
11.5434
11.4498
11.3442
11.2253
11.0915
10.9409
10.7712
10.5799
10.3643
10.122
9.85067
9.5487
9.2154
10.9588
10.9923
11.0224
11.0495
11.0737
11.0954
11.115
11.1327
11.1488
11.1635
11.1771
11.1898
11.2017
11.213
11.2237
11.2341
11.2442
11.2541
11.2639
11.2738
11.2838
11.2942
11.3049
11.3163
11.3284
11.3414
11.3556
11.3712
11.3883
11.407
11.4274
11.4493
11.4721
11.4956
11.5192
11.5429
11.5668
11.5912
11.6165
11.6431
11.6712
11.7007
11.7313
11.7621
11.7921
11.8206
11.847
11.8715
11.8941
11.9153
11.9356
11.9554
11.9751
11.9948
12.0147
12.0342
12.0527
12.0693
12.0832
12.094
12.1015
12.1059
12.1073
12.1059
12.1021
12.0959
12.0875
12.0769
12.0638
12.0476
12.0274
12.0021
11.9708
11.9326
11.8868
11.833
11.7707
11.6992
11.6177
11.5253
11.4205
11.3017
11.1667
11.0125
10.8361
10.6337
10.4018
10.1369
9.83629
9.49856
10.9888
11.0222
11.0516
11.0773
11.0997
11.1195
11.1369
11.1525
11.1665
11.1793
11.1909
11.2018
11.2119
11.2214
11.2305
11.2392
11.2477
11.2561
11.2644
11.2728
11.2813
11.2902
11.2995
11.3094
11.3201
11.3319
11.345
11.3597
11.3763
11.3952
11.4164
11.4397
11.4643
11.4892
11.5136
11.5375
11.5612
11.5854
11.6106
11.6377
11.6672
11.6994
11.7338
11.7689
11.8028
11.8341
11.8621
11.8872
11.9099
11.931
11.9512
11.9712
11.9918
12.0135
12.0365
12.0603
12.0837
12.1051
12.1229
12.1369
12.147
12.1537
12.1573
12.1585
12.1576
12.1551
12.1513
12.1466
12.1407
12.1332
12.1227
12.1075
12.0861
12.0579
12.0224
11.9793
11.9283
11.8692
11.8014
11.724
11.6359
11.5353
11.4198
11.286
11.1295
10.9455
10.7289
10.4744
10.1772
9.8343
11.0246
11.0579
11.086
11.1097
11.1297
11.1467
11.1615
11.1745
11.1861
11.1965
11.2059
11.2147
11.2228
11.2304
11.2377
11.2446
11.2514
11.2581
11.2647
11.2715
11.2784
11.2855
11.2932
11.3013
11.3103
11.3204
11.3319
11.3453
11.3611
11.38
11.4024
11.4282
11.4561
11.4834
11.5088
11.5324
11.555
11.5778
11.6019
11.6287
11.6593
11.6949
11.7351
11.7775
11.8173
11.852
11.8814
11.9064
11.9281
11.9479
11.9669
11.9862
12.0069
12.0303
12.057
12.0869
12.1178
12.1456
12.1682
12.1853
12.1975
12.2057
12.2109
12.2139
12.2153
12.2159
12.2165
12.2177
12.2199
12.2229
12.2247
12.2215
12.2114
12.1937
12.1687
12.1366
12.0976
12.0518
11.9987
11.9381
11.869
11.7902
11.6992
11.592
11.4624
11.3042
11.1105
10.8734
10.584
10.2353
11.0681
11.101
11.1269
11.1473
11.1637
11.1773
11.1887
11.1986
11.2073
11.215
11.222
11.2284
11.2343
11.2399
11.2452
11.2503
11.2552
11.2601
11.2649
11.2699
11.2749
11.2802
11.2859
11.2921
11.2989
11.3068
11.3161
11.3273
11.3414
11.3596
11.3833
11.4136
11.4487
11.4802
11.5064
11.5286
11.5486
11.5683
11.5894
11.6139
11.6444
11.6835
11.7331
11.7899
11.8391
11.8776
11.907
11.93
11.949
11.9658
11.982
11.9989
12.0183
12.0421
12.0728
12.1118
12.1563
12.1937
12.2213
12.2405
12.2535
12.2621
12.2677
12.2714
12.2741
12.2768
12.2807
12.2872
12.298
12.3144
12.3337
12.3455
12.3473
12.34
12.3251
12.3038
12.2768
12.2445
12.2069
12.1642
12.1162
12.0625
12.0019
11.93
11.8365
11.714
11.5547
11.3473
11.0762
10.7234
11.123
11.1543
11.1755
11.1906
11.2019
11.2108
11.2181
11.2244
11.2297
11.2345
11.2388
11.2427
11.2464
11.2498
11.253
11.2561
11.2591
11.262
11.265
11.268
11.2711
11.2744
11.2779
11.2817
11.2861
11.2911
11.2973
11.3052
11.3158
11.3312
11.3548
11.3922
11.4464
11.4845
11.5098
11.5279
11.5427
11.5566
11.5718
11.5907
11.617
11.657
11.7205
11.8131
11.8764
11.916
11.9416
11.9594
11.9731
11.9847
11.9959
12.008
12.0231
12.0442
12.0766
12.1286
12.2049
12.2559
12.2865
12.3047
12.3158
12.3227
12.3271
12.3302
12.3328
12.3359
12.341
12.3503
12.3682
12.4013
12.4534
12.4838
12.4962
12.4971
12.4907
12.4791
12.4635
12.4445
12.4225
12.3979
12.3714
12.3448
12.3207
12.2992
12.2521
12.1766
12.0678
11.913
11.686
11.3421
11.1991
11.2222
11.2329
11.2392
11.2434
11.2466
11.2491
11.2512
11.2531
11.2547
11.2561
11.2575
11.2587
11.2598
11.2609
11.2619
11.2629
11.2639
11.2649
11.2659
11.267
11.2681
11.2693
11.2706
11.2721
11.2739
11.2761
11.279
11.2834
11.2909
11.3065
11.3463
11.4672
11.5073
11.5235
11.532
11.5378
11.5431
11.5488
11.5566
11.5696
11.5966
11.6661
11.8784
11.9478
11.9746
11.9873
11.9948
11.9999
12.0042
12.0082
12.0128
12.0191
12.0297
12.0521
12.1103
12.2897
12.3476
12.3693
12.379
12.3839
12.3867
12.3884
12.3897
12.3908
12.3922
12.3949
12.4009
12.4164
12.4609
12.6044
12.648
12.6615
12.6647
12.6636
12.6601
12.6551
12.6488
12.6417
12.634
12.6268
12.6235
12.6355
12.705
12.7087
12.687
12.6473
12.5823
12.4642
12.2046
7.8466
7.41844
6.96652
6.49216
5.99693
5.48257
4.95091
4.40384
3.84331
3.27121
2.68943
2.0998
1.50414
0.904187
0.301679
7.87135
7.44214
6.98889
6.51297
6.01602
5.49982
4.96626
4.41728
3.85484
3.28086
2.69724
2.10583
1.50841
0.906737
0.302527
7.92118
7.48982
7.03385
6.55477
6.05431
5.53439
4.99699
4.44415
3.87787
3.30013
2.71284
2.11784
1.51692
0.911816
0.304215
7.99674
7.56206
7.10188
6.61788
6.11201
5.58637
5.04312
4.48441
3.91233
3.32892
2.73611
2.13575
1.52961
0.919384
0.30673
8.09908
7.65974
7.19365
6.7028
6.18944
5.65593
5.10467
4.53799
3.95809
3.36708
2.76692
2.15943
1.54636
0.929372
0.310048
8.22968
7.78411
7.31013
6.81018
6.28695
5.74319
5.18161
4.60474
4.01494
3.41437
2.80501
2.18867
1.56703
0.941684
0.314137
8.39056
7.93681
7.45253
6.94079
6.40493
5.84823
5.27378
4.68438
4.08253
3.47043
2.85006
2.22318
1.5914
0.956185
0.318951
8.58442
8.12
7.62232
7.09547
6.5437
5.97098
5.38086
4.77644
4.16031
3.53473
2.9016
2.26259
1.61917
0.972701
0.324432
8.81488
8.33637
7.8212
7.27503
6.70336
6.11106
5.50222
4.88015
4.24753
3.60655
2.959
2.30637
1.64999
0.991007
0.330503
9.08685
8.58934
8.05102
7.48001
6.88358
6.26764
5.63675
4.99436
4.34308
3.68492
3.02143
2.3539
1.68339
1.01083
0.337074
9.40709
8.88305
8.31346
7.71035
7.08326
6.43912
5.78273
5.11742
4.44549
3.76857
3.08789
2.40438
1.71881
1.03184
0.344035
9.78527
9.22223
8.60936
7.9646
7.29993
6.62278
5.9376
5.24707
4.55284
3.85597
3.15715
2.45691
1.75564
1.05366
0.351264
10.2354
9.61114
8.93708
8.23868
7.52902
6.81441
6.09775
5.38036
4.6628
3.94526
3.22782
2.51045
1.79315
1.07588
0.358624
10.7774
10.0498
9.28907
8.52395
7.76301
7.00802
6.25859
5.51379
4.77269
4.03444
3.29837
2.56392
1.83061
1.09807
0.365977
11.4309
10.5213
9.64541
8.80496
7.991
7.19601
6.41473
5.64348
4.87967
4.12142
3.36729
2.61621
1.86729
1.11982
0.373182
10.0418
10.1252
10.2084
10.2912
10.3734
10.455
10.5357
10.6155
10.6944
10.7724
10.8499
10.9275
11.0068
11.0914
11.1907
10.0429
10.1287
10.2142
10.2993
10.3838
10.4676
10.5505
10.6325
10.7134
10.7933
10.8725
10.9516
11.0321
11.1167
11.2106
10.0441
10.1323
10.2202
10.3077
10.3946
10.4808
10.566
10.6502
10.7331
10.8148
10.8953
10.9748
11.0544
11.1355
11.2203
10.0454
10.1361
10.2265
10.3166
10.406
10.4946
10.5822
10.6687
10.7537
10.8371
10.9186
10.9981
11.0756
11.1516
11.227
10.0467
10.1401
10.2332
10.3258
10.4179
10.5091
10.5993
10.6881
10.7754
10.8606
10.9433
11.0226
11.0978
11.1681
11.2335
10.0481
10.1442
10.2401
10.3355
10.4303
10.5243
10.6172
10.7087
10.7985
10.8859
10.9702
11.05
11.1235
11.188
11.2418
10.0495
10.1485
10.2473
10.3456
10.4433
10.5402
10.6361
10.7305
10.8232
10.9134
11.0002
11.0818
11.1553
11.2154
11.2552
10.051
10.153
10.2548
10.3561
10.4569
10.5569
10.6559
10.7536
10.8495
10.9432
11.0337
11.1192
11.1964
11.257
11.2827
10.0526
10.1577
10.2626
10.3671
10.471
10.5743
10.6766
10.7778
10.8774
10.9752
11.0706
11.1625
11.2489
11.3227
11.353
10.0542
10.1625
10.2706
10.3783
10.4856
10.5923
10.6981
10.803
10.9066
11.0089
11.1098
11.2096
11.3101
11.4185
11.5666
10.0558
10.1674
10.2788
10.3899
10.5006
10.6108
10.7203
10.829
10.9368
11.0436
11.1497
11.2562
11.3658
11.4867
11.6379
10.0575
10.1724
10.2872
10.4018
10.516
10.6298
10.743
10.8556
10.9675
11.0787
11.1894
11.3004
11.4138
11.5338
11.6677
10.0592
10.1776
10.2958
10.4139
10.5317
10.6492
10.7662
10.8828
10.9987
11.1141
11.2288
11.3431
11.457
11.5711
11.6857
10.0609
10.1828
10.3045
10.4262
10.5476
10.6688
10.7897
10.9102
11.0303
11.1499
11.2686
11.3859
11.5002
11.608
11.7032
10.0627
10.188
10.3133
10.4385
10.5637
10.6886
10.8134
10.938
11.0623
11.1862
11.3093
11.4307
11.5478
11.6536
11.7314
10.0644
10.1933
10.3222
10.451
10.5798
10.7086
10.8373
10.966
11.0946
11.223
11.3512
11.4785
11.6031
11.7188
11.797
10.0662
10.1986
10.331
10.4634
10.5959
10.7285
10.8611
10.9939
11.1269
11.2601
11.3936
11.528
11.6647
11.8098
11.9915
10.0679
10.2039
10.3398
10.4759
10.612
10.7483
10.8849
11.0217
11.159
11.2968
11.4355
11.5759
11.7204
11.8755
12.0574
10.0697
10.2091
10.3486
10.4882
10.628
10.768
10.9084
11.0493
11.1907
11.3328
11.4761
11.621
11.7688
11.9223
12.0864
10.0714
10.2143
10.3572
10.5003
10.6437
10.7874
10.9316
11.0764
11.2218
11.3681
11.5155
11.664
11.8132
11.9619
12.1064
10.0731
10.2194
10.3657
10.5123
10.6592
10.8065
10.9544
11.1029
11.2523
11.4027
11.5541
11.7063
11.858
12.0042
12.1316
10.0748
10.2244
10.3741
10.5241
10.6744
10.8252
10.9767
11.1289
11.2821
11.4364
11.5921
11.7491
11.9065
12.0594
12.1851
10.0764
10.2293
10.3823
10.5356
10.6893
10.8435
10.9984
11.1541
11.311
11.4692
11.6291
11.7916
11.958
12.1335
12.3402
10.078
10.234
10.3903
10.5468
10.7037
10.8612
11.0195
11.1786
11.3389
11.5007
11.6644
11.8312
12.0032
12.1859
12.3924
10.0795
10.2387
10.398
10.5577
10.7178
10.8784
11.0399
11.2023
11.3658
11.5308
11.6976
11.8672
12.0409
12.2218
12.4145
10.081
10.2432
10.4056
10.5682
10.7314
10.8951
11.0596
11.2251
11.3916
11.5595
11.7289
11.9002
12.0735
12.2493
12.4276
10.0825
10.2476
10.4129
10.5785
10.7446
10.9112
11.0787
11.2471
11.4165
11.5871
11.7589
11.9316
12.1044
12.2751
12.4396
10.0839
10.2518
10.4199
10.5884
10.7573
10.9268
11.0971
11.2683
11.4405
11.6138
11.7881
11.963
12.1368
12.3052
12.4575
10.0853
10.2559
10.4267
10.5979
10.7696
10.9419
11.1149
11.2888
11.4638
11.6398
11.817
11.995
12.1728
12.3464
12.4982
10.0866
10.2599
10.4333
10.6071
10.7814
10.9563
11.132
11.3086
11.4862
11.665
11.8452
12.0271
12.2117
12.4028
12.6173
10.0879
10.2636
10.4396
10.616
10.7928
10.9703
11.1485
11.3276
11.5078
11.6892
11.8721
12.0572
12.2461
12.4428
12.6575
10.0891
10.2673
10.4457
10.6245
10.8037
10.9836
11.1643
11.3458
11.5284
11.7122
11.8975
12.0847
12.2749
12.4703
12.6745
10.0902
10.2708
10.4515
10.6326
10.8142
10.9964
11.1794
11.3633
11.5482
11.7342
11.9215
12.1101
12.3001
12.4916
12.6846
10.0913
10.2741
10.4571
10.6404
10.8242
11.0087
11.1939
11.38
11.5672
11.7553
11.9445
12.1344
12.3241
12.5119
12.6941
10.0924
10.2773
10.4624
10.6478
10.8338
11.0204
11.2078
11.3961
11.5853
11.7757
11.9669
12.1587
12.3496
12.5359
12.7087
10.0934
10.2803
10.4674
10.6549
10.8429
11.0315
11.221
11.4114
11.6028
11.7953
11.989
12.1835
12.3781
12.5693
12.7423
10.0944
10.2832
10.4722
10.6616
10.8515
11.0421
11.2335
11.4259
11.6194
11.8141
12.0103
12.2083
12.4089
12.6153
12.8415
10.0953
10.2859
10.4767
10.6679
10.8596
11.0521
11.2453
11.4396
11.6351
11.8319
12.0304
12.2312
12.4357
12.6474
12.8746
10.0961
10.2884
10.4809
10.6738
10.8672
11.0614
11.2564
11.4525
11.6497
11.8484
12.0488
12.2515
12.4575
12.6687
12.8882
10.0969
10.2907
10.4848
10.6793
10.8744
11.0701
11.2668
11.4645
11.6634
11.8637
12.0656
12.2694
12.4755
12.6842
12.8956
10.0976
10.2929
10.4885
10.6844
10.8809
11.0782
11.2764
11.4756
11.676
11.8778
12.0811
12.2858
12.4916
12.6977
12.9019
10.0983
10.2949
10.4918
10.6891
10.887
11.0856
11.2852
11.4858
11.6877
11.8909
12.0954
12.3012
12.5075
12.7123
12.9105
10.0989
10.2967
10.4948
10.6934
10.8925
11.0924
11.2932
11.4952
11.6984
11.9029
12.1089
12.3163
12.5245
12.7316
12.9292
10.0994
10.2984
10.4976
10.6972
10.8975
11.0985
11.3005
11.5036
11.7081
11.9139
12.1214
12.3306
12.5421
12.7573
12.9838
10.0999
10.2998
10.5
10.7006
10.9019
11.1039
11.3069
11.5111
11.7167
11.9237
12.1325
12.3434
12.557
12.7751
13.002
10.1003
10.3011
10.5021
10.7035
10.9057
11.1086
11.3125
11.5177
11.7242
11.9323
12.1422
12.3542
12.5688
12.7868
13.0095
10.1007
10.3021
10.5038
10.706
10.9089
11.1126
11.3173
11.5232
11.7306
11.9396
12.1504
12.3632
12.5781
12.7951
13.0137
10.101
10.303
10.5053
10.708
10.9115
11.1158
11.3211
11.5278
11.7358
11.9456
12.1571
12.3706
12.5858
12.8023
13.0177
10.1012
10.3036
10.5063
10.7095
10.9134
11.1182
11.3241
11.5312
11.7399
11.9502
12.1624
12.3767
12.5928
12.81
13.0249
10.1013
10.304
10.5071
10.7106
10.9148
11.1199
11.3261
11.5336
11.7427
11.9535
12.1663
12.3814
12.5988
12.8192
13.0449
10.1014
10.3043
10.5074
10.7111
10.9155
11.1207
11.3271
11.5349
11.7442
11.9554
12.1687
12.3843
12.6028
12.8247
13.0512
10.1014
10.3043
10.5074
10.7111
10.9155
11.1208
11.3272
11.535
11.7445
11.9558
12.1693
12.3853
12.6043
12.8268
13.0531
10.1013
10.3041
10.5071
10.7106
10.9149
11.12
11.3263
11.534
11.7433
11.9546
12.168
12.3841
12.6033
12.8263
13.053
10.1012
10.3036
10.5064
10.7096
10.9136
11.1184
11.3245
11.5318
11.7408
11.9517
12.1649
12.3807
12.5998
12.823
13.0513
10.101
10.303
10.5053
10.7081
10.9116
11.116
11.3216
11.5285
11.737
11.9473
12.1599
12.3749
12.5932
12.8161
13.0465
10.1007
10.3021
10.5039
10.7061
10.909
11.1128
11.3177
11.524
11.7318
11.9414
12.153
12.3669
12.5835
12.8039
13.0334
10.1003
10.3011
10.5021
10.7036
10.9058
11.1088
11.3129
11.5183
11.7253
11.9339
12.1445
12.3569
12.571
12.7853
12.9933
10.0999
10.2998
10.5
10.7006
10.9019
11.104
11.3072
11.5116
11.7175
11.9251
12.1345
12.3458
12.5584
12.771
12.9794
10.0994
10.2983
10.4975
10.6971
10.8974
11.0985
11.3006
11.5039
11.7086
11.915
12.1233
12.3336
12.5458
12.7594
12.9727
10.0989
10.2967
10.4948
10.6932
10.8923
11.0922
11.293
11.495
11.6985
11.9035
12.1105
12.32
12.5322
12.748
12.9675
10.0983
10.2948
10.4917
10.6889
10.8867
11.0852
11.2847
11.4852
11.6871
11.8906
12.0961
12.3043
12.5162
12.7339
12.9605
10.0976
10.2928
10.4883
10.6841
10.8805
11.0776
11.2755
11.4744
11.6746
11.8763
12.0798
12.2859
12.496
12.7137
12.9473
10.0969
10.2907
10.4847
10.679
10.8738
11.0693
11.2655
11.4627
11.661
11.8606
12.0617
12.2647
12.4705
12.6822
12.9142
10.0961
10.2883
10.4808
10.6735
10.8667
11.0605
11.2549
11.4502
11.6465
11.8438
12.0422
12.2415
12.4408
12.6367
12.8141
10.0953
10.2859
10.4766
10.6677
10.8591
11.0511
11.2437
11.437
11.6312
11.8262
12.022
12.2182
12.4133
12.6038
12.7805
10.0944
10.2833
10.4723
10.6616
10.8512
11.0413
11.2319
11.4232
11.6152
11.808
12.0015
12.1955
12.3891
12.5805
12.766
10.0935
10.2806
10.4678
10.6552
10.8429
11.0311
11.2197
11.4088
11.5987
11.7892
11.9807
12.173
12.3665
12.561
12.7568
10.0926
10.2778
10.4631
10.6486
10.8344
11.0205
11.207
11.394
11.5816
11.7698
11.9591
12.1497
12.3429
12.5408
12.7471
10.0916
10.2749
10.4583
10.6418
10.8256
11.0096
11.1939
11.3787
11.5639
11.7497
11.9365
12.1247
12.316
12.5146
12.7306
10.0906
10.272
10.4534
10.6349
10.8165
10.9984
11.1806
11.363
11.5458
11.729
11.9128
12.0974
12.284
12.4762
12.6912
10.0896
10.269
10.4483
10.6278
10.8073
10.9871
11.167
11.347
11.5273
11.7078
11.8884
12.0688
12.2479
12.422
12.5737
10.0886
10.2659
10.4432
10.6206
10.798
10.9756
11.1532
11.3309
11.5087
11.6865
11.8641
12.0409
12.2153
12.3832
12.5342
10.0876
10.2628
10.4381
10.6133
10.7886
10.964
11.1393
11.3147
11.49
11.6653
11.8403
12.0146
12.1873
12.3561
12.5174
10.0866
10.2597
10.4329
10.606
10.7792
10.9523
11.1254
11.2985
11.4714
11.6442
11.8168
11.9894
12.1618
12.3343
12.5069
10.0855
10.2566
10.4277
10.5987
10.7697
10.9407
11.1115
11.2823
11.4528
11.6232
11.7935
11.9641
12.1362
12.3122
12.4963
10.0845
10.2535
10.4225
10.5914
10.7603
10.9291
11.0977
11.2661
11.4343
11.6022
11.7698
11.9379
12.1079
12.2845
12.4788
10.0835
10.2504
10.4173
10.5841
10.7509
10.9175
11.084
11.2502
11.416
11.5812
11.7459
11.9101
12.0749
12.2443
12.437
10.0824
10.2473
10.4121
10.5769
10.7416
10.9061
11.0705
11.2345
11.3979
11.5607
11.7222
11.882
12.0387
12.188
12.3119
10.0814
10.2442
10.4069
10.5697
10.7323
10.8948
11.0571
11.2191
11.3804
11.5408
11.6997
11.856
12.0074
12.1493
12.2707
10.0804
10.2411
10.4018
10.5625
10.7231
10.8837
11.044
11.204
11.3635
11.522
11.679
11.8332
11.9828
12.1246
12.2544
10.0793
10.238
10.3967
10.5553
10.714
10.8726
11.0311
11.1894
11.3472
11.5043
11.66
11.8136
11.9636
12.1083
12.2465
10.0783
10.2349
10.3915
10.5482
10.7049
10.8616
11.0183
11.175
11.3314
11.4874
11.6426
11.7964
11.948
12.0965
12.2417
10.0773
10.2318
10.3864
10.541
10.6957
10.8506
11.0056
11.1607
11.3159
11.4711
11.6261
11.7807
11.9344
12.0869
12.2381
10.0762
10.2286
10.3811
10.5337
10.6865
10.8394
10.9927
11.1463
11.3003
11.4548
11.6099
11.7655
11.9217
12.0782
12.2349
10.0751
10.2254
10.3758
10.5263
10.677
10.8281
10.9795
11.1315
11.2843
11.4381
11.5932
11.7499
11.9086
12.0693
12.2317
10.074
10.2222
10.3704
10.5187
10.6674
10.8164
10.9659
11.1163
11.2676
11.4205
11.5754
11.7329
11.894
12.0591
12.228
10.0729
10.2188
10.3648
10.511
10.6574
10.8043
10.9518
11.1002
11.2499
11.4014
11.5556
11.7135
11.8765
12.0462
12.2229
10.0718
10.2154
10.3591
10.503
10.6472
10.7918
10.937
11.0832
11.2308
11.3805
11.5332
11.6904
11.8545
12.0283
12.2148
10.0706
10.2119
10.3533
10.4948
10.6366
10.7788
10.9215
11.0652
11.2103
11.3573
11.5076
11.6626
11.8255
12.0015
12.1993
10.0695
10.2084
10.3474
10.4865
10.6257
10.7653
10.9054
11.0463
11.1883
11.332
11.4785
11.6294
11.7875
11.9594
12.1628
12.0901
10.9227
9.93946
9.0382
8.18252
7.35572
6.54861
5.7555
4.97262
4.19732
3.42766
2.66213
1.89956
1.13898
0.379535
12.2984
11.1597
10.1498
9.21853
8.33654
7.4872
6.66054
5.85019
5.05183
4.2624
3.47964
2.70181
1.92752
1.1556
0.38505
12.3851
11.3071
10.3055
9.36458
8.46784
7.60289
6.76111
5.93651
5.1248
4.32282
3.52819
2.73902
1.95381
1.17126
0.390251
12.4286
11.4014
10.4189
9.47992
8.57701
7.70243
6.84972
6.01385
5.19098
4.37812
3.57292
2.77348
1.97823
1.18584
0.395099
12.454
11.4645
10.502
9.57016
8.66647
7.78673
6.92658
6.08214
5.25019
4.42808
3.61362
2.805
2.00067
1.19926
0.399567
12.4706
11.5087
10.5639
9.64077
8.73924
7.85739
6.99248
6.14171
5.30253
4.47269
3.65025
2.83353
2.02105
1.21149
0.403644
12.4823
11.5408
10.6108
9.69628
8.7983
7.91624
7.04851
6.1932
5.34835
4.51214
3.6829
2.85911
2.0394
1.22253
0.407326
12.4908
11.5648
10.6469
9.74023
8.84627
7.96509
7.09588
6.23737
5.38814
4.54673
3.71173
2.88182
2.05577
1.2324
0.410624
12.4972
11.5833
10.6751
9.77529
8.88531
8.00558
7.13577
6.27507
5.42248
4.57685
3.73702
2.90185
2.07025
1.24116
0.413554
12.5022
11.5977
10.6974
9.80346
8.91718
8.03914
7.16927
6.30712
5.45195
4.60291
3.75904
2.91938
2.08298
1.24887
0.416138
12.5061
11.6091
10.7152
9.82625
8.94329
8.06696
7.19737
6.33426
5.47714
4.62535
3.77812
2.93465
2.09409
1.25562
0.418403
12.5093
11.6182
10.7296
9.84479
8.96475
8.09007
7.22092
6.35722
5.4986
4.64459
3.79457
2.94786
2.10375
1.2615
0.420377
12.5118
11.6256
10.7413
9.85995
8.98244
8.10927
7.24066
6.37659
5.51684
4.66104
3.8087
2.95925
2.1121
1.2666
0.422088
12.5138
11.6316
10.7508
9.87241
8.99706
8.12525
7.25719
6.39293
5.53231
4.67506
3.82079
2.96904
2.11929
1.27099
0.423566
12.5155
11.6365
10.7586
9.88268
9.00918
8.13857
7.27105
6.40669
5.54541
4.68698
3.83112
2.97742
2.12546
1.27477
0.424837
12.5169
11.6405
10.7651
9.89118
9.01925
8.14968
7.28267
6.41829
5.55649
4.69711
3.83991
2.98458
2.13075
1.278
0.425927
12.518
11.6439
10.7704
9.89822
9.02763
8.15897
7.29242
6.42805
5.56585
4.70569
3.84739
2.99068
2.13526
1.28077
0.426859
12.5189
11.6466
10.7749
9.90409
9.03462
8.16674
7.3006
6.43627
5.57376
4.71297
3.85374
2.99587
2.1391
1.28313
0.427655
12.5197
11.6489
10.7786
9.90898
9.04047
8.17325
7.30747
6.4432
5.58044
4.71912
3.85913
3.00028
2.14237
1.28514
0.428334
12.5204
11.6508
10.7816
9.91306
9.04536
8.17872
7.31326
6.44904
5.58608
4.72434
3.8637
3.00403
2.14515
1.28685
0.428911
12.5209
11.6524
10.7842
9.91648
9.04947
8.18331
7.31813
6.45397
5.59086
4.72875
3.86758
3.00722
2.14752
1.28831
0.429403
12.5214
11.6538
10.7864
9.91936
9.05292
8.18718
7.32224
6.45814
5.5949
4.7325
3.87087
3.00992
2.14953
1.28955
0.429822
12.5217
11.6549
10.7882
9.92179
9.05584
8.19045
7.32571
6.46167
5.59832
4.73567
3.87367
3.01222
2.15124
1.29061
0.430178
12.5221
11.6558
10.7897
9.92384
9.0583
8.19323
7.32867
6.46466
5.60124
4.73838
3.87605
3.01419
2.15271
1.29151
0.430483
12.5223
11.6567
10.791
9.92558
9.06041
8.19559
7.33118
6.46722
5.60373
4.7407
3.87809
3.01587
2.15396
1.29228
0.430744
12.5226
11.6573
10.7922
9.92708
9.06221
8.19762
7.33334
6.46942
5.60587
4.74269
3.87985
3.01732
2.15504
1.29294
0.430968
12.5228
11.658
10.7931
9.92837
9.06377
8.19937
7.33521
6.47133
5.60772
4.74441
3.88137
3.01857
2.15597
1.29352
0.431163
12.523
11.6585
10.794
9.92951
9.06513
8.20091
7.33685
6.47299
5.60935
4.74592
3.8827
3.01967
2.15679
1.29402
0.431334
12.5231
11.6589
10.7947
9.93052
9.06635
8.20227
7.3383
6.47447
5.61078
4.74725
3.88388
3.02064
2.15751
1.29447
0.431485
12.5233
11.6594
10.7954
9.93143
9.06745
8.20351
7.33962
6.47581
5.61208
4.74846
3.88494
3.02151
2.15816
1.29487
0.43162
12.5234
11.6598
10.7961
9.93228
9.06847
8.20465
7.34084
6.47704
5.61328
4.74957
3.88592
3.02231
2.15876
1.29524
0.431744
12.5235
11.6601
10.7967
9.9331
9.06945
8.20575
7.34199
6.47821
5.61441
4.75062
3.88683
3.02307
2.15932
1.29558
0.431861
12.5237
11.6605
10.7973
9.93391
9.07042
8.20682
7.34313
6.47935
5.61551
4.75163
3.88772
3.02379
2.15985
1.29591
0.431972
12.5238
11.6609
10.7979
9.93475
9.07141
8.20791
7.34427
6.48049
5.6166
4.75263
3.88859
3.0245
2.16038
1.29624
0.43208
12.5239
11.6614
10.7986
9.93563
9.07245
8.20906
7.34546
6.48167
5.61773
4.75365
3.88947
3.02522
2.16091
1.29656
0.432189
12.5241
11.6618
10.7993
9.93661
9.07359
8.2103
7.34674
6.48293
5.61891
4.75472
3.89039
3.02596
2.16145
1.29689
0.4323
12.5243
11.6624
10.8002
9.93772
9.07488
8.21168
7.34814
6.48429
5.62017
4.75585
3.89136
3.02673
2.16202
1.29723
0.432416
12.5245
11.663
10.8012
9.93902
9.07636
8.21324
7.3497
6.48579
5.62156
4.75707
3.89239
3.02756
2.16261
1.2976
0.432537
12.5248
11.6638
10.8025
9.94057
9.07809
8.21505
7.35149
6.48747
5.62308
4.75841
3.89351
3.02844
2.16325
1.29798
0.432665
12.5252
11.6648
10.804
9.94247
9.08017
8.21717
7.35354
6.48937
5.62478
4.75987
3.89472
3.02938
2.16393
1.29839
0.432801
12.5256
11.6662
10.806
9.94482
9.08269
8.21968
7.35591
6.49153
5.62668
4.76148
3.89603
3.0304
2.16465
1.29882
0.432944
12.5263
11.6679
10.8085
9.94779
9.08578
8.22266
7.35866
6.49397
5.62878
4.76323
3.89744
3.03148
2.16541
1.29927
0.433094
12.5272
11.6704
10.8119
9.9516
9.08958
8.22621
7.36183
6.49672
5.6311
4.76513
3.89895
3.03262
2.16621
1.29974
0.43325
12.5286
11.6739
10.8166
9.95651
9.09426
8.23041
7.36547
6.49978
5.63362
4.76716
3.90053
3.03381
2.16703
1.30022
0.433409
12.5309
11.6793
10.823
9.96287
9.09999
8.23533
7.36957
6.50313
5.63631
4.76929
3.90216
3.03501
2.16785
1.3007
0.433567
12.5354
11.6878
10.8321
9.97107
9.1069
8.24097
7.37409
6.50671
5.63912
4.77145
3.9038
3.03619
2.16866
1.30117
0.433719
12.5452
11.7019
10.8449
9.98138
9.11497
8.24722
7.37891
6.51041
5.64193
4.77357
3.90537
3.03732
2.16941
1.3016
0.43386
12.5713
11.7255
10.862
9.99368
9.12391
8.25381
7.3838
6.51406
5.64464
4.77557
3.90681
3.03833
2.17007
1.30198
0.433982
12.6514
11.7613
10.8824
10.0069
9.13303
8.26029
7.38847
6.51743
5.64708
4.77731
3.90804
3.03917
2.17061
1.30228
0.434079
12.6945
11.7892
10.9004
10.0189
9.1413
8.26607
7.39254
6.52029
5.64907
4.77868
3.90896
3.03978
2.17099
1.30248
0.434142
12.7092
11.8056
10.9133
10.0282
9.14786
8.27063
7.39567
6.5224
5.65046
4.77956
3.9095
3.04008
2.17115
1.30256
0.434164
12.7146
11.8141
10.921
10.0342
9.15216
8.27357
7.39757
6.52355
5.65108
4.77984
3.90956
3.04004
2.17107
1.30249
0.434138
12.7163
11.8174
10.9243
10.0369
9.154
8.27465
7.39804
6.52358
5.65082
4.77942
3.90908
3.03958
2.1707
1.30225
0.434056
12.7156
11.8165
10.9237
10.0363
9.15331
8.27377
7.39698
6.52239
5.64959
4.77822
3.908
3.03868
2.17002
1.30183
0.433913
12.7114
11.8111
10.9192
10.0327
9.15017
8.27093
7.39433
6.51992
5.64733
4.77621
3.90628
3.03729
2.16901
1.30121
0.433705
12.6987
11.8
10.9108
10.0261
9.14473
8.26619
7.39011
6.51616
5.644
4.77334
3.90389
3.0354
2.16764
1.30038
0.433427
12.6588
11.782
10.8994
10.0172
9.13726
8.25968
7.38437
6.51111
5.63961
4.7696
3.9008
3.03298
2.1659
1.29933
0.433078
12.6451
11.7682
10.8874
10.0068
9.12806
8.25152
7.37717
6.5048
5.63415
4.76498
3.89702
3.03003
2.16379
1.29807
0.432655
12.6385
11.7569
10.8752
9.9951
9.11727
8.2418
7.36854
6.49724
5.62764
4.75949
3.89254
3.02655
2.1613
1.29657
0.432157
12.6333
11.7457
10.8618
9.98172
9.10477
8.2305
7.35851
6.48847
5.6201
4.75314
3.88736
3.02254
2.15844
1.29486
0.431586
12.6264
11.7316
10.8458
9.96608
9.09036
8.21756
7.34707
6.47849
5.61153
4.74595
3.88151
3.018
2.15521
1.29292
0.43094
12.6132
11.7113
10.8256
9.94758
9.07386
8.20297
7.33426
6.46735
5.60198
4.73793
3.87499
3.01295
2.15161
1.29077
0.430222
12.58
11.6797
10.7998
9.92606
9.05534
8.18682
7.32015
6.4551
5.59148
4.72911
3.86781
3.00739
2.14765
1.28839
0.429432
12.4799
11.634
10.7698
9.90235
9.03523
8.16933
7.30486
6.44181
5.58008
4.71953
3.86001
3.00134
2.14334
1.28581
0.428571
12.4461
11.6008
10.7418
9.87839
9.01423
8.1508
7.28854
6.42756
5.56782
4.70922
3.8516
2.99481
2.13868
1.28302
0.427641
12.4315
11.5771
10.717
9.85484
8.99268
8.13139
7.27128
6.41242
5.55475
4.69818
3.84259
2.98781
2.13368
1.28002
0.426641
12.4221
11.5571
10.6935
9.83125
8.97048
8.11112
7.25312
6.3964
5.54088
4.68645
3.83299
2.98034
2.12834
1.27681
0.425573
12.4122
11.5362
10.6689
9.80659
8.94724
8.08986
7.23401
6.37951
5.52622
4.67403
3.8228
2.97241
2.12267
1.2734
0.424436
12.3954
11.5092
10.6407
9.77983
8.92259
8.06747
7.21393
6.36174
5.51076
4.6609
3.81203
2.964
2.11664
1.26978
0.423227
12.3558
11.4699
10.6071
9.7505
8.89641
8.04395
7.19287
6.34308
5.4945
4.64706
3.80064
2.9551
2.11026
1.26594
0.421946
12.2378
11.4145
10.5692
9.71936
8.86904
8.01942
7.17087
6.32354
5.47743
4.63249
3.78863
2.94569
2.10351
1.26188
0.420587
12.1979
11.3744
10.5344
9.68848
8.84114
7.99409
7.14799
6.30311
5.4595
4.61715
3.77594
2.93574
2.09635
1.25757
0.419147
12.1804
11.3456
10.5036
9.65855
8.81299
7.96804
7.12422
6.28175
5.44068
4.60098
3.76255
2.92521
2.08877
1.25299
0.417618
12.1693
11.3216
10.4748
9.62895
8.78436
7.94116
7.09948
6.25938
5.42088
4.58392
3.74836
2.91404
2.08071
1.24813
0.415991
12.1578
11.2971
10.4452
9.59845
8.75472
7.91318
7.07359
6.23587
5.39998
4.56584
3.73331
2.90216
2.07213
1.24294
0.414257
12.1393
11.2663
10.412
9.56578
8.7235
7.88381
7.04635
6.21104
5.37784
4.54664
3.71727
2.88947
2.06296
1.23739
0.4124
12.0962
11.2225
10.3731
9.53033
8.69043
7.85285
7.01758
6.18472
5.35428
4.52614
3.70011
2.87589
2.05313
1.23144
0.410408
11.9696
11.1616
10.3297
9.49279
8.65572
7.82022
6.9871
6.15669
5.32908
4.50416
3.68167
2.86127
2.04254
1.22503
0.40826
11.9264
11.1173
10.2896
9.45531
8.61986
7.78591
6.95468
6.12667
5.30199
4.48046
3.66176
2.84547
2.03109
1.21809
0.405938
11.9079
11.0858
10.2542
9.41854
8.58291
7.74966
6.91999
6.09432
5.27267
4.45477
3.64016
2.82832
2.01866
1.21057
0.403418
11.897
11.0609
10.2215
9.38171
8.54426
7.7109
6.88246
6.05914
5.24073
4.42676
3.61663
2.80965
2.00514
1.20238
0.400678
11.8884
11.0381
10.189
9.34321
8.50273
7.66866
6.84133
6.02053
5.20568
4.39607
3.59087
2.78925
1.99039
1.19346
0.397692
11.8799
11.0146
10.1541
9.30097
8.4567
7.6217
6.79564
5.97773
5.16697
4.36229
3.56262
2.76693
1.97427
1.18373
0.394438
11.8703
10.9877
10.114
9.25253
8.40418
7.56849
6.74425
5.92994
5.12402
4.32501
3.53157
2.74249
1.95667
1.17312
0.390893
11.8583
10.9544
10.0654
9.19493
8.34282
7.50729
6.68592
5.87629
5.07623
4.28384
3.49748
2.71577
1.9375
1.16158
0.387042
11.8419
10.9107
10.004
9.12449
8.2699
7.4362
6.61939
5.81597
5.02309
4.23844
3.46014
2.68665
1.91667
1.14908
0.382873
11.8175
10.85
9.92353
9.03673
8.18243
7.35336
6.54351
5.7483
4.96422
4.18862
3.41945
2.65508
1.89417
1.1356
0.378386
11.7764
10.7606
9.8155
8.92633
8.0774
7.25711
6.45745
5.67285
4.89942
4.13431
3.37541
2.62109
1.87003
1.12118
0.373588
11.6951
10.6219
9.66861
8.78795
7.95244
7.14651
6.36087
5.58963
4.82882
4.07567
3.32818
2.5848
1.84436
1.10587
0.368501
11.5002
10.4
9.4712
8.61815
7.80688
7.02177
6.25427
5.49912
4.75287
4.01309
3.27806
2.54648
1.81732
1.08978
0.363159
10.0681
10.2044
10.3407
10.4771
10.6135
10.7502
10.8871
11.0245
11.1627
11.302
11.4432
11.5871
11.7351
11.8889
12.0481
10.0667
10.2001
10.3334
10.4668
10.6
10.7333
10.8666
10.9999
11.1335
11.2674
11.4019
11.5369
11.6722
11.8065
11.9347
10.0653
10.1958
10.3262
10.4564
10.5865
10.7163
10.8459
10.9751
11.1039
11.2323
11.3599
11.4863
11.6104
11.73
11.8407
10.0639
10.1915
10.319
10.4463
10.5732
10.6997
10.8255
10.9506
11.0748
11.1978
11.319
11.4378
11.5529
11.6623
11.7628
10.0625
10.1874
10.3121
10.4365
10.5603
10.6835
10.8059
10.9271
11.0469
11.1649
11.2806
11.3931
11.5012
11.6033
11.6974
10.0612
10.1835
10.3056
10.4272
10.5481
10.6682
10.7873
10.9049
11.0208
11.1344
11.2453
11.3526
11.4553
11.5522
11.642
10.06
10.1799
10.2994
10.4185
10.5368
10.654
10.77
10.8844
10.9968
11.1067
11.2135
11.3166
11.4152
11.5083
11.5949
10.0589
10.1765
10.2938
10.4105
10.5264
10.6411
10.7544
10.8659
10.9752
11.0819
11.1854
11.2852
11.3805
11.4707
11.555
10.0579
10.1735
10.2888
10.4034
10.5171
10.6295
10.7404
10.8495
10.9562
11.0602
11.161
11.2581
11.3509
11.4389
11.5215
10.057
10.1709
10.2844
10.3972
10.509
10.6195
10.7284
10.8353
10.9399
11.0417
11.1403
11.2353
11.3261
11.4124
11.4937
10.0563
10.1687
10.2807
10.3919
10.5022
10.6111
10.7183
10.8235
10.9263
11.0264
11.1232
11.2165
11.3058
11.3908
11.4711
10.0557
10.1669
10.2777
10.3877
10.4967
10.6043
10.7102
10.814
10.9155
11.0141
11.1097
11.2017
11.2899
11.3739
11.4534
10.0552
10.1655
10.2754
10.3845
10.4925
10.5991
10.704
10.8069
10.9073
11.005
11.0996
11.1907
11.278
11.3613
11.4403
10.0549
10.1646
10.2739
10.3823
10.4897
10.5957
10.7
10.8021
10.9019
10.9989
11.0929
11.1834
11.2702
11.353
11.4317
10.0548
10.1642
10.2731
10.3813
10.4883
10.594
10.6979
10.7998
10.8992
10.9959
11.0895
11.1798
11.2663
11.3489
11.4274
12.1832
12.2289
12.2499
12.2619
12.2698
12.2757
12.2803
12.284
12.2872
12.2898
12.2922
12.2942
12.296
12.2976
12.299
12.3003
12.3014
12.3024
12.3034
12.3042
12.3049
12.3056
12.3062
12.3067
12.3072
12.3076
12.308
12.3083
12.3086
12.3089
12.3091
12.3092
12.3093
12.3094
12.3095
12.3095
12.3095
12.3094
12.3093
12.3092
12.309
12.3088
12.3086
12.3083
12.308
12.3076
12.3072
12.3067
12.3062
12.3056
12.3049
12.3042
12.3034
12.3025
12.3016
12.3005
12.2993
12.298
12.2966
12.2951
12.2934
12.2916
12.2895
12.2873
12.2849
12.2822
12.2793
12.2761
12.2726
12.2688
12.2646
12.2599
12.2548
12.2492
12.2429
12.236
12.2283
12.2197
12.21
12.199
12.1865
12.1721
12.1552
12.1351
12.1104
12.079
12.0363
11.972
11.8587
11.6128
12.0342
12.0953
12.1361
12.1646
12.1858
12.2021
12.2153
12.2262
12.2354
12.2433
12.2502
12.2562
12.2616
12.2663
12.2705
12.2743
12.2777
12.2808
12.2835
12.286
12.2882
12.2902
12.292
12.2936
12.295
12.2963
12.2974
12.2983
12.2992
12.2999
12.3005
12.301
12.3013
12.3016
12.3017
12.3018
12.3017
12.3016
12.3013
12.3009
12.3004
12.2998
12.2991
12.2983
12.2973
12.2962
12.2949
12.2935
12.2919
12.2901
12.2882
12.286
12.2836
12.281
12.2781
12.2749
12.2714
12.2676
12.2634
12.2588
12.2537
12.2482
12.2422
12.2356
12.2283
12.2204
12.2117
12.2022
12.1917
12.1802
12.1676
12.1538
12.1385
12.1217
12.103
12.0824
12.0594
12.0338
12.005
11.9725
11.9355
11.893
11.8435
11.785
11.7144
11.6265
11.5132
11.3597
11.1403
10.8118
11.9275
11.9907
12.0398
12.0781
12.1085
12.1331
12.1535
12.1707
12.1854
12.1982
12.2093
12.2192
12.2279
12.2356
12.2426
12.2488
12.2544
12.2594
12.2639
12.268
12.2717
12.275
12.2779
12.2806
12.2829
12.285
12.2868
12.2884
12.2898
12.291
12.292
12.2928
12.2934
12.2938
12.2941
12.2941
12.294
12.2938
12.2933
12.2927
12.2919
12.2909
12.2897
12.2883
12.2867
12.2849
12.2828
12.2804
12.2778
12.2749
12.2716
12.2681
12.2641
12.2597
12.2549
12.2497
12.2439
12.2376
12.2306
12.223
12.2147
12.2055
12.1955
12.1846
12.1726
12.1595
12.1451
12.1294
12.1121
12.0932
12.0724
12.0495
12.0244
11.9966
11.966
11.932
11.8943
11.8523
11.8052
11.7523
11.6923
11.6238
11.5447
11.4524
11.3429
11.2107
11.0477
10.8422
10.5787
10.2394
11.8435
11.9063
11.959
12.0028
12.0393
12.0701
12.0962
12.1187
12.1382
12.1553
12.1703
12.1836
12.1955
12.2061
12.2156
12.2241
12.2318
12.2387
12.2449
12.2505
12.2556
12.2601
12.2642
12.2679
12.2711
12.274
12.2765
12.2788
12.2807
12.2823
12.2837
12.2848
12.2856
12.2862
12.2865
12.2866
12.2865
12.2861
12.2855
12.2847
12.2835
12.2822
12.2805
12.2786
12.2763
12.2738
12.2709
12.2676
12.264
12.26
12.2555
12.2505
12.245
12.239
12.2324
12.2251
12.2171
12.2083
12.1987
12.1882
12.1766
12.164
12.1502
12.135
12.1185
12.1003
12.0805
12.0587
12.0349
12.0087
11.98
11.9485
11.9138
11.8757
11.8335
11.787
11.7354
11.678
11.6139
11.5422
11.4613
11.3697
11.265
11.1444
11.0041
10.8392
10.6433
10.4084
10.126
9.78897
11.7744
11.8365
11.8908
11.9378
11.9784
12.0136
12.0442
12.0709
12.0944
12.1152
12.1336
12.1501
12.1648
12.178
12.1898
12.2005
12.2101
12.2188
12.2267
12.2338
12.2401
12.2459
12.251
12.2556
12.2597
12.2634
12.2666
12.2694
12.2718
12.2739
12.2756
12.277
12.2781
12.2788
12.2792
12.2794
12.2792
12.2787
12.278
12.2769
12.2754
12.2737
12.2716
12.2692
12.2663
12.2631
12.2594
12.2553
12.2507
12.2456
12.2399
12.2336
12.2267
12.2191
12.2107
12.2014
12.1913
12.1802
12.168
12.1546
12.14
12.1241
12.1066
12.0874
12.0665
12.0435
12.0184
11.9909
11.9608
11.9278
11.8916
11.8519
11.8083
11.7603
11.7074
11.6491
11.5846
11.5131
11.4336
11.345
11.2458
11.1342
11.0081
10.8647
10.7008
10.5123
10.2947
10.0429
9.75213
9.41928
11.7165
11.778
11.833
11.882
11.9253
11.9636
11.9976
12.0277
12.0545
12.0784
12.0997
12.1189
12.1362
12.1517
12.1657
12.1784
12.1898
12.2001
12.2095
12.2179
12.2255
12.2324
12.2385
12.244
12.2489
12.2533
12.2572
12.2605
12.2634
12.2659
12.2679
12.2696
12.2709
12.2718
12.2723
12.2724
12.2722
12.2717
12.2707
12.2694
12.2677
12.2656
12.2631
12.2602
12.2568
12.2529
12.2485
12.2436
12.2381
12.2319
12.2251
12.2176
12.2093
12.2001
12.19
12.1789
12.1668
12.1535
12.1389
12.1229
12.1054
12.0862
12.0652
12.0423
12.0172
11.9898
11.9597
11.9268
11.8909
11.8514
11.8082
11.7609
11.7089
11.6518
11.5891
11.52
11.4438
11.3596
11.2665
11.1631
11.048
10.9196
10.7759
10.6145
10.4326
10.2273
9.99531
9.73334
9.43873
9.11002
11.6677
11.7285
11.7839
11.8341
11.8793
11.9199
11.9564
11.9891
12.0186
12.0451
12.0689
12.0905
12.1099
12.1275
12.1434
12.1579
12.1709
12.1828
12.1935
12.2031
12.2119
12.2198
12.2268
12.2332
12.2388
12.2439
12.2483
12.2522
12.2555
12.2584
12.2608
12.2627
12.2641
12.2652
12.2658
12.266
12.2657
12.2651
12.264
12.2625
12.2605
12.2581
12.2552
12.2518
12.2479
12.2434
12.2383
12.2326
12.2262
12.2191
12.2113
12.2026
12.1929
12.1824
12.1707
12.1579
12.1439
12.1285
12.1116
12.0932
12.073
12.0509
12.0267
12.0002
11.9713
11.9396
11.905
11.8671
11.8257
11.7804
11.7307
11.6764
11.6168
11.5515
11.4798
11.401
11.3144
11.219
11.1139
10.9978
10.8693
10.727
10.5691
10.3935
10.1982
9.98077
9.73897
9.4707
9.17438
8.84927
11.6265
11.6868
11.7424
11.7933
11.8398
11.8821
11.9205
11.9553
11.9868
12.0154
12.0414
12.0649
12.0863
12.1057
12.1233
12.1392
12.1537
12.1669
12.1788
12.1896
12.1994
12.2082
12.2161
12.2232
12.2296
12.2352
12.2402
12.2445
12.2483
12.2515
12.2541
12.2563
12.2579
12.2591
12.2597
12.26
12.2597
12.259
12.2577
12.256
12.2538
12.2511
12.2479
12.244
12.2396
12.2346
12.2289
12.2225
12.2153
12.2074
12.1985
12.1887
12.1779
12.166
12.153
12.1386
12.1228
12.1056
12.0866
12.0659
12.0432
12.0184
11.9913
11.9616
11.9291
11.8937
11.8549
11.8125
11.7661
11.7154
11.66
11.5993
11.5329
11.4602
11.3806
11.2933
11.1975
11.0924
10.977
10.8501
10.7105
10.5568
10.3875
10.201
9.99546
9.76924
9.52067
9.24838
8.95139
8.62934
11.5919
11.6518
11.7074
11.7589
11.8063
11.8498
11.8896
11.926
11.9592
11.9896
12.0172
12.0424
12.0654
12.0863
12.1053
12.1226
12.1384
12.1527
12.1657
12.1775
12.1882
12.1978
12.2065
12.2143
12.2212
12.2274
12.2328
12.2376
12.2417
12.2452
12.2481
12.2505
12.2523
12.2536
12.2543
12.2545
12.2542
12.2534
12.2521
12.2502
12.2478
12.2448
12.2412
12.237
12.2322
12.2267
12.2204
12.2134
12.2055
12.1967
12.187
12.1763
12.1644
12.1513
12.137
12.1212
12.1039
12.0849
12.0641
12.0413
12.0164
11.9892
11.9594
11.9268
11.8912
11.8523
11.8098
11.7634
11.7126
11.6572
11.5966
11.5304
11.458
11.3788
11.2922
11.1976
11.094
10.9806
10.8566
10.7207
10.572
10.4091
10.2308
10.0357
9.82246
9.58978
9.33647
9.06156
8.76444
8.44493
11.5633
11.6228
11.6784
11.7302
11.7783
11.8227
11.8636
11.9012
11.9358
11.9675
11.9965
12.023
12.0473
12.0695
12.0898
12.1082
12.125
12.1404
12.1543
12.1669
12.1784
12.1887
12.198
12.2064
12.2139
12.2205
12.2264
12.2315
12.236
12.2397
12.2429
12.2454
12.2473
12.2487
12.2495
12.2498
12.2494
12.2486
12.2471
12.2451
12.2425
12.2393
12.2354
12.2309
12.2257
12.2197
12.2129
12.2053
12.1968
12.1874
12.1769
12.1653
12.1525
12.1384
12.1229
12.1059
12.0872
12.0667
12.0443
12.0198
11.9929
11.9636
11.9315
11.8964
11.858
11.8161
11.7704
11.7204
11.6659
11.6063
11.5412
11.4702
11.3927
11.308
11.2155
11.1146
11.0044
10.8842
10.753
10.6098
10.4536
10.2834
10.0981
9.89641
9.67739
9.43997
9.18328
8.90664
8.60965
8.29223
11.5401
11.5993
11.6549
11.707
11.7554
11.8005
11.8422
11.8808
11.9164
11.9491
11.9792
12.0069
12.0322
12.0554
12.0767
12.0961
12.1138
12.1299
12.1446
12.1579
12.17
12.181
12.1908
12.1997
12.2076
12.2147
12.2209
12.2263
12.231
12.2351
12.2384
12.2411
12.2431
12.2446
12.2454
12.2457
12.2454
12.2444
12.2429
12.2407
12.238
12.2345
12.2304
12.2256
12.2201
12.2137
12.2066
12.1985
12.1895
12.1794
12.1683
12.156
12.1424
12.1274
12.1109
12.0929
12.073
12.0513
12.0275
12.0014
11.9729
11.9418
11.9077
11.8705
11.8298
11.7854
11.7369
11.684
11.6262
11.5632
11.4944
11.4194
11.3375
11.2483
11.1509
11.0449
10.9293
10.8035
10.6665
10.5175
10.3555
10.1795
9.98872
9.78209
9.55873
9.31784
9.05875
8.78097
8.48421
8.16848
11.5219
11.5809
11.6365
11.6887
11.7375
11.783
11.8254
11.8646
11.901
11.9345
11.9655
11.9939
12.0201
12.0441
12.0661
12.0863
12.1047
12.1215
12.1368
12.1507
12.1633
12.1747
12.185
12.1943
12.2026
12.2099
12.2164
12.2221
12.2271
12.2312
12.2347
12.2375
12.2397
12.2412
12.2421
12.2424
12.242
12.2411
12.2394
12.2372
12.2343
12.2307
12.2264
12.2214
12.2155
12.2089
12.2014
12.1929
12.1835
12.1729
12.1613
12.1484
12.1341
12.1185
12.1012
12.0823
12.0615
12.0387
12.0138
11.9865
11.9567
11.9241
11.8884
11.8494
11.8069
11.7605
11.7098
11.6544
11.5941
11.5282
11.4565
11.3782
11.2929
11.2
11.0989
10.9888
10.869
10.7387
10.5973
10.4437
10.2772
10.097
9.9021
9.69176
9.46523
9.22185
8.96107
8.68253
8.38604
8.07161
11.5085
11.5673
11.6229
11.6752
11.7242
11.7701
11.8128
11.8526
11.8895
11.9236
11.9551
11.9842
12.011
12.0356
12.0582
12.0789
12.0978
12.1151
12.1308
12.1452
12.1582
12.17
12.1806
12.1902
12.1987
12.2063
12.213
12.2189
12.224
12.2284
12.232
12.2349
12.2371
12.2387
12.2396
12.2399
12.2395
12.2385
12.2368
12.2345
12.2315
12.2278
12.2233
12.2181
12.2121
12.2052
12.1974
12.1887
12.1789
12.168
12.156
12.1426
12.1279
12.1116
12.0938
12.0742
12.0527
12.0292
12.0034
11.9752
11.9443
11.9106
11.8737
11.8335
11.7895
11.7415
11.6892
11.632
11.5697
11.5018
11.4278
11.3471
11.2593
11.1636
11.0596
10.9465
10.8235
10.6901
10.5453
10.3885
10.2188
10.0354
9.83763
9.62468
9.39593
9.15082
8.88891
8.60988
8.31361
8.00015
11.4997
11.5584
11.6139
11.6663
11.7154
11.7615
11.8045
11.8446
11.8818
11.9163
11.9483
11.9777
12.0049
12.0299
12.0529
12.0739
12.0932
12.1108
12.1269
12.1415
12.1548
12.1668
12.1776
12.1874
12.1961
12.2039
12.2108
12.2168
12.222
12.2264
12.2301
12.2331
12.2353
12.2369
12.2379
12.2382
12.2378
12.2368
12.2351
12.2327
12.2296
12.2258
12.2213
12.2159
12.2098
12.2027
12.1948
12.1858
12.1758
12.1647
12.1524
12.1387
12.1237
12.1071
12.0888
12.0688
12.0468
12.0228
11.9964
11.9676
11.936
11.9016
11.8639
11.8227
11.7778
11.7288
11.6753
11.617
11.5534
11.484
11.4085
11.3262
11.2367
11.1392
11.0333
10.9182
10.7932
10.6576
10.5107
10.3518
10.1799
9.99456
9.79489
9.58028
9.35012
9.10392
8.8413
8.56199
8.26589
7.95306
11.4953
11.5539
11.6095
11.6618
11.7111
11.7572
11.8004
11.8406
11.878
11.9127
11.9448
11.9745
12.0019
12.027
12.0502
12.0714
12.0909
12.1086
12.1249
12.1396
12.153
12.1652
12.1761
12.186
12.1948
12.2027
12.2096
12.2157
12.221
12.2254
12.2292
12.2322
12.2345
12.2361
12.237
12.2373
12.2369
12.2359
12.2342
12.2318
12.2287
12.2248
12.2202
12.2148
12.2086
12.2015
12.1934
12.1844
12.1743
12.163
12.1506
12.1368
12.1215
12.1048
12.0863
12.0661
12.0439
12.0195
11.9929
11.9637
11.9319
11.897
11.8589
11.8174
11.772
11.7224
11.6684
11.6094
11.5452
11.4751
11.3988
11.3158
11.2253
11.127
11.0201
10.904
10.778
10.6414
10.4934
10.3334
10.1605
9.97418
9.77359
9.55816
9.32733
9.08061
8.81764
8.5382
8.24219
7.92967
10.8841
10.025
9.19609
8.39942
7.62674
6.87107
6.12753
5.39274
4.66434
3.9406
3.22029
2.50244
1.78633
1.07136
0.35705
10.2759
9.58565
8.86364
8.13675
7.41313
6.69448
5.98046
5.27027
4.56305
3.85808
3.15477
2.45265
1.75136
1.05061
0.350171
9.77305
9.17802
8.53599
7.87074
7.19451
6.51319
5.82953
5.14478
4.45948
3.77386
3.08802
2.402
1.71583
1.02955
0.343191
9.35642
8.81731
8.23151
7.61565
6.98091
6.33419
5.67965
5.0198
4.35619
3.68984
3.02144
2.35149
1.68041
1.00855
0.336234
9.00695
8.50322
7.957
7.37939
6.77924
6.16295
5.53502
4.89852
4.25562
3.60785
2.95637
2.30209
1.64575
0.988
0.329424
8.71131
8.23154
7.71383
7.16562
6.59363
6.00332
5.39892
4.78362
4.15987
3.52953
2.89408
2.25473
1.61249
0.968268
0.322884
8.46041
7.99775
7.50108
6.97557
6.4263
5.85774
5.27366
4.67714
4.07068
3.4563
2.83568
2.21023
1.5812
0.949691
0.316724
8.24789
7.7979
7.3171
6.80924
6.27819
5.72762
5.1608
4.58057
3.98937
3.38928
2.78207
2.1693
1.55238
0.932563
0.311042
8.06919
7.62879
7.16014
6.66605
6.14957
5.6137
5.0613
4.49494
3.91694
3.32934
2.73399
2.13252
1.52644
0.917131
0.30592
7.92092
7.48786
7.02855
6.5452
6.04027
5.51628
4.97571
4.42091
3.85405
3.27714
2.692
2.10033
1.5037
0.903596
0.301426
7.80058
7.37311
6.92095
6.44589
5.94997
5.43539
4.90432
4.35891
3.8012
3.23313
2.65653
2.07309
1.48444
0.892115
0.297613
7.70629
7.28301
6.83619
6.36737
5.87831
5.37094
4.84723
4.30916
3.75867
3.19764
2.62786
2.05104
1.46883
0.882808
0.29452
7.63668
7.21638
6.77338
6.30903
5.82491
5.32278
4.80445
4.27179
3.72666
3.17088
2.60621
2.03437
1.45702
0.875759
0.292177
7.59078
7.17241
6.73186
6.2704
5.78949
5.29077
4.77596
4.24687
3.70528
3.15297
2.59171
2.02319
1.44909
0.87103
0.290605
7.56798
7.15055
6.71121
6.25116
5.77183
5.27479
4.76173
4.2344
3.69457
3.144
2.58444
2.01759
1.44512
0.868657
0.289816
)
;

boundaryField
{
    hot
    {
        type            fixedValue;
        value           uniform 10;
    }
    cold
    {
        type            fixedValue;
        value           uniform 0;
    }
    interface_left
    {
        type            fixedValue;
        value           nonuniform List<scalar> 
90
(
11.2644
11.2644
11.2644
11.2644
11.2644
11.2644
11.2644
11.2644
11.2644
11.7425
11.7425
11.7425
11.7425
11.7425
11.7425
11.7425
12.174
12.174
12.174
12.174
12.174
12.174
12.5164
12.5164
12.5164
12.5164
12.5164
12.5164
12.5164
12.7804
12.7804
12.7804
12.7804
12.7804
12.7804
12.7804
13.0011
13.0011
13.0011
13.0011
13.0011
13.0011
13.0011
13.1219
13.1219
13.1219
13.1219
13.1219
13.1219
13.1663
13.1663
13.1663
13.1663
13.1663
13.1663
13.1663
13.0771
13.0771
13.0771
13.0771
13.0771
13.0771
13.0771
12.8538
12.8538
12.8538
12.8538
12.8538
12.8538
12.8538
12.5922
12.5922
12.5922
12.5922
12.5922
12.5922
12.5922
12.3123
12.3123
12.3123
12.3123
12.3123
12.3123
12.3123
12.3123
12.3123
12.3123
12.3123
12.3123
12.3123
)
;
    }
    interface_right
    {
        type            fixedValue;
        value           nonuniform List<scalar> 
90
(
12.954
12.954
12.954
12.954
12.954
12.954
12.954
12.954
12.954
12.954
12.954
12.954
12.954
12.954
12.954
12.954
12.954
12.954
12.954
12.954
12.954
12.954
12.954
12.954
12.954
12.954
12.954
12.954
12.954
12.954
12.954
12.954
12.954
12.954
12.954
12.954
12.954
12.954
12.954
12.954
12.954
12.954
12.954
12.954
12.954
12.954
12.954
12.954
13.1219
13.1663
13.1663
13.1663
13.1663
13.1663
13.1663
13.1663
13.0771
13.0771
13.0771
13.0771
13.0771
13.0771
13.0771
12.8538
12.8538
12.8538
12.8538
12.8538
12.8538
12.8538
12.5922
12.5922
12.5922
12.5922
12.5922
12.5922
12.5922
12.3123
12.3123
12.3123
12.3123
12.3123
12.3123
12.3123
12.3123
12.3123
12.3123
12.3123
12.3123
12.3123
)
;
    }
    interface_top
    {
        type            fixedValue;
        value           uniform 12.3123;
    }
    interface_bottom
    {
        type            fixedValue;
        value           nonuniform List<scalar> 
90
(
11.2644
11.2644
11.2644
11.2644
11.2644
11.2644
11.2644
11.2644
11.2644
11.2644
11.2644
11.2644
11.2644
11.2644
11.2644
11.2644
11.2644
11.2644
11.2644
11.2644
11.2644
11.2644
11.2644
11.2644
11.2644
11.2644
11.2644
11.2644
11.2644
11.2644
11.2644
11.2644
11.5353
11.5353
11.5353
11.5353
11.5353
11.5353
11.5353
11.5353
11.5353
11.5353
11.5353
12.0132
12.0132
12.0132
12.0132
12.0132
12.0132
12.0132
12.0132
12.0132
12.0132
12.0132
12.0132
12.0132
12.4185
12.4185
12.4185
12.4185
12.4185
12.4185
12.4185
12.4185
12.4185
12.4185
12.4185
12.4185
12.4185
12.4185
12.7506
12.7506
12.7506
12.7506
12.7506
12.7506
12.7506
12.7506
12.7506
12.7506
12.7506
12.7506
12.7506
12.954
12.954
12.954
12.954
12.954
12.954
12.954
)
;
    }
    defaultFaces
    {
        type            empty;
    }
}


// ************************************************************************* //
