/*--------------------------------*- C++ -*----------------------------------*\
| =========                 |                                                 |
| \\      /  F ield         | OpenFOAM: The Open Source CFD Toolbox           |
|  \\    /   O peration     | Version:  5.x                                   |
|   \\  /    A nd           | Web:      www.OpenFOAM.org                      |
|    \\/     M anipulation  |                                                 |
\*---------------------------------------------------------------------------*/
FoamFile
{
    version     2.0;
    format      ascii;
    class       volScalarField;
    location    "16.9";
    object      T;
}
// * * * * * * * * * * * * * * * * * * * * * * * * * * * * * * * * * * * * * //

dimensions      [0 0 0 1 0 0 0];

internalField   nonuniform List<scalar> 
6300
(
10.0441
10.1321
10.2198
10.3067
10.3928
10.4776
10.561
10.6426
10.7223
10.7998
10.8748
10.9472
11.0167
11.0832
11.1466
10.0442
10.1325
10.2204
10.3076
10.3939
10.479
10.5627
10.6446
10.7245
10.8022
10.8774
10.95
11.0197
11.0863
11.1498
10.0445
10.1333
10.2217
10.3095
10.3963
10.4819
10.5661
10.6485
10.7289
10.8071
10.8827
10.9557
11.0256
11.0925
11.1562
10.0449
10.1345
10.2237
10.3123
10.3999
10.4863
10.5712
10.6544
10.7355
10.8144
10.8907
10.9642
11.0347
11.102
11.1658
10.0454
10.1361
10.2263
10.3159
10.4046
10.4921
10.578
10.6622
10.7444
10.8242
10.9014
10.9757
11.0469
11.1147
11.1789
10.0461
10.1381
10.2296
10.3206
10.4105
10.4993
10.5866
10.6721
10.7555
10.8366
10.915
10.9904
11.0625
11.131
11.1957
10.0469
10.1404
10.2336
10.3261
10.4177
10.5081
10.5969
10.684
10.7691
10.8517
10.9315
11.0083
11.0816
11.1511
11.2164
10.0478
10.1432
10.2382
10.3326
10.426
10.5183
10.609
10.698
10.785
10.8694
10.9511
11.0296
11.1044
11.1752
11.2414
10.0488
10.1463
10.2435
10.3399
10.4355
10.5299
10.6229
10.7141
10.8032
10.89
10.9739
11.0545
11.1313
11.2038
11.2712
10.05
10.1499
10.2493
10.3482
10.4462
10.543
10.6384
10.7322
10.8239
10.9133
10.9999
11.0832
11.1626
11.2373
11.3064
10.0513
10.1537
10.2558
10.3573
10.458
10.5575
10.6557
10.7522
10.8469
10.9394
11.0292
11.1158
11.1986
11.2763
11.3479
10.0527
10.158
10.2629
10.3673
10.4708
10.5733
10.6745
10.7742
10.8721
10.968
11.0616
11.1523
11.2394
11.3216
11.3969
10.0542
10.1626
10.2706
10.3781
10.4847
10.5904
10.6948
10.7978
10.8993
10.999
11.0968
11.1923
11.2851
11.3736
11.4552
10.0559
10.1675
10.2789
10.3896
10.4996
10.6086
10.7165
10.823
10.9281
11.0318
11.1342
11.2352
11.3349
11.4326
11.5252
10.0576
10.1728
10.2877
10.4019
10.5155
10.628
10.7394
10.8496
10.9584
11.0661
11.1728
11.2793
11.3866
11.4964
11.6093
11.2018
11.2497
11.2954
11.3388
11.3801
11.4193
11.4564
11.4917
11.5252
11.557
11.5874
11.6163
11.644
11.6707
11.6964
11.7214
11.7457
11.7696
11.7931
11.8165
11.8397
11.8631
11.8866
11.9104
11.9345
11.9591
11.9843
12.01
12.0363
12.0633
12.091
12.1193
12.1482
12.1778
12.2078
12.2384
12.2694
12.3008
12.3324
12.3642
12.396
12.4277
12.4593
12.4904
12.521
12.551
12.5802
12.6084
12.6354
12.6612
12.6856
12.7084
12.7294
12.7484
12.7653
12.7799
12.7919
12.801
12.8071
12.8099
12.809
12.8042
12.7952
12.7816
12.763
12.7391
12.7095
12.6736
12.6311
12.5812
12.5235
12.4573
12.3819
12.2966
12.2007
12.0935
11.974
11.8414
11.695
11.5338
11.3571
11.1639
10.9535
10.7251
10.4781
10.2119
9.92625
9.62073
9.2953
8.95007
11.205
11.2529
11.2985
11.3419
11.3831
11.4221
11.4591
11.4942
11.5275
11.5592
11.5893
11.618
11.6455
11.6719
11.6975
11.7222
11.7463
11.77
11.7934
11.8165
11.8396
11.8628
11.8861
11.9097
11.9338
11.9583
11.9833
12.009
12.0353
12.0623
12.09
12.1183
12.1473
12.1769
12.207
12.2377
12.2688
12.3003
12.3321
12.364
12.396
12.428
12.4597
12.491
12.5219
12.5521
12.5815
12.6099
12.6372
12.6632
12.6878
12.7108
12.732
12.7514
12.7686
12.7835
12.7958
12.8053
12.8118
12.815
12.8145
12.8102
12.8016
12.7885
12.7706
12.7473
12.7183
12.6832
12.6414
12.5924
12.5356
12.4703
12.396
12.3118
12.217
12.1109
11.9926
11.8613
11.7161
11.5562
11.3806
11.1886
10.9792
10.7518
10.5055
10.24
9.95468
9.64928
9.32372
8.97809
11.2114
11.2593
11.3048
11.3481
11.389
11.4278
11.4645
11.4993
11.5322
11.5634
11.5931
11.6214
11.6485
11.6745
11.6995
11.7239
11.7476
11.7708
11.7938
11.8165
11.8393
11.8621
11.8851
11.9085
11.9323
11.9566
11.9815
12.007
12.0333
12.0602
12.0879
12.1163
12.1454
12.1751
12.2054
12.2363
12.2676
12.2994
12.3314
12.3637
12.3961
12.4284
12.4605
12.4923
12.5236
12.5542
12.584
12.6129
12.6406
12.6671
12.6921
12.7156
12.7374
12.7573
12.7751
12.7906
12.8036
12.8139
12.8211
12.8251
12.8255
12.8221
12.8145
12.8025
12.7856
12.7636
12.7359
12.7022
12.662
12.6147
12.5597
12.4964
12.4241
12.3421
12.2496
12.1458
12.0299
11.901
11.7583
11.6009
11.4278
11.238
11.0308
10.8053
10.5608
10.2964
10.0119
9.70678
9.38095
9.03449
11.2212
11.269
11.3145
11.3574
11.3981
11.4365
11.4727
11.5069
11.5392
11.5698
11.5988
11.6265
11.6529
11.6782
11.7026
11.7263
11.7494
11.772
11.7944
11.8165
11.8387
11.861
11.8836
11.9065
11.9299
11.9539
11.9786
12.0039
12.0301
12.057
12.0847
12.1132
12.1424
12.1723
12.2029
12.2341
12.2658
12.2979
12.3304
12.3631
12.396
12.429
12.4617
12.4942
12.5262
12.5575
12.5879
12.6174
12.6458
12.6729
12.6986
12.7228
12.7454
12.7661
12.7848
12.8013
12.8153
12.8267
12.8351
12.8403
12.8419
12.8398
12.8337
12.8232
12.808
12.7877
12.7621
12.7306
12.6927
12.6479
12.5957
12.5353
12.4661
12.3873
12.2982
12.1979
12.0857
11.9606
11.8217
11.6681
11.4987
11.3126
11.1088
10.8863
10.6443
10.3819
10.0986
9.794
9.46779
9.12008
11.2344
11.2823
11.3275
11.3702
11.4103
11.4481
11.4837
11.5171
11.5487
11.5784
11.6066
11.6333
11.6588
11.6832
11.7068
11.7295
11.7518
11.7736
11.7951
11.8165
11.8379
11.8596
11.8815
11.9038
11.9267
11.9503
11.9746
11.9997
12.0257
12.0526
12.0803
12.1089
12.1384
12.1686
12.1995
12.231
12.2631
12.2958
12.3288
12.3623
12.3959
12.4296
12.4633
12.4967
12.5296
12.5618
12.5931
12.6234
12.6526
12.6806
12.7072
12.7323
12.7558
12.7776
12.7976
12.8154
12.8308
12.8436
12.8536
12.8603
12.8637
12.8633
12.859
12.8505
12.8375
12.8196
12.7966
12.7679
12.7332
12.6918
12.6432
12.5868
12.5217
12.4473
12.3627
12.2672
12.1599
12.0399
11.9062
11.7578
11.5936
11.4125
11.2134
10.9952
10.7569
10.4974
10.216
9.91216
9.5855
9.23608
11.2514
11.2992
11.3442
11.3864
11.426
11.463
11.4977
11.5301
11.5606
11.5892
11.6162
11.6418
11.6662
11.6895
11.7119
11.7335
11.7547
11.7754
11.7959
11.8163
11.8368
11.8576
11.8787
11.9002
11.9225
11.9455
11.9693
11.9941
12.0199
12.0468
12.0746
12.1034
12.1332
12.1637
12.1951
12.2271
12.2597
12.2929
12.3267
12.361
12.3956
12.4304
12.4652
12.4998
12.5339
12.5672
12.5997
12.631
12.6612
12.6901
12.7177
12.7439
12.7687
12.7918
12.8133
12.8327
12.8499
12.8646
12.8765
12.8852
12.8906
12.8924
12.8903
12.8842
12.8738
12.8588
12.839
12.8139
12.7831
12.746
12.702
12.6505
12.5906
12.5217
12.4429
12.3534
12.2524
12.1388
12.0117
11.87
11.7126
11.5382
11.3455
11.1331
10.8998
10.6444
10.3657
10.063
9.73589
9.38426
11.2723
11.3201
11.3648
11.4064
11.4452
11.4812
11.5147
11.5459
11.5751
11.6023
11.6279
11.6521
11.675
11.6969
11.7179
11.7383
11.7581
11.7775
11.7968
11.816
11.8354
11.855
11.875
11.8957
11.9171
11.9393
11.9626
11.987
12.0126
12.0394
12.0674
12.0965
12.1267
12.1577
12.1895
12.2221
12.2553
12.2892
12.3238
12.359
12.3948
12.431
12.4673
12.5034
12.5391
12.5739
12.6077
12.6402
12.6715
12.7014
12.7301
12.7575
12.7837
12.8084
12.8317
12.8532
12.8726
12.8896
12.9038
12.9149
12.9226
12.9268
12.9273
12.9239
12.9165
12.9049
12.8889
12.868
12.8419
12.81
12.7716
12.726
12.6725
12.6102
12.5384
12.4562
12.3627
12.257
12.1381
12.0049
11.856
11.6902
11.5057
11.3011
11.0746
10.8246
10.5498
10.249
9.92146
9.56707
11.2977
11.3454
11.3897
11.4306
11.4683
11.503
11.5351
11.5647
11.5922
11.6177
11.6416
11.6641
11.6853
11.7056
11.7249
11.7437
11.7619
11.7799
11.7977
11.8154
11.8334
11.8517
11.8705
11.89
11.9103
11.9317
11.9542
11.9781
12.0035
12.0303
12.0585
12.0881
12.1188
12.1505
12.1829
12.216
12.2499
12.2845
12.3199
12.3562
12.3934
12.4313
12.4696
12.5077
12.5454
12.582
12.6173
12.6512
12.6835
12.7145
12.7442
12.7729
12.8005
12.8271
12.8525
12.8765
12.8986
12.9184
12.9354
12.9492
12.9596
12.9665
12.9697
12.9693
12.9652
12.9573
12.9455
12.9295
12.9089
12.8831
12.8514
12.8129
12.7669
12.7124
12.6487
12.575
12.4904
12.3941
12.2851
12.1621
12.0238
11.8687
11.6949
11.5004
11.283
11.0406
10.7713
10.4733
10.1456
9.78781
11.328
11.3756
11.4194
11.4592
11.4956
11.5287
11.5589
11.5865
11.6119
11.6354
11.6573
11.6777
11.697
11.7153
11.7328
11.7497
11.7662
11.7824
11.7984
11.8145
11.8309
11.8476
11.8649
11.8829
11.902
11.9222
11.9438
11.9671
11.9921
12.019
12.0476
12.0779
12.1095
12.142
12.1752
12.2089
12.2432
12.2784
12.3146
12.3521
12.3909
12.431
12.4718
12.5128
12.553
12.5919
12.629
12.6641
12.6975
12.7292
12.7598
12.7896
12.8187
12.8473
12.8753
12.9024
12.9279
12.9512
12.9714
12.9883
13.0016
13.0112
13.0172
13.0198
13.0192
13.0152
13.0081
12.9976
12.9833
12.9647
12.9408
12.9106
12.8732
12.8277
12.7733
12.7092
12.6349
12.5494
12.4519
12.3412
12.2158
12.0741
11.9138
11.7324
11.5273
11.2953
11.0338
10.7403
10.4129
10.051
11.3639
11.4115
11.4545
11.493
11.5275
11.5584
11.5863
11.6115
11.6344
11.6555
11.6749
11.693
11.71
11.7261
11.7415
11.7563
11.7708
11.785
11.7991
11.8133
11.8277
11.8426
11.8581
11.8744
11.8918
11.9106
11.931
11.9534
11.978
12.005
12.0344
12.0658
12.0987
12.1325
12.1666
12.2008
12.2353
12.2707
12.3074
12.3459
12.3866
12.4294
12.4738
12.5187
12.5625
12.6042
12.6433
12.6796
12.7135
12.7456
12.7766
12.807
12.8374
12.8682
12.8994
12.9305
12.9604
12.988
13.0123
13.0325
13.0487
13.061
13.0696
13.075
13.0776
13.0777
13.0754
13.071
13.0639
13.0536
13.039
13.0186
12.9911
12.9557
12.9116
12.8583
12.7953
12.722
12.6376
12.5412
12.4313
12.306
12.1628
11.9987
11.8099
11.5925
11.3424
11.0558
10.7299
10.363
11.4065
11.4541
11.4959
11.5325
11.5644
11.5925
11.6174
11.6396
11.6596
11.6778
11.6944
11.7099
11.7243
11.7379
11.7509
11.7634
11.7756
11.7876
11.7995
11.8116
11.8239
11.8366
11.85
11.8642
11.8797
11.8966
11.9154
11.9365
11.9604
11.9875
12.018
12.0514
12.0868
12.1225
12.1576
12.192
12.2262
12.261
12.2974
12.3365
12.3791
12.4255
12.4751
12.5259
12.575
12.6204
12.6614
12.6984
12.7321
12.7636
12.7939
12.8243
12.8556
12.8886
12.9236
12.96
12.9962
13.0296
13.0586
13.0825
13.1014
13.1158
13.1265
13.1342
13.1396
13.1433
13.1459
13.1478
13.149
13.1488
13.1454
13.1365
13.1204
13.096
13.063
13.0211
12.9703
12.9103
12.8406
12.7605
12.6687
12.5634
12.442
12.3004
12.1338
11.9366
11.7033
11.428
11.1056
10.7328
11.4574
11.5048
11.5448
11.5785
11.6069
11.6313
11.6523
11.6708
11.6873
11.7021
11.7156
11.7281
11.7397
11.7506
11.7609
11.7709
11.7806
11.7902
11.7998
11.8094
11.8193
11.8296
11.8406
11.8524
11.8653
11.8797
11.8962
11.9154
11.9381
11.9652
11.9973
12.0342
12.0742
12.1132
12.1496
12.1836
12.2161
12.2489
12.2836
12.322
12.366
12.417
12.4746
12.5355
12.5927
12.6427
12.6853
12.7217
12.7537
12.783
12.8113
12.8401
12.8711
12.9059
12.9455
12.9897
13.0357
13.0775
13.1123
13.1395
13.1603
13.1759
13.1876
13.1965
13.2037
13.2103
13.2173
13.2256
13.2361
13.2483
13.2596
13.2648
13.2614
13.2486
13.2269
13.1967
13.1585
13.1125
13.0586
12.9965
12.9254
12.8441
12.7499
12.6381
12.5014
12.3327
12.1244
11.868
11.5539
11.1745
11.5192
11.5661
11.6028
11.6319
11.6553
11.6746
11.6909
11.705
11.7173
11.7283
11.7383
11.7475
11.7559
11.7639
11.7715
11.7787
11.7858
11.7928
11.7998
11.8068
11.8141
11.8217
11.8299
11.8387
11.8486
11.8599
11.8732
11.8893
11.9095
11.9355
11.9694
12.0127
12.0627
12.1077
12.1452
12.177
12.2057
12.2339
12.2641
12.2993
12.3429
12.3987
12.4693
12.5503
12.6205
12.6756
12.7179
12.7513
12.7791
12.8038
12.8277
12.8527
12.8812
12.9161
12.9606
13.0169
13.0811
13.1356
13.1765
13.2058
13.2266
13.2415
13.2526
13.2612
13.2687
13.2766
13.2864
13.3003
13.3207
13.3491
13.3822
13.4055
13.4157
13.4141
13.4028
13.3837
13.3578
13.3258
13.2882
13.2451
13.1968
13.1432
13.0831
13.0114
12.915
12.7856
12.6149
12.3907
12.0962
11.7117
11.5973
11.6418
11.672
11.6934
11.7095
11.7222
11.7326
11.7415
11.7492
11.756
11.7621
11.7677
11.7729
11.7777
11.7823
11.7868
11.7911
11.7953
11.7996
11.8039
11.8083
11.813
11.818
11.8236
11.8298
11.8371
11.846
11.8572
11.8724
11.8944
11.9281
11.9812
12.0585
12.1128
12.1489
12.1747
12.1959
12.2158
12.2376
12.2645
12.302
12.3589
12.4491
12.5804
12.6703
12.7267
12.7633
12.789
12.8088
12.8258
12.8422
12.86
12.882
12.9124
12.9587
13.0325
13.1404
13.2131
13.2572
13.2841
13.3012
13.3127
13.3208
13.3273
13.3332
13.34
13.3496
13.3655
13.3935
13.4428
13.5188
13.565
13.5868
13.5932
13.59
13.5803
13.5657
13.5472
13.5254
13.5012
13.4757
13.4516
13.4327
13.42
13.376
13.2981
13.1821
13.0146
12.7677
12.3923
11.7055
11.7382
11.7536
11.7624
11.7684
11.773
11.7766
11.7796
11.7822
11.7845
11.7866
11.7885
11.7902
11.7919
11.7934
11.7949
11.7963
11.7978
11.7992
11.8006
11.8021
11.8037
11.8054
11.8073
11.8095
11.812
11.8152
11.8194
11.8256
11.8363
11.8585
11.9151
12.0871
12.1441
12.1672
12.1793
12.1877
12.1951
12.2034
12.2145
12.233
12.2712
12.3695
12.6699
12.7681
12.8062
12.8243
12.835
12.8425
12.8487
12.8546
12.8613
12.8704
12.8855
12.9172
12.999
13.2502
13.3316
13.3625
13.3765
13.3839
13.3884
13.3915
13.3939
13.3962
13.3991
13.4037
13.413
13.4354
13.4982
13.6979
13.7597
13.78
13.7861
13.7864
13.7837
13.7791
13.7731
13.7662
13.7588
13.7526
13.7521
13.7734
13.8737
13.8857
13.8651
13.8231
13.7529
13.6241
13.3402
8.54885
8.08378
7.59251
7.07652
6.53753
5.97745
5.39831
4.80221
4.19126
3.56757
2.93322
2.29024
1.64059
0.986234
0.329057
8.57612
8.10989
7.61715
7.09945
6.55855
5.99645
5.41521
4.817
4.20395
3.5782
2.94183
2.29687
1.6453
0.98904
0.32999
8.63102
8.16242
7.66669
7.14547
6.60071
6.0345
5.44904
4.84657
4.2293
3.5994
2.95899
2.31008
1.65466
0.994629
0.331847
8.71428
8.24201
7.74161
7.21498
6.66425
6.09174
5.49983
4.89088
4.26723
3.63109
2.9846
2.3298
1.66862
1.00296
0.334615
8.82705
8.34961
7.8427
7.3085
6.7495
6.16831
5.56758
4.94986
4.31759
3.67309
3.0185
2.35585
1.68706
1.01395
0.338266
8.97094
8.48661
7.97098
7.42674
6.85685
6.26437
5.65226
5.02332
4.38015
3.72513
3.06042
2.38802
1.7098
1.02749
0.342765
9.14819
8.65481
8.12779
7.57054
6.98673
6.37999
5.75371
5.11097
4.45453
3.78681
3.10999
2.426
1.73661
1.04345
0.348061
9.36174
8.85655
8.31473
7.74082
7.13947
6.51508
5.87155
5.21227
4.54012
3.85756
3.16669
2.46935
1.76716
1.06162
0.35409
9.61559
9.09481
8.53368
7.93845
7.31518
6.66923
6.00508
5.32638
4.63608
3.93657
3.22983
2.51752
1.80106
1.08175
0.360769
9.91511
9.37332
8.78665
8.16404
7.5135
6.84151
6.15309
5.45203
4.74119
4.02278
3.29851
2.56979
1.8378
1.10356
0.367996
10.2677
9.69661
9.07545
8.41748
7.73317
7.03014
6.31367
5.58739
4.85383
4.11479
3.37161
2.62532
1.87677
1.12666
0.375653
10.684
10.0698
9.40098
8.69715
7.97149
7.23214
6.48399
5.72997
4.97189
4.21091
3.44779
2.68309
1.91726
1.15066
0.383603
11.1793
10.4976
9.76139
8.99855
8.22341
7.44287
6.6601
5.87655
5.09281
4.3091
3.52549
2.74197
1.95851
1.1751
0.391697
11.7752
10.9798
10.1483
9.31215
8.48065
7.65573
6.83693
6.02325
5.21363
4.40716
3.60307
2.80076
1.99971
1.1995
0.399781
12.4931
11.4979
10.5399
9.62097
8.73123
7.86237
7.00858
6.16583
5.33126
4.50278
3.67885
2.85825
2.04003
1.22341
0.407704
10.0594
10.178
10.2962
10.4139
10.5308
10.6468
10.7616
10.8751
10.9872
11.0982
11.2084
11.3189
11.4318
11.5521
11.6935
10.061
10.1829
10.3044
10.4254
10.5455
10.6647
10.7826
10.8991
11.0142
11.1279
11.2406
11.3532
11.4676
11.588
11.7217
10.0627
10.188
10.313
10.4373
10.5609
10.6833
10.8045
10.9242
11.0422
11.1584
11.2728
11.3861
11.4993
11.6147
11.7355
10.0645
10.1934
10.3219
10.4499
10.5769
10.7029
10.8275
10.9504
11.0713
11.1899
11.3059
11.419
11.5294
11.6376
11.745
10.0664
10.199
10.3313
10.463
10.5938
10.7234
10.8516
10.978
11.1021
11.2233
11.3409
11.4538
11.5609
11.6611
11.7542
10.0683
10.2049
10.3411
10.4767
10.6114
10.745
10.877
11.0071
11.1347
11.2591
11.379
11.4926
11.5973
11.6893
11.7659
10.0704
10.211
10.3513
10.491
10.6298
10.7675
10.9037
11.038
11.1697
11.298
11.4214
11.5377
11.6424
11.7281
11.785
10.0725
10.2173
10.3619
10.5058
10.649
10.7911
10.9317
11.0705
11.207
11.3402
11.4689
11.5907
11.7006
11.787
11.8241
10.0747
10.2239
10.3728
10.5212
10.6689
10.8156
10.961
11.1047
11.2464
11.3855
11.5211
11.6519
11.775
11.8801
11.9237
10.0769
10.2307
10.3841
10.5371
10.6895
10.841
10.9914
11.1403
11.2877
11.4331
11.5766
11.7186
11.8617
12.016
12.2267
10.0792
10.2376
10.3957
10.5535
10.7107
10.8672
11.0227
11.1771
11.3302
11.4821
11.633
11.7845
11.9406
12.1126
12.3277
10.0816
10.2447
10.4076
10.5702
10.7324
10.8939
11.0547
11.2147
11.3736
11.5316
11.6891
11.847
12.0084
12.1792
12.37
10.084
10.2519
10.4197
10.5873
10.7545
10.9212
11.0874
11.2529
11.4176
11.5816
11.7447
11.9072
12.0695
12.232
12.3954
10.0864
10.2593
10.432
10.6045
10.7768
10.9488
11.1205
11.2916
11.4622
11.632
11.8007
11.9676
12.1303
12.284
12.4202
10.0889
10.2666
10.4443
10.6219
10.7994
10.9767
11.1538
11.3307
11.5072
11.6831
11.8581
12.0307
12.1973
12.3483
12.4598
10.0914
10.2741
10.4568
10.6394
10.8221
11.0047
11.1874
11.3699
11.5525
11.7349
11.917
12.0979
12.2752
12.4399
12.552
10.0938
10.2815
10.4692
10.6569
10.8448
11.0327
11.2209
11.4092
11.5979
11.7869
11.9766
12.1675
12.3617
12.5679
12.8255
10.0963
10.2889
10.4815
10.6743
10.8673
11.0606
11.2542
11.4482
11.6429
11.8384
12.0353
12.2347
12.44
12.6601
12.9182
10.0987
10.2962
10.4938
10.6916
10.8897
11.0882
11.2872
11.4868
11.6873
11.889
12.0922
12.2979
12.5078
12.7259
12.9589
10.1011
10.3034
10.5059
10.7086
10.9117
11.1154
11.3196
11.5247
11.7309
11.9384
12.1474
12.358
12.5699
12.7811
12.9869
10.1035
10.3106
10.5178
10.7254
10.9334
11.1421
11.3515
11.5619
11.7735
11.9866
12.2013
12.4172
12.6324
12.8402
13.022
10.1058
10.3176
10.5295
10.7418
10.9547
11.1682
11.3826
11.5982
11.8151
12.0338
12.2544
12.4769
12.7
12.9171
13.0965
10.1081
10.3244
10.5409
10.7579
10.9754
11.1937
11.4129
11.6334
11.8555
12.0795
12.306
12.5361
12.7718
13.0202
13.3119
10.1103
10.3311
10.5521
10.7735
10.9956
11.2184
11.4423
11.6675
11.8944
12.1234
12.3552
12.5912
12.8347
13.0931
13.3846
10.1125
10.3376
10.5629
10.7887
11.0151
11.2424
11.4708
11.7005
11.9318
12.1652
12.4013
12.6412
12.887
13.1429
13.4153
10.1146
10.3439
10.5734
10.8034
11.0341
11.2656
11.4983
11.7322
11.9677
12.2051
12.4448
12.687
12.9323
13.1811
13.4334
10.1166
10.35
10.5836
10.8177
11.0524
11.2881
11.5248
11.7628
12.0023
12.2435
12.4864
12.7306
12.9752
13.2168
13.45
10.1186
10.3559
10.5934
10.8314
11.0702
11.3097
11.5504
11.7923
12.0356
12.2805
12.5269
12.774
13.0199
13.2583
13.4748
10.1205
10.3615
10.6029
10.8447
11.0872
11.3306
11.575
11.8207
12.0679
12.3165
12.5668
12.8183
13.0696
13.3151
13.5306
10.1223
10.367
10.612
10.8575
11.1037
11.3507
11.5988
11.8481
12.0989
12.3514
12.6058
12.8626
13.1232
13.3926
13.6943
10.1241
10.3723
10.6208
10.8698
11.1195
11.37
11.6216
11.8745
12.1288
12.3849
12.643
12.9042
13.1705
13.4477
13.7495
10.1258
10.3774
10.6292
10.8816
11.1347
11.3886
11.6436
11.8998
12.1574
12.4168
12.6781
12.9422
13.2103
13.4856
13.7729
10.1274
10.3822
10.6373
10.8929
11.1492
11.4064
11.6646
11.924
12.1848
12.4472
12.7113
12.9772
13.245
13.515
13.7868
10.1289
10.3868
10.645
10.9038
11.1631
11.4234
11.6847
11.9472
12.2111
12.4764
12.7431
13.0108
13.2783
13.5429
13.7999
10.1304
10.3913
10.6524
10.9141
11.1764
11.4397
11.704
11.9695
12.2363
12.5046
12.7742
13.0444
13.3134
13.5761
13.8201
10.1318
10.3955
10.6594
10.9239
11.1891
11.4551
11.7223
11.9907
12.2605
12.5318
12.8047
13.0788
13.3528
13.6222
13.8664
10.1331
10.3994
10.6661
10.9332
11.2011
11.4698
11.7397
12.0109
12.2836
12.558
12.8343
13.1131
13.3954
13.6856
14.0032
10.1344
10.4032
10.6724
10.942
11.2124
11.4837
11.7562
12.03
12.3054
12.5826
12.8622
13.1448
13.4325
13.73
14.0488
10.1355
10.4067
10.6782
10.9503
11.2231
11.4968
11.7717
12.048
12.3259
12.6057
12.8878
13.173
13.4626
13.7594
14.0675
10.1366
10.41
10.6838
10.958
11.233
11.509
11.7862
12.0647
12.3449
12.627
12.9112
13.1979
13.4877
13.7809
14.0779
10.1377
10.4131
10.6889
10.9652
11.2423
11.5204
11.7997
12.0803
12.3627
12.6468
12.9328
13.2208
13.5102
13.7998
14.0866
10.1386
10.4159
10.6936
10.9718
11.2508
11.5309
11.8121
12.0948
12.3791
12.6651
12.953
13.2425
13.5326
13.8204
14.0987
10.1395
10.4185
10.6979
10.9779
11.2587
11.5405
11.8235
12.108
12.3942
12.6821
12.972
13.2637
13.5564
13.8475
14.1251
10.1402
10.4209
10.7018
10.9834
11.2657
11.5492
11.8339
12.12
12.4079
12.6978
12.9897
13.284
13.5813
13.8837
14.2019
10.1409
10.4229
10.7053
10.9883
11.2721
11.5569
11.8431
12.1308
12.4203
12.7118
13.0057
13.3023
13.6026
13.909
14.2277
10.1415
10.4248
10.7084
10.9925
11.2776
11.5638
11.8513
12.1403
12.4312
12.7243
13.0196
13.3178
13.6194
13.9257
14.2383
10.1421
10.4263
10.711
10.9962
11.2823
11.5696
11.8582
12.1485
12.4406
12.7349
13.0316
13.3309
13.633
13.9378
14.2445
10.1425
10.4276
10.7131
10.9992
11.2863
11.5745
11.864
12.1553
12.4485
12.7439
13.0417
13.342
13.6446
13.9485
14.2505
10.1428
10.4286
10.7148
11.0016
11.2894
11.5783
11.8686
12.1607
12.4548
12.7511
13.0499
13.3513
13.6552
13.9604
14.2617
10.1431
10.4294
10.716
11.0034
11.2916
11.5811
11.872
12.1647
12.4594
12.7565
13.0562
13.3589
13.6649
13.9749
14.293
10.1432
10.4298
10.7168
11.0044
11.293
11.5828
11.8741
12.1672
12.4624
12.76
13.0604
13.3641
13.6715
13.9838
14.303
10.1433
10.43
10.7171
11.0048
11.2935
11.5835
11.8749
12.1681
12.4635
12.7614
13.0623
13.3665
13.6748
13.9878
14.3062
10.1432
10.4299
10.7169
11.0045
11.2932
11.583
11.8744
12.1676
12.4629
12.7608
13.0617
13.3661
13.6746
13.988
14.3065
10.1431
10.4294
10.7162
11.0036
11.2919
11.5815
11.8725
12.1654
12.4605
12.7581
13.0586
13.3626
13.6709
13.9846
14.3046
10.1429
10.4287
10.715
11.0019
11.2898
11.5788
11.8694
12.1618
12.4562
12.7532
13.053
13.3561
13.6635
13.9766
14.299
10.1425
10.4278
10.7134
10.9996
11.2868
11.5751
11.865
12.1565
12.4502
12.7462
13.0449
13.3467
13.6519
13.962
14.2832
10.1421
10.4265
10.7113
10.9967
11.2829
11.5704
11.8592
12.1498
12.4424
12.7373
13.0347
13.3347
13.6369
13.9396
14.2348
10.1416
10.425
10.7087
10.993
11.2782
11.5646
11.8523
12.1417
12.433
12.7266
13.0226
13.3211
13.6216
13.9222
14.218
10.141
10.4232
10.7057
10.9888
11.2727
11.5578
11.8441
12.1321
12.422
12.7141
13.0087
13.306
13.606
13.9079
14.2098
10.1403
10.4211
10.7023
10.984
11.2664
11.55
11.8348
12.1211
12.4094
12.6998
12.9928
13.289
13.589
13.8937
14.2033
10.1396
10.4188
10.6984
10.9785
11.2594
11.5413
11.8243
12.1088
12.3951
12.6836
12.9747
13.2692
13.5687
13.8758
14.1945
10.1387
10.4163
10.6942
10.9726
11.2517
11.5317
11.8128
12.0953
12.3794
12.6655
12.954
13.2459
13.543
13.8499
14.1775
10.1378
10.4136
10.6896
10.9661
11.2433
11.5212
11.8002
12.0805
12.3622
12.6456
12.931
13.2189
13.5104
13.8096
14.1349
10.1369
10.4107
10.6847
10.9592
11.2342
11.51
11.7868
12.0646
12.3437
12.6242
12.9062
13.1892
13.4724
13.7511
14.0062
10.1358
10.4075
10.6795
10.9518
11.2246
11.4982
11.7725
12.0479
12.3243
12.6018
12.8804
13.1595
13.4373
13.709
13.9629
10.1347
10.4042
10.674
10.944
11.2146
11.4857
11.7575
12.0303
12.3039
12.5786
12.8543
13.1305
13.4063
13.6791
13.9443
10.1336
10.4008
10.6682
10.9359
11.204
11.4727
11.7419
12.012
12.2828
12.5547
12.8277
13.1018
13.3773
13.6542
13.9325
10.1324
10.3972
10.6622
10.9275
11.1931
11.4591
11.7257
11.993
12.261
12.53
12.8002
13.0721
13.3473
13.6284
13.9201
10.1312
10.3936
10.6561
10.9188
11.1818
11.4452
11.709
11.9734
12.2385
12.5043
12.7713
13.0402
13.313
13.595
13.8992
10.1299
10.3898
10.6497
10.9099
11.1702
11.4309
11.6919
11.9534
12.2153
12.4778
12.741
13.0054
13.2722
13.5462
13.8492
10.1286
10.3859
10.6433
10.9008
11.1584
11.4163
11.6745
11.9329
12.1917
12.4507
12.7099
12.9689
13.2263
13.4773
13.6999
10.1273
10.382
10.6367
10.8915
11.1464
11.4015
11.6568
11.9122
12.1678
12.4234
12.6788
12.9333
13.1848
13.428
13.6498
10.126
10.378
10.63
10.8821
11.1343
11.3866
11.6389
11.8914
12.1438
12.3962
12.6483
12.8997
13.149
13.3935
13.6283
10.1246
10.374
10.6233
10.8727
11.1221
11.3715
11.621
11.8704
12.1198
12.3691
12.6183
12.8674
13.1164
13.3656
13.615
10.1233
10.3699
10.6165
10.8632
11.1098
11.3564
11.603
11.8495
12.0959
12.3421
12.5883
12.835
13.0837
13.3374
13.6015
10.1219
10.3658
10.6097
10.8536
11.0975
11.3413
11.5851
11.8286
12.0719
12.3149
12.5579
12.8013
13.0474
13.3019
13.5791
10.1206
10.3617
10.6029
10.8441
11.0852
11.3263
11.5672
11.8078
12.0481
12.2878
12.527
12.7656
13.0051
13.2506
13.5257
10.1192
10.3577
10.5961
10.8345
11.0729
11.3113
11.5494
11.7873
12.0246
12.2611
12.4963
12.7294
12.9586
13.1785
13.3661
10.1178
10.3535
10.5893
10.825
11.0607
11.2963
11.5319
11.767
12.0017
12.2352
12.467
12.6957
12.9184
13.1289
13.3134
10.1165
10.3494
10.5824
10.8154
11.0485
11.2815
11.5145
11.7472
11.9793
12.2105
12.4399
12.6661
12.8865
13.0972
13.2926
10.1151
10.3453
10.5755
10.8058
11.0362
11.2667
11.4972
11.7276
11.9577
12.187
12.415
12.6403
12.8615
13.076
13.2824
10.1137
10.3411
10.5685
10.7961
11.0239
11.2518
11.4799
11.7082
11.9364
12.1644
12.3917
12.6175
12.8408
13.0605
13.2761
10.1123
10.3368
10.5615
10.7863
11.0114
11.2368
11.4625
11.6887
11.9153
12.1423
12.3694
12.5963
12.8226
13.0477
13.2713
10.1108
10.3325
10.5543
10.7763
10.9986
11.2214
11.4448
11.6689
11.8939
12.1199
12.3471
12.5755
12.8052
13.0358
13.267
10.1093
10.328
10.5469
10.766
10.9856
11.2057
11.4266
11.6485
11.8717
12.0967
12.3239
12.5539
12.7869
13.0233
13.2625
10.1078
10.3235
10.5393
10.7554
10.972
11.1893
11.4075
11.6271
11.8483
12.072
12.2988
12.5299
12.7663
13.0089
13.2572
10.1062
10.3188
10.5315
10.7445
10.958
11.1723
11.3876
11.6044
11.8232
12.0449
12.2707
12.5022
12.7414
12.9904
13.2498
10.1046
10.3139
10.5234
10.7332
10.9435
11.1545
11.3666
11.5802
11.796
12.0149
12.2386
12.469
12.7095
12.9645
13.2381
10.103
10.309
10.5152
10.7216
10.9285
11.136
11.3445
11.5544
11.7665
11.9817
12.2016
12.4288
12.6675
12.9255
13.2156
10.1013
10.3039
10.5067
10.7096
10.9129
11.1167
11.3214
11.5272
11.7348
11.9451
12.1596
12.3805
12.6122
12.8641
13.1622
13.2163
11.9385
10.8629
9.87723
8.9417
8.03789
7.15572
6.28896
5.43343
4.58623
3.74521
2.90874
2.07552
1.24448
0.414689
13.4449
12.1987
11.0939
10.0753
9.11093
8.18238
7.27875
6.39303
5.52049
4.65776
3.80236
2.95236
2.10625
1.26275
0.420751
13.5401
12.3606
11.2648
10.2358
9.25519
8.3095
7.38927
6.48791
5.6007
4.72418
3.85572
2.99326
2.13515
1.27996
0.426468
13.5879
12.4641
11.3894
10.3625
9.37514
8.41888
7.48664
6.57291
5.67344
4.78496
3.90488
3.03114
2.162
1.29599
0.431797
13.6158
12.5334
11.4808
10.4616
9.47342
8.51151
7.5711
6.64795
5.73851
4.83987
3.94962
3.06579
2.18666
1.31074
0.436709
13.6341
12.5819
11.5487
10.5392
9.55338
8.58915
7.64352
6.71342
5.79603
4.8889
3.98989
3.09715
2.20906
1.32419
0.44119
13.6468
12.6172
11.6002
10.6002
9.61827
8.65381
7.70509
6.77
5.84639
4.93226
4.02577
3.12526
2.22923
1.33632
0.445238
13.6562
12.6437
11.6399
10.6485
9.67097
8.70749
7.75714
6.81855
5.89013
4.97028
4.05746
3.15022
2.24722
1.34717
0.448863
13.6633
12.6639
11.6709
10.687
9.71386
8.75198
7.80098
6.85998
5.92786
5.00337
4.08525
3.17224
2.26314
1.35679
0.452083
13.6687
12.6798
11.6954
10.7179
9.74889
8.78886
7.83779
6.89519
5.96025
5.03202
4.10945
3.19151
2.27713
1.36527
0.454924
13.6731
12.6923
11.715
10.743
9.77758
8.81944
7.86868
6.92503
5.98794
5.05668
4.13042
3.20828
2.28935
1.37269
0.457413
13.6765
12.7023
11.7308
10.7633
9.80116
8.84483
7.89456
6.95026
6.01153
5.07783
4.14851
3.22281
2.29996
1.37916
0.459582
13.6793
12.7104
11.7436
10.78
9.8206
8.86593
7.91625
6.97155
6.03158
5.09591
4.16404
3.23533
2.30914
1.38476
0.461464
13.6815
12.717
11.7541
10.7937
9.83668
8.8835
7.93443
6.98951
6.04858
5.11133
4.17733
3.24609
2.31705
1.38959
0.463088
13.6834
12.7224
11.7627
10.805
9.85
8.89814
7.94967
7.00465
6.06298
5.12444
4.18869
3.25531
2.32383
1.39374
0.464486
13.6849
12.7268
11.7698
10.8143
9.86107
8.91036
7.96244
7.0174
6.07516
5.13557
4.19836
3.26318
2.32964
1.3973
0.465685
13.6861
12.7305
11.7756
10.8221
9.87029
8.92058
7.97317
7.02814
6.08546
5.14502
4.20659
3.2699
2.33461
1.40034
0.466711
13.6871
12.7335
11.7805
10.8285
9.87799
8.92913
7.98217
7.03719
6.09417
5.15302
4.21358
3.27561
2.33884
1.40294
0.467588
13.688
12.7361
11.7846
10.8339
9.88442
8.93631
7.98975
7.04482
6.10153
5.15981
4.21952
3.28047
2.34244
1.40516
0.468335
13.6887
12.7382
11.788
10.8384
9.88982
8.94233
7.99612
7.05126
6.10775
5.16555
4.22456
3.2846
2.34551
1.40705
0.468972
13.6893
12.7399
11.7908
10.8422
9.89435
8.9474
8.0015
7.0567
6.11302
5.17043
4.22884
3.28812
2.34812
1.40865
0.469515
13.6898
12.7414
11.7932
10.8454
9.89817
8.95169
8.00605
7.06131
6.11749
5.17457
4.23248
3.29111
2.35035
1.41003
0.469978
13.6902
12.7427
11.7952
10.8481
9.9014
8.95531
8.0099
7.06522
6.1213
5.1781
4.23558
3.29367
2.35225
1.4112
0.470374
13.6906
12.7437
11.7969
10.8504
9.90415
8.9584
8.01319
7.06856
6.12454
5.18111
4.23824
3.29585
2.35388
1.4122
0.470713
13.6909
12.7446
11.7984
10.8523
9.90651
8.96104
8.016
7.07143
6.12733
5.1837
4.24052
3.29773
2.35528
1.41306
0.471005
13.6912
12.7454
11.7997
10.854
9.90854
8.96333
8.01844
7.0739
6.12974
5.18594
4.24249
3.29936
2.35649
1.41381
0.471257
13.6914
12.7461
11.8008
10.8555
9.91031
8.96532
8.02056
7.07607
6.13184
5.1879
4.24422
3.30079
2.35755
1.41447
0.471479
13.6916
12.7467
11.8017
10.8568
9.91188
8.96709
8.02245
7.07798
6.13371
5.18963
4.24575
3.30205
2.35849
1.41505
0.471674
13.6918
12.7473
11.8026
10.858
9.9133
8.96868
8.02415
7.07971
6.13539
5.19119
4.24713
3.30318
2.35933
1.41557
0.47185
13.692
12.7478
11.8034
10.8591
9.91462
8.97016
8.02571
7.0813
6.13693
5.19263
4.24839
3.30422
2.36011
1.41604
0.472011
13.6921
12.7482
11.8042
10.8601
9.91586
8.97156
8.02719
7.0828
6.13839
5.19397
4.24957
3.30519
2.36083
1.41649
0.472161
13.6923
12.7487
11.805
10.8611
9.91709
8.97292
8.02864
7.08425
6.13979
5.19527
4.25071
3.30612
2.36152
1.41691
0.472305
13.6925
12.7492
11.8058
10.8622
9.91833
8.9743
8.03009
7.08571
6.14119
5.19656
4.25183
3.30704
2.3622
1.41733
0.472446
13.6926
12.7497
11.8066
10.8633
9.91963
8.97574
8.03159
7.08721
6.14262
5.19787
4.25297
3.30797
2.36289
1.41775
0.472587
13.6928
12.7503
11.8075
10.8645
9.92104
8.97728
8.03319
7.0888
6.14413
5.19923
4.25415
3.30892
2.36359
1.41818
0.472732
13.6931
12.751
11.8086
10.8658
9.92262
8.97899
8.03494
7.09051
6.14575
5.20069
4.2554
3.30993
2.36433
1.41863
0.472884
13.6933
12.7517
11.8098
10.8674
9.92441
8.98091
8.0369
7.09241
6.14751
5.20227
4.25675
3.31101
2.36511
1.41911
0.473044
13.6936
12.7527
11.8112
10.8692
9.92651
8.98313
8.03912
7.09454
6.14947
5.204
4.25821
3.31217
2.36596
1.41962
0.473215
13.694
12.7538
11.813
10.8714
9.929
8.98572
8.04167
7.09695
6.15166
5.20591
4.25981
3.31344
2.36687
1.42017
0.473399
13.6946
12.7553
11.8152
10.8742
9.93199
8.98878
8.04463
7.0997
6.15412
5.20804
4.26157
3.31481
2.36785
1.42076
0.473596
13.6952
12.7572
11.8181
10.8776
9.93564
8.99242
8.04808
7.10284
6.15689
5.21039
4.26349
3.3163
2.36891
1.4214
0.473807
13.6961
12.7597
11.8217
10.8819
9.94012
8.99676
8.0521
7.10642
6.15998
5.21298
4.26558
3.31791
2.37005
1.42207
0.474031
13.6975
12.7633
11.8267
10.8874
9.94564
9.00194
8.05675
7.11047
6.16341
5.2158
4.26783
3.31962
2.37125
1.42278
0.474265
13.6995
12.7683
11.8333
10.8945
9.95245
9.00809
8.06211
7.11501
6.16717
5.21884
4.27022
3.32141
2.37249
1.42351
0.474508
13.7028
12.776
11.8426
10.9037
9.9608
9.01531
8.06817
7.12
6.17121
5.22206
4.2727
3.32325
2.37376
1.42426
0.474752
13.7091
12.7882
11.8557
10.9156
9.97087
9.0236
8.07488
7.12537
6.17546
5.22537
4.27523
3.3251
2.37502
1.42499
0.474993
13.7231
12.8083
11.874
10.9305
9.98266
9.03283
8.08208
7.13097
6.17978
5.22867
4.2777
3.32689
2.37623
1.42569
0.475222
13.7598
12.8418
11.8986
10.9483
9.99578
9.04263
8.08947
7.13656
6.18401
5.23184
4.28004
3.32856
2.37735
1.42633
0.47543
13.8725
12.8928
11.928
10.9676
10.0093
9.05236
8.09661
7.14184
6.18792
5.23471
4.28212
3.33002
2.37831
1.42687
0.475606
13.936
12.9333
11.9542
10.9853
10.0217
9.06123
8.10302
7.14649
6.19127
5.23712
4.28381
3.33118
2.37906
1.42729
0.475741
13.9576
12.9574
11.9733
10.9993
10.0318
9.06847
8.10819
7.15015
6.19385
5.2389
4.28502
3.33197
2.37954
1.42756
0.475824
13.9658
12.9703
11.9852
11.0088
10.0388
9.07355
8.11174
7.15256
6.19543
5.23989
4.28561
3.3323
2.37971
1.42763
0.475844
13.9686
12.9758
11.991
11.0137
10.0426
9.07615
8.1134
7.1535
6.19585
5.23997
4.28549
3.3321
2.37951
1.42749
0.475792
13.9681
12.9757
11.9914
11.0143
10.0429
9.07613
8.11301
7.15282
6.19499
5.23904
4.28459
3.33131
2.3789
1.4271
0.475662
13.9633
12.9699
11.9868
11.0108
10.04
9.07349
8.11052
7.15045
6.19277
5.23703
4.28285
3.32989
2.37785
1.42646
0.475445
13.9481
12.9568
11.9773
11.0035
10.034
9.06834
8.10595
7.14637
6.18915
5.23389
4.28022
3.32781
2.37634
1.42555
0.475138
13.9
12.9353
11.9637
10.9931
10.0254
9.06084
8.09936
7.14058
6.18412
5.22961
4.27669
3.32504
2.37436
1.42435
0.474738
13.8834
12.9186
11.9493
10.9806
10.0144
9.05115
8.09083
7.13312
6.17769
5.22418
4.27225
3.32158
2.37188
1.42286
0.474242
13.8754
12.9048
11.9344
10.9663
10.0013
9.03937
8.08041
7.12403
6.16988
5.21761
4.26689
3.31743
2.36892
1.42108
0.47365
13.869
12.8908
11.9178
10.9497
9.98586
9.0255
8.06815
7.11334
6.16071
5.20991
4.26064
3.31258
2.36547
1.41902
0.472962
13.8602
12.8731
11.8977
10.9302
9.96793
9.00948
8.05404
7.10108
6.15022
5.20113
4.2535
3.30706
2.36154
1.41666
0.472178
13.8432
12.8473
11.8721
10.9069
9.94727
8.9913
8.03814
7.08731
6.13846
5.19128
4.24551
3.30088
2.35714
1.41403
0.471302
13.8007
12.8069
11.8393
10.8797
9.92399
8.9711
8.02057
7.07212
6.12548
5.18041
4.23669
3.29406
2.35229
1.41113
0.470335
13.6718
12.7482
11.801
10.8497
9.89867
8.94918
8.0015
7.0556
6.11135
5.16858
4.22708
3.28662
2.34699
1.40796
0.46928
13.6285
12.7058
11.7655
10.8193
9.87221
8.92594
7.98112
7.03788
6.09616
5.15583
4.2167
3.27859
2.34127
1.40453
0.468138
13.6098
12.6755
11.7339
10.7896
9.84509
8.90162
7.95958
7.01905
6.07996
5.1422
4.2056
3.26998
2.33513
1.40085
0.466913
13.5978
12.6502
11.7041
10.7598
9.81719
8.87625
7.93694
6.99915
6.06279
5.12772
4.19378
3.2608
2.32859
1.39693
0.465605
13.5852
12.6237
11.6731
10.7288
9.78805
8.84969
7.91316
6.97821
6.04467
5.11241
4.18126
3.25107
2.32164
1.39276
0.464214
13.564
12.5896
11.6376
10.6951
9.7572
8.82179
7.88824
6.95624
6.02563
5.09629
4.16806
3.24079
2.31428
1.38834
0.462742
13.5137
12.5399
11.5953
10.6583
9.72449
8.79254
7.86217
6.93324
6.00566
5.07935
4.15416
3.22995
2.30653
1.38368
0.461187
13.3641
12.4698
11.5475
10.6193
9.6904
8.76214
7.83503
6.90924
5.98478
5.06159
4.13956
3.21855
2.29835
1.37876
0.459546
13.3134
12.4191
11.5037
10.5808
9.65576
8.73086
7.80693
6.88426
5.96296
5.04298
4.12423
3.20654
2.28974
1.37358
0.457815
13.2914
12.3829
11.4652
10.5436
9.62096
8.69885
7.77788
6.85829
5.94017
5.02348
4.10812
3.19391
2.28066
1.36811
0.455988
13.2774
12.3529
11.4293
10.5069
9.58574
8.66599
7.74781
6.83126
5.91635
5.00303
4.09117
3.1806
2.27108
1.36233
0.454057
13.263
12.3222
11.3926
10.4693
9.54946
8.63199
7.71655
6.80302
5.89137
4.98152
4.07331
3.16654
2.26094
1.35621
0.452011
13.2396
12.2837
11.3515
10.4292
9.51145
8.59653
7.68389
6.77343
5.86511
4.95883
4.05442
3.15164
2.25019
1.34971
0.449838
13.185
12.2287
11.3033
10.3858
9.47144
8.55941
7.64966
6.74231
5.83739
4.9348
4.03437
3.1358
2.23874
1.34279
0.447522
13.0238
12.1521
11.2496
10.3401
9.42976
8.52064
7.61372
6.70945
5.80799
4.90925
4.013
3.11889
2.22651
1.33539
0.445044
12.9692
12.0969
11.2006
10.295
9.38716
8.48027
7.57586
6.6746
5.77667
4.88193
3.9901
3.10075
2.21338
1.32745
0.442385
12.9461
12.0584
11.1579
10.2514
9.34383
8.43812
7.53577
6.63739
5.74307
4.85257
3.96546
3.08122
2.19924
1.31889
0.43952
12.9328
12.0286
11.1193
10.2084
9.29914
8.39358
7.49287
6.59731
5.70677
4.8208
3.93881
3.0601
2.18395
1.30964
0.436424
12.9228
12.0021
11.0818
10.1643
9.25178
8.34563
7.44632
6.5537
5.66726
4.78625
3.90984
3.03717
2.16737
1.29962
0.433072
12.9131
11.9753
11.0423
10.1166
9.19995
8.29287
7.39506
6.50576
5.62393
4.74847
3.87825
3.01222
2.14937
1.28875
0.429436
12.9024
11.9452
10.9975
10.0626
9.14141
8.2336
7.33785
6.45258
5.57615
4.707
3.84373
2.98505
2.12981
1.27695
0.425496
12.8891
11.9085
10.9438
9.99885
9.07354
8.16589
7.27331
6.39321
5.52326
4.66143
3.80599
2.95546
2.10857
1.26417
0.421231
12.8712
11.8605
10.8763
9.92145
8.99335
8.08766
7.20005
6.32675
5.46469
4.61138
3.76481
2.92334
2.08559
1.25037
0.416631
12.8445
11.7942
10.7883
9.82539
8.89753
7.99683
7.11679
6.25244
5.4
4.55661
3.72006
2.88861
2.06084
1.23555
0.411692
12.7998
11.6968
10.6706
9.7049
8.78278
7.89158
7.0226
6.16981
5.32899
4.49706
3.67175
2.85131
2.03434
1.21971
0.406425
12.7113
11.5459
10.5106
9.5541
8.64649
7.77085
6.9171
6.07883
5.25176
4.43288
3.62003
2.81157
2.00622
1.20294
0.400851
12.4996
11.3047
10.2959
9.36928
8.48793
7.63487
6.80081
5.98003
5.16879
4.36449
3.56524
2.76965
1.97663
1.18533
0.395005
10.0994
10.2983
10.4972
10.6962
10.8954
11.0949
11.295
11.4958
11.6978
11.9017
12.1083
12.319
12.5358
12.7611
12.9943
10.0973
10.292
10.4867
10.6813
10.8759
11.0706
11.2653
11.4602
11.6556
11.8515
12.0482
12.2458
12.444
12.6406
12.8284
10.0953
10.2858
10.4762
10.6664
10.8564
11.0461
11.2354
11.4243
11.6126
11.8003
11.987
12.172
12.3537
12.5288
12.691
10.0932
10.2797
10.4659
10.6518
10.8372
11.0219
11.2058
11.3887
11.5703
11.7501
11.9275
12.1014
12.2698
12.4299
12.5771
10.0913
10.2737
10.4559
10.6376
10.8185
10.9985
11.1773
11.3545
11.5297
11.7023
11.8715
12.036
12.1942
12.3437
12.4814
10.0894
10.2681
10.4464
10.624
10.8008
10.9763
11.1503
11.3222
11.4916
11.6578
11.82
11.977
12.1273
12.2691
12.4005
10.0876
10.2628
10.4375
10.6114
10.7842
10.9556
11.1252
11.2924
11.4567
11.6174
11.7737
11.9245
12.0687
12.2049
12.3317
10.086
10.2579
10.4293
10.5998
10.7691
10.9368
11.1024
11.2654
11.4252
11.5813
11.7327
11.8786
12.0181
12.15
12.2735
10.0846
10.2536
10.422
10.5895
10.7556
10.92
11.0821
11.2415
11.3976
11.5497
11.6971
11.8391
11.9749
12.1036
12.2245
10.0833
10.2498
10.4156
10.5804
10.7438
10.9054
11.0646
11.2209
11.3738
11.5227
11.6669
11.8058
11.9387
12.0649
12.1838
10.0822
10.2465
10.4102
10.5728
10.7339
10.8931
11.0498
11.2036
11.354
11.5003
11.642
11.7784
11.9091
12.0333
12.1508
10.0814
10.2439
10.4058
10.5666
10.7259
10.8832
11.038
11.1898
11.3381
11.4824
11.6222
11.7568
11.8857
12.0086
12.1249
10.0807
10.2419
10.4025
10.562
10.7199
10.8757
11.0291
11.1794
11.3263
11.4691
11.6074
11.7407
11.8685
11.9903
12.1058
10.0803
10.2406
10.4003
10.5588
10.7158
10.8707
11.0231
11.1725
11.3184
11.4603
11.5976
11.73
11.857
11.9782
12.0932
10.0801
10.24
10.3992
10.5573
10.7138
10.8682
11.0202
11.1691
11.3145
11.4558
11.5928
11.7247
11.8513
11.9722
12.087
13.1923
13.2591
13.2899
13.3074
13.3191
13.3276
13.3344
13.3399
13.3445
13.3484
13.3518
13.3548
13.3574
13.3598
13.3619
13.3637
13.3654
13.3669
13.3683
13.3695
13.3706
13.3716
13.3725
13.3733
13.374
13.3747
13.3753
13.3758
13.3762
13.3766
13.377
13.3772
13.3775
13.3777
13.3778
13.3779
13.378
13.378
13.3779
13.3778
13.3777
13.3775
13.3773
13.3771
13.3767
13.3764
13.3759
13.3754
13.3749
13.3743
13.3736
13.3728
13.372
13.371
13.37
13.3688
13.3676
13.3662
13.3647
13.363
13.3612
13.3592
13.357
13.3546
13.352
13.3491
13.3459
13.3425
13.3387
13.3345
13.3299
13.3249
13.3193
13.3132
13.3064
13.2988
13.2905
13.2811
13.2705
13.2586
13.245
13.2294
13.211
13.1892
13.1624
13.1282
13.0818
13.012
12.8889
12.6219
12.9742
13.0636
13.1233
13.1652
13.1961
13.2201
13.2394
13.2553
13.2688
13.2804
13.2905
13.2994
13.3072
13.3141
13.3204
13.3259
13.3309
13.3355
13.3395
13.3432
13.3465
13.3495
13.3522
13.3546
13.3567
13.3587
13.3604
13.3619
13.3633
13.3644
13.3654
13.3663
13.367
13.3676
13.368
13.3683
13.3684
13.3684
13.3683
13.3681
13.3677
13.3672
13.3665
13.3657
13.3648
13.3636
13.3624
13.3609
13.3593
13.3574
13.3553
13.353
13.3505
13.3477
13.3446
13.3411
13.3374
13.3333
13.3287
13.3237
13.3183
13.3123
13.3058
13.2986
13.2907
13.2821
13.2727
13.2623
13.251
13.2385
13.2248
13.2098
13.1932
13.1749
13.1547
13.1322
13.1073
13.0794
13.0481
13.0128
12.9726
12.9264
12.8726
12.8091
12.7323
12.6369
12.5137
12.3469
12.1086
11.7518
12.8181
12.9106
12.9825
13.0385
13.083
13.1191
13.149
13.1742
13.1958
13.2145
13.2308
13.2453
13.2581
13.2695
13.2797
13.2888
13.2971
13.3045
13.3112
13.3172
13.3227
13.3276
13.332
13.336
13.3396
13.3428
13.3457
13.3482
13.3504
13.3523
13.354
13.3554
13.3566
13.3575
13.3582
13.3587
13.3589
13.3589
13.3588
13.3584
13.3577
13.3569
13.3558
13.3545
13.3529
13.351
13.3489
13.3465
13.3438
13.3407
13.3373
13.3335
13.3293
13.3246
13.3195
13.3138
13.3076
13.3008
13.2933
13.285
13.276
13.2661
13.2553
13.2434
13.2304
13.2162
13.2006
13.1835
13.1648
13.1442
13.1216
13.0968
13.0695
13.0393
13.006
12.9691
12.9281
12.8825
12.8313
12.7738
12.7086
12.6342
12.5483
12.4479
12.329
12.1853
12.0082
11.7849
11.4986
11.13
12.6951
12.7872
12.8643
12.9284
12.9819
13.027
13.0653
13.0982
13.1268
13.1518
13.1738
13.1934
13.2108
13.2264
13.2403
13.2529
13.2642
13.2744
13.2837
13.292
13.2995
13.3063
13.3124
13.318
13.3229
13.3273
13.3313
13.3348
13.3378
13.3405
13.3428
13.3448
13.3464
13.3476
13.3486
13.3492
13.3496
13.3496
13.3494
13.3488
13.3479
13.3468
13.3453
13.3434
13.3412
13.3387
13.3357
13.3324
13.3286
13.3244
13.3196
13.3144
13.3086
13.3021
13.295
13.2872
13.2785
13.2691
13.2587
13.2473
13.2348
13.2211
13.2062
13.1898
13.1718
13.1521
13.1306
13.1069
13.0811
13.0527
13.0215
12.9873
12.9496
12.9081
12.8624
12.8117
12.7557
12.6933
12.6237
12.5457
12.4579
12.3583
12.2445
12.1135
11.9611
11.7818
11.5689
11.3137
11.0069
10.6407
12.5941
12.6851
12.7646
12.8334
12.8929
12.9444
12.9892
13.0284
13.0628
13.0933
13.1203
13.1444
13.166
13.1854
13.2029
13.2186
13.2328
13.2457
13.2573
13.2678
13.2773
13.2859
13.2936
13.3006
13.3068
13.3124
13.3174
13.3218
13.3257
13.3291
13.332
13.3344
13.3365
13.3381
13.3393
13.3401
13.3406
13.3406
13.3403
13.3396
13.3385
13.337
13.3351
13.3327
13.33
13.3267
13.323
13.3188
13.314
13.3086
13.3026
13.296
13.2886
13.2804
13.2714
13.2615
13.2506
13.2386
13.2254
13.211
13.1952
13.1779
13.159
13.1382
13.1155
13.0906
13.0633
13.0335
13.0008
12.965
12.9257
12.8825
12.8351
12.783
12.7255
12.6621
12.5921
12.5144
12.428
12.3317
12.2239
12.1026
11.9655
11.8097
11.6316
11.4268
11.1903
10.9167
10.6007
10.2391
12.5096
12.5995
12.6801
12.7518
12.8152
12.8714
12.9211
12.9652
13.0044
13.0395
13.0708
13.099
13.1243
13.1472
13.1678
13.1864
13.2033
13.2185
13.2324
13.2449
13.2562
13.2665
13.2757
13.284
13.2915
13.2982
13.3042
13.3095
13.3141
13.3182
13.3217
13.3246
13.327
13.329
13.3304
13.3314
13.3319
13.332
13.3316
13.3308
13.3294
13.3276
13.3254
13.3226
13.3192
13.3154
13.3109
13.3058
13.3001
13.2936
13.2864
13.2785
13.2696
13.2598
13.249
13.2371
13.224
13.2096
13.1939
13.1766
13.1577
13.1369
13.1142
13.0893
13.0621
13.0323
12.9997
12.964
12.925
12.8822
12.8352
12.7838
12.7273
12.6653
12.5971
12.5221
12.4393
12.3478
12.2465
12.1342
12.0091
11.8696
11.7134
11.538
11.3404
11.1173
10.8651
10.5804
10.2603
9.90308
12.4382
12.5273
12.6084
12.6818
12.748
12.8075
12.8609
12.9089
12.952
12.9909
13.0259
13.0575
13.0861
13.1119
13.1354
13.1566
13.1759
13.1934
13.2092
13.2236
13.2366
13.2484
13.259
13.2686
13.2772
13.2849
13.2918
13.2979
13.3033
13.308
13.312
13.3154
13.3182
13.3204
13.3221
13.3233
13.3239
13.3239
13.3235
13.3225
13.321
13.3189
13.3162
13.313
13.3092
13.3047
13.2995
13.2937
13.287
13.2796
13.2713
13.262
13.2518
13.2405
13.228
13.2143
13.1992
13.1826
13.1644
13.1444
13.1226
13.0986
13.0724
13.0437
13.0123
12.978
12.9404
12.8993
12.8543
12.8051
12.7512
12.6921
12.6274
12.5564
12.4785
12.393
12.2988
12.1952
12.0809
11.9547
11.8151
11.6605
11.4888
11.298
11.0858
10.8495
10.5867
10.2952
9.97312
9.6198
12.378
12.4663
12.5477
12.6222
12.6903
12.7522
12.8084
12.8594
12.9057
12.9476
12.9857
13.0202
13.0516
13.0801
13.106
13.1296
13.1509
13.1704
13.1881
13.2041
13.2186
13.2318
13.2437
13.2544
13.2641
13.2727
13.2804
13.2873
13.2933
13.2986
13.3031
13.3069
13.31
13.3125
13.3144
13.3157
13.3164
13.3165
13.316
13.3148
13.3131
13.3108
13.3078
13.3042
13.2999
13.2948
13.2891
13.2825
13.275
13.2667
13.2573
13.2469
13.2354
13.2227
13.2087
13.1933
13.1763
13.1577
13.1372
13.1148
13.0903
13.0634
13.034
13.0018
12.9667
12.9282
12.8861
12.84
12.7897
12.7347
12.6744
12.6085
12.5364
12.4574
12.3709
12.276
12.172
12.0578
11.9323
11.7944
11.6427
11.4757
11.2917
11.089
10.8656
10.6197
10.3496
10.0537
9.73089
9.38087
12.3275
12.4152
12.4966
12.5719
12.6413
12.705
12.7634
12.8167
12.8654
12.9099
12.9504
12.9874
13.0212
13.0519
13.0799
13.1054
13.1287
13.1499
13.1691
13.1866
13.2025
13.2169
13.2299
13.2417
13.2522
13.2617
13.2702
13.2777
13.2843
13.2901
13.295
13.2992
13.3027
13.3054
13.3075
13.3089
13.3096
13.3097
13.3092
13.3079
13.306
13.3035
13.3002
13.2962
13.2915
13.286
13.2796
13.2723
13.2642
13.255
13.2447
13.2333
13.2207
13.2067
13.1913
13.1744
13.1557
13.1353
13.1128
13.0882
13.0613
13.0318
12.9995
12.9642
12.9256
12.8834
12.8373
12.7868
12.7317
12.6715
12.6057
12.5337
12.4551
12.3691
12.275
12.1722
12.0596
11.9364
11.8016
11.6539
11.4923
11.3152
11.1215
10.9094
10.6777
10.4248
10.1495
9.85072
9.52779
9.18053
12.2857
12.3728
12.4542
12.5301
12.6004
12.6654
12.7254
12.7805
12.8312
12.8776
12.9202
12.9592
12.9949
13.0275
13.0573
13.0845
13.1093
13.1319
13.1526
13.1713
13.1884
13.2038
13.2178
13.2305
13.2419
13.2521
13.2612
13.2693
13.2764
13.2826
13.2879
13.2924
13.2962
13.2991
13.3014
13.3029
13.3037
13.3038
13.3032
13.3018
13.2998
13.297
13.2935
13.2892
13.2841
13.2781
13.2713
13.2634
13.2546
13.2447
13.2336
13.2213
13.2077
13.1926
13.176
13.1577
13.1376
13.1156
13.0913
13.0648
13.0358
13.004
12.9692
12.9312
12.8896
12.8441
12.7945
12.7402
12.681
12.6163
12.5456
12.4685
12.3842
12.2922
12.1918
12.0821
11.9624
11.8317
11.6891
11.5335
11.3638
11.1788
10.9773
10.7582
10.5201
10.2621
9.98311
9.68244
9.35964
9.01464
12.2518
12.3385
12.4199
12.496
12.567
12.633
12.6942
12.7507
12.8028
12.8509
12.895
12.9356
12.9728
13.007
13.0382
13.0668
13.0929
13.1168
13.1386
13.1584
13.1764
13.1928
13.2076
13.221
13.233
13.2438
13.2535
13.2621
13.2696
13.2762
13.2819
13.2867
13.2906
13.2938
13.2961
13.2977
13.2986
13.2987
13.298
13.2966
13.2945
13.2915
13.2878
13.2832
13.2778
13.2714
13.2641
13.2558
13.2465
13.2359
13.2242
13.2111
13.1966
13.1806
13.163
13.1436
13.1222
13.0988
13.0731
13.0449
13.0141
12.9803
12.9434
12.9031
12.859
12.8108
12.7582
12.7007
12.638
12.5695
12.4948
12.4133
12.3244
12.2274
12.1217
12.0064
11.8809
11.7441
11.5952
11.4333
11.2572
11.066
10.8586
10.634
10.3913
10.1294
9.84784
9.54591
9.22336
8.88018
12.2252
12.3116
12.3929
12.4693
12.5408
12.6075
12.6695
12.7271
12.7803
12.8295
12.8749
12.9167
12.9552
12.9905
13.0229
13.0525
13.0797
13.1045
13.1272
13.1479
13.1667
13.1838
13.1992
13.2132
13.2258
13.2372
13.2473
13.2562
13.2641
13.271
13.277
13.282
13.2861
13.2894
13.2919
13.2936
13.2945
13.2946
13.2939
13.2924
13.2901
13.2871
13.2831
13.2784
13.2727
13.266
13.2584
13.2497
13.2398
13.2288
13.2165
13.2028
13.1876
13.1709
13.1524
13.1321
13.1097
13.0851
13.0582
13.0287
12.9965
12.9611
12.9225
12.8803
12.8341
12.7837
12.7287
12.6687
12.6031
12.5316
12.4537
12.3687
12.276
12.1751
12.0652
11.9455
11.8153
11.6738
11.5201
11.3532
11.1723
10.9763
10.7645
10.5359
10.2897
10.0252
9.74173
9.43898
9.11671
8.77494
12.2057
12.2917
12.3731
12.4496
12.5214
12.5886
12.6512
12.7095
12.7635
12.8136
12.8599
12.9026
12.9419
12.9781
13.0113
13.0418
13.0697
13.0953
13.1186
13.1399
13.1593
13.177
13.1929
13.2074
13.2204
13.2321
13.2425
13.2518
13.26
13.2671
13.2732
13.2784
13.2827
13.2861
13.2887
13.2904
13.2913
13.2914
13.2907
13.2892
13.2868
13.2837
13.2796
13.2746
13.2687
13.2619
13.254
13.245
13.2348
13.2234
13.2106
13.1965
13.1808
13.1635
13.1443
13.1233
13.1002
13.0748
13.0469
13.0164
12.9831
12.9465
12.9066
12.863
12.8153
12.7632
12.7064
12.6444
12.5767
12.5029
12.4225
12.3349
12.2395
12.1356
12.0225
11.8996
11.766
11.621
11.4637
11.2932
11.1088
10.9095
10.6945
10.4631
10.2144
9.94802
9.66334
9.36005
9.03803
8.6973
12.1928
12.2787
12.3599
12.4366
12.5086
12.576
12.6391
12.6978
12.7524
12.803
12.8498
12.8931
12.933
12.9698
13.0036
13.0346
13.063
13.0891
13.1129
13.1346
13.1544
13.1724
13.1887
13.2034
13.2167
13.2287
13.2393
13.2488
13.2571
13.2644
13.2707
13.276
13.2804
13.2839
13.2865
13.2882
13.2892
13.2893
13.2886
13.287
13.2846
13.2814
13.2772
13.2721
13.2661
13.2591
13.251
13.2418
13.2314
13.2197
13.2067
13.1922
13.1762
13.1585
13.1389
13.1174
13.0938
13.0678
13.0394
13.0082
12.9741
12.9367
12.8959
12.8513
12.8026
12.7494
12.6914
12.628
12.559
12.4837
12.4016
12.3123
12.215
12.1091
11.994
11.8689
11.7331
11.5858
11.4261
11.2533
11.0666
10.8651
10.6481
10.4148
10.1647
9.89708
9.61162
9.30802
8.98617
8.64613
12.1863
12.2722
12.3534
12.4301
12.5022
12.5698
12.633
12.692
12.7468
12.7977
12.8448
12.8884
12.9286
12.9656
12.9997
13.031
13.0597
13.086
13.11
13.1319
13.1519
13.1701
13.1865
13.2015
13.2149
13.227
13.2377
13.2473
13.2557
13.2631
13.2694
13.2748
13.2792
13.2827
13.2854
13.2872
13.2881
13.2882
13.2875
13.2859
13.2835
13.2802
13.276
13.2709
13.2648
13.2577
13.2495
13.2402
13.2297
13.2179
13.2047
13.1901
13.1739
13.156
13.1362
13.1144
13.0905
13.0643
13.0355
13.004
12.9695
12.9318
12.8905
12.8455
12.7962
12.7425
12.6838
12.6198
12.5501
12.474
12.3911
12.3009
12.2027
12.0958
11.9797
11.8535
11.7166
11.5681
11.4073
11.2334
11.0455
10.843
10.625
10.3908
10.1399
9.87175
9.58592
9.28218
8.96043
8.62072
11.8303
10.8972
9.99678
9.13133
8.29183
7.47072
6.66267
5.86402
5.0722
4.28536
3.50214
2.72154
1.94277
1.16521
0.388328
11.1696
10.4198
9.63542
8.84569
8.05945
7.2785
6.50251
5.73058
4.96179
4.19536
3.43067
2.66721
1.90461
1.14256
0.380819
10.6233
9.97686
9.27931
8.55649
7.82167
7.08125
6.33822
5.59393
4.84897
4.10359
3.35792
2.61199
1.86587
1.11958
0.373206
10.1707
9.58492
8.9484
8.27919
7.5894
6.88655
6.17513
5.45789
4.73651
4.01209
3.28538
2.55695
1.82726
1.0967
0.365622
9.791
9.24363
8.65007
8.02237
7.37013
6.70033
6.01781
5.32593
4.62704
3.92282
3.21453
2.50315
1.78951
1.07431
0.358204
9.4698
8.94843
8.3858
7.79002
7.16835
6.52674
5.86978
5.20094
4.52286
3.83759
3.14672
2.45159
1.75329
1.05283
0.351082
9.1972
8.69439
8.1546
7.58345
6.98645
6.36845
5.73356
5.08512
4.42583
3.7579
3.08316
2.40316
1.71924
1.0326
0.344376
8.96631
8.47723
7.95467
7.40268
6.82545
6.22699
5.61084
4.98009
4.33739
3.68499
3.02483
2.35862
1.68787
1.01396
0.338192
8.77214
8.29347
7.78409
7.24705
6.68564
6.10314
5.50265
4.88697
4.25861
3.6198
2.97253
2.3186
1.65964
0.997169
0.332619
8.61105
8.14034
7.64109
7.1157
6.56683
5.99724
5.4096
4.80647
4.19022
3.56302
2.92686
2.28359
1.63491
0.982444
0.327729
8.48029
8.01566
7.52416
7.00776
6.46869
5.9093
5.33198
4.73906
4.13275
3.51516
2.88828
2.25395
1.61395
0.969955
0.323581
8.37784
7.91775
7.43205
6.92243
6.3908
5.83924
5.26992
4.68497
4.08651
3.47657
2.8571
2.22997
1.59698
0.95983
0.320217
8.30221
7.84535
7.3638
6.85903
6.33276
5.78689
5.22341
4.64434
4.0517
3.44746
2.83356
2.21184
1.58413
0.952164
0.317669
8.25234
7.79757
7.31868
6.81705
6.29426
5.7521
5.19245
4.61725
4.02845
3.42799
2.81779
2.19969
1.57551
0.947021
0.315959
8.22757
7.77382
7.29624
6.79614
6.27507
5.73473
5.17698
4.60369
4.01681
3.41824
2.80989
2.1936
1.57119
0.944439
0.3151
)
;

boundaryField
{
    hot
    {
        type            fixedValue;
        value           uniform 10;
    }
    cold
    {
        type            fixedValue;
        value           uniform 0;
    }
    interface_left
    {
        type            fixedValue;
        value           nonuniform List<scalar> 
90
(
11.7983
11.7983
11.7983
11.7983
11.7983
11.7983
11.7983
11.7983
11.7983
12.4766
12.4766
12.4766
12.4766
12.4766
12.4766
12.4766
13.0833
13.0833
13.0833
13.0833
13.0833
13.0833
13.5592
13.5592
13.5592
13.5592
13.5592
13.5592
13.5592
13.9217
13.9217
13.9217
13.9217
13.9217
13.9217
13.9217
14.2259
14.2259
14.2259
14.2259
14.2259
14.2259
14.2259
14.3961
14.3961
14.3961
14.3961
14.3961
14.3961
14.4656
14.4656
14.4656
14.4656
14.4656
14.4656
14.4656
14.3579
14.3579
14.3579
14.3579
14.3579
14.3579
14.3579
14.0704
14.0704
14.0704
14.0704
14.0704
14.0704
14.0704
13.7384
13.7384
13.7384
13.7384
13.7384
13.7384
13.7384
13.3813
13.3813
13.3813
13.3813
13.3813
13.3813
13.3813
13.3813
13.3813
13.3813
13.3813
13.3813
13.3813
)
;
    }
    interface_right
    {
        type            fixedValue;
        value           nonuniform List<scalar> 
90
(
14.1624
14.1624
14.1624
14.1624
14.1624
14.1624
14.1624
14.1624
14.1624
14.1624
14.1624
14.1624
14.1624
14.1624
14.1624
14.1624
14.1624
14.1624
14.1624
14.1624
14.1624
14.1624
14.1624
14.1624
14.1624
14.1624
14.1624
14.1624
14.1624
14.1624
14.1624
14.1624
14.1624
14.1624
14.1624
14.1624
14.1624
14.1624
14.1624
14.1624
14.1624
14.1624
14.1624
14.1624
14.1624
14.1624
14.1624
14.1624
14.3961
14.4656
14.4656
14.4656
14.4656
14.4656
14.4656
14.4656
14.3579
14.3579
14.3579
14.3579
14.3579
14.3579
14.3579
14.0704
14.0704
14.0704
14.0704
14.0704
14.0704
14.0704
13.7384
13.7384
13.7384
13.7384
13.7384
13.7384
13.7384
13.3813
13.3813
13.3813
13.3813
13.3813
13.3813
13.3813
13.3813
13.3813
13.3813
13.3813
13.3813
13.3813
)
;
    }
    interface_top
    {
        type            fixedValue;
        value           uniform 13.3813;
    }
    interface_bottom
    {
        type            fixedValue;
        value           nonuniform List<scalar> 
90
(
11.7983
11.7983
11.7983
11.7983
11.7983
11.7983
11.7983
11.7983
11.7983
11.7983
11.7983
11.7983
11.7983
11.7983
11.7983
11.7983
11.7983
11.7983
11.7983
11.7983
11.7983
11.7983
11.7983
11.7983
11.7983
11.7983
11.7983
11.7983
11.7983
11.7983
11.7983
11.7983
12.1833
12.1833
12.1833
12.1833
12.1833
12.1833
12.1833
12.1833
12.1833
12.1833
12.1833
12.8591
12.8591
12.8591
12.8591
12.8591
12.8591
12.8591
12.8591
12.8591
12.8591
12.8591
12.8591
12.8591
13.4259
13.4259
13.4259
13.4259
13.4259
13.4259
13.4259
13.4259
13.4259
13.4259
13.4259
13.4259
13.4259
13.4259
13.8852
13.8852
13.8852
13.8852
13.8852
13.8852
13.8852
13.8852
13.8852
13.8852
13.8852
13.8852
13.8852
14.1624
14.1624
14.1624
14.1624
14.1624
14.1624
14.1624
)
;
    }
    defaultFaces
    {
        type            empty;
    }
}


// ************************************************************************* //
