/*--------------------------------*- C++ -*----------------------------------*\
| =========                 |                                                 |
| \\      /  F ield         | OpenFOAM: The Open Source CFD Toolbox           |
|  \\    /   O peration     | Version:  5.x                                   |
|   \\  /    A nd           | Web:      www.OpenFOAM.org                      |
|    \\/     M anipulation  |                                                 |
\*---------------------------------------------------------------------------*/
FoamFile
{
    version     2.0;
    format      ascii;
    class       volScalarField;
    location    "15.3";
    object      gradTx;
}
// * * * * * * * * * * * * * * * * * * * * * * * * * * * * * * * * * * * * * //

dimensions      [0 -1 0 1 0 0 0];

internalField   nonuniform List<scalar> 
6300
(
16.7009
16.6505
16.5498
16.3987
16.1976
15.9465
15.6462
15.2975
14.9017
14.461
13.9782
13.4574
12.9036
12.3232
11.7236
16.7506
16.7002
16.5994
16.4482
16.2467
15.9952
15.694
15.3439
14.946
14.5024
14.0157
13.4898
12.9298
12.3419
11.7339
16.85
16.7996
16.6987
16.5473
16.3453
16.0929
15.79
15.4373
15.0356
14.5863
14.0919
13.5558
12.9831
12.3802
11.7552
16.9992
16.9488
16.8478
16.6962
16.4938
16.2402
15.9353
15.5792
15.172
14.7147
14.2091
13.658
13.0661
12.4402
11.7887
17.1981
17.1478
17.047
16.8954
16.6927
16.4382
16.1313
15.7714
15.358
14.891
14.3711
13.8003
13.1828
12.525
11.8366
17.4466
17.3965
17.2961
17.145
16.9426
16.6878
16.3796
16.0165
15.597
15.1195
14.5833
13.9889
13.339
12.64
11.9023
17.7445
17.6949
17.5953
17.4454
17.2441
16.9903
16.6822
16.3175
15.8932
15.4062
14.8533
14.2324
13.5439
12.793
11.9912
18.0913
18.0424
17.9442
17.7963
17.5975
17.3464
17.0407
16.6772
16.2516
15.7582
15.1906
14.5428
13.8107
12.9964
12.1118
18.4863
18.4384
18.3422
18.1972
18.0025
17.7564
17.4564
17.0985
16.677
16.1836
15.6077
14.9367
14.1591
13.2697
12.2781
18.9286
18.8818
18.7882
18.6472
18.4582
18.2196
17.9292
17.5828
17.1736
16.691
16.1192
15.4367
14.6187
13.6446
12.5143
19.4168
19.3715
19.2807
19.1445
18.9626
18.734
18.4573
18.1291
17.7429
17.2868
16.7406
16.0716
15.2338
14.175
12.8651
19.9496
19.9057
19.818
19.6869
19.5127
19.2958
19.0362
18.7326
18.3812
17.9721
17.484
16.8747
16.0692
14.9558
13.4201
20.5254
20.4828
20.398
20.2716
20.1049
19.8996
19.6582
19.3832
19.0764
18.7357
18.348
17.8731
17.212
16.1585
14.3812
21.1431
21.1014
21.0186
20.8957
20.7347
20.5388
20.313
20.0648
19.8046
19.5455
19.2985
19.057
18.7464
18.0843
16.2722
21.8016
21.7604
21.6785
21.5571
21.3986
21.2071
20.9894
20.7575
20.531
20.3423
20.2428
20.3094
20.6315
21.1593
20.6973
11.1645
10.654
10.1469
9.6484
9.16355
8.69684
8.2523
7.83336
7.44284
7.08296
6.75538
6.46121
6.20117
5.97554
5.78432
5.62719
5.50362
5.41284
5.35387
5.32552
5.32639
5.35479
5.4088
5.48617
5.58438
5.70059
5.83172
5.97445
6.12537
6.28103
6.43807
6.59331
6.74383
6.88694
7.02021
7.14133
7.24805
7.33811
7.40918
7.4589
7.48501
7.48548
7.45868
7.40351
7.31945
7.20655
7.06525
6.89617
6.6999
6.4767
6.22635
5.94808
5.64056
5.30199
4.9303
4.52331
4.07888
3.59507
3.07005
2.50211
1.88943
1.22992
0.520999
-0.240586
-1.05883
-1.9385
-2.88506
-3.90454
-5.00333
-6.18796
-7.46491
-8.84041
-10.3203
-11.9101
-13.6146
-15.4382
-17.3845
-19.4564
-21.6555
-23.9819
-26.4336
-29.0064
-31.6928
-34.4821
-37.3599
-40.3081
-43.3051
-46.3261
-49.3445
-52.3323
11.1667
10.6485
10.134
9.62841
9.13704
8.66456
8.21509
7.7921
7.3984
7.03616
6.70695
6.41181
6.15134
5.92576
5.73498
5.57864
5.45617
5.3668
5.30955
5.28325
5.28651
5.31771
5.37493
5.45595
5.55822
5.67889
5.81476
5.96242
6.1183
6.27879
6.44039
6.59985
6.75421
6.90084
7.03741
7.16176
7.27176
7.36516
7.4396
7.49258
7.52162
7.52444
7.49922
7.44479
7.36068
7.24714
7.10493
6.93504
6.73839
6.51549
6.26627
5.98993
5.68499
5.34942
4.98089
4.57696
4.13538
3.65417
3.13165
2.56633
1.95669
1.30092
0.59668
-0.159134
-0.970494
-1.84227
-2.78013
-3.79039
-4.87975
-6.05504
-7.32299
-8.69001
-10.1621
-11.7447
-13.4429
-15.2612
-17.2035
-19.2731
-21.472
-23.801
-26.259
-28.8423
-31.5442
-34.3542
-37.258
-40.2373
-43.2696
-46.3292
-49.3879
-52.4159
11.1713
10.6376
10.1077
9.5876
9.08296
8.59878
8.1394
7.70833
7.30836
6.94151
6.60918
6.31221
6.05101
5.82561
5.63579
5.48109
5.36085
5.27428
5.22044
5.19818
5.2062
5.24294
5.30656
5.39489
5.50537
5.63505
5.78059
5.93832
6.10433
6.27468
6.44556
6.61347
6.77543
6.92894
7.07194
7.20259
7.31905
7.41923
7.50063
7.56045
7.59567
7.60346
7.58154
7.52849
7.44398
7.32871
7.18417
7.01216
6.81438
6.59191
6.34497
6.07269
5.77326
5.44408
5.08218
4.68459
4.24871
3.77255
3.25469
2.69419
2.09019
1.44156
0.746477
0.00217111
-0.795282
-1.65097
-2.57103
-3.56239
-4.63246
-5.78871
-7.03841
-8.3883
-9.84458
-11.4128
-13.0982
-14.9055
-16.8391
-18.9031
-21.1007
-23.4341
-25.9036
-28.5071
-31.2393
-34.0906
-37.047
-40.0894
-43.1942
-46.333
-49.4745
-52.5856
11.1787
10.6206
10.0668
9.52417
8.99903
8.49697
8.02259
7.57949
7.17031
6.79685
6.46019
6.16083
5.89885
5.674
5.48581
5.33366
5.21682
5.13444
5.08561
5.0693
5.08431
5.12924
5.2024
5.3017
5.42463
5.56814
5.72864
5.90203
6.08387
6.26957
6.45471
6.63541
6.80855
6.9719
7.12394
7.26356
7.38951
7.50001
7.59246
7.66341
7.7089
7.72496
7.70835
7.65718
7.57126
7.45215
7.30264
7.12609
6.9256
6.7033
6.45985
6.19429
5.90409
5.58559
5.23461
4.84711
4.41984
3.95073
3.43893
2.88448
2.28778
1.64891
0.967009
0.239875
-0.536328
-1.36708
-2.25934
-3.22113
-4.2611
-5.38785
-6.60952
-7.93337
-9.36574
-10.9122
-12.5779
-14.3677
-16.2869
-18.3405
-20.5336
-22.8707
-25.3548
-27.9863
-30.7623
-33.6751
-36.7114
-39.8513
-43.0689
-46.3321
-49.6043
-52.8463
11.1897
10.5972
10.0095
9.43514
8.88151
8.35495
7.86041
7.40149
6.98055
6.59894
6.25722
5.95537
5.69297
5.46935
5.28371
5.13519
5.02293
4.94607
4.90376
4.8951
4.91913
4.9747
5.06036
5.17428
5.31405
5.47655
5.65788
5.85335
6.05761
6.265
6.47001
6.66796
6.8555
7.03084
7.19356
7.34391
7.48191
7.60649
7.71493
7.80275
7.8642
7.89321
7.88464
7.83557
7.74604
7.61904
7.45974
7.2742
7.06795
6.84485
6.60632
6.35109
6.07539
5.77363
5.43938
5.06665
4.65097
4.19016
3.68436
3.13542
2.54593
1.91804
1.25253
0.548106
-0.198936
-0.994733
-1.84758
-2.76738
-3.7648
-4.85034
-6.03348
-7.32213
-8.72255
-10.2398
-11.8785
-13.6436
-15.5408
-17.5767
-19.759
-22.0955
-24.5932
-27.257
-30.0879
-33.0815
-36.2259
-39.5009
-42.8772
-46.3174
-49.7768
-53.2066
11.2056
10.5662
9.93274
9.31582
8.72464
8.16648
7.64664
7.1685
6.73387
6.34333
5.9966
5.69287
5.43102
5.20978
5.02792
4.88429
4.77786
4.70775
4.67323
4.67364
4.70834
4.7766
4.87744
5.00944
5.17051
5.35761
5.56653
5.79177
6.02662
6.26358
6.49521
6.71524
6.91973
7.10769
7.28071
7.44175
7.59333
7.73591
7.86677
7.97975
8.06591
8.11524
8.11893
8.07192
7.97445
7.83212
7.65433
7.45183
7.23427
7.00832
6.77655
6.53709
6.28397
6.00817
5.69932
5.34778
4.94687
4.49417
3.99168
3.44456
2.85918
2.24119
1.59394
0.917567
0.208545
-0.540327
-1.33952
-2.20193
-3.14165
-4.1723
-5.30553
-6.54993
-7.91106
-9.39246
-10.9972
-12.7292
-14.5946
-16.6019
-18.7621
-21.0878
-23.5921
-26.2866
-29.1789
-32.2701
-35.5518
-39.0037
-42.5931
-46.2743
-49.991
-53.6796
11.2283
10.5261
9.83172
9.15907
8.51982
7.92249
7.3725
6.87258
6.42343
6.02436
5.67383
5.36986
5.11035
4.89329
4.71688
4.57961
4.48028
4.418
4.39222
4.40261
4.44903
4.53139
4.64944
4.80254
4.98928
5.20702
5.45145
5.71612
5.99234
6.2696
6.53685
6.78462
7.0075
7.20574
7.38483
7.55291
7.71741
7.88189
8.04405
8.19503
8.32036
8.40265
8.42592
8.38061
8.26713
8.09593
7.88418
7.65083
7.41237
7.17987
6.95757
6.74247
6.52493
6.29007
6.02045
5.69978
5.31708
4.86963
4.36304
3.80857
3.21921
2.60628
1.97711
1.3339
0.673283
-0.0135723
-0.740498
-1.52525
-2.3876
-3.34661
-4.41752
-5.60963
-6.92635
-8.36748
-9.93235
-11.6226
-13.4439
-15.4068
-17.5266
-19.8227
-22.3168
-25.0308
-27.9831
-31.1841
-34.6318
-38.3081
-42.1761
-46.1796
-50.2447
-54.2852
11.2609
10.4745
9.69893
8.95383
8.25425
7.60997
7.0259
6.50322
6.0406
5.63526
5.28378
4.9826
4.72834
4.51807
4.3493
4.22012
4.12914
4.07552
4.05893
4.07951
4.1378
4.23459
4.37078
4.54701
4.76319
5.01781
5.30701
5.6236
5.95631
6.28978
6.60628
6.88958
7.13046
7.33109
7.50448
7.66893
7.8412
8.0309
8.2371
8.44692
8.63646
8.7747
8.83132
8.78713
8.64256
8.41783
8.14479
7.85688
7.58155
7.33642
7.12789
6.9511
6.79055
6.62176
6.41482
6.14082
5.78029
5.33001
4.80313
4.2226
3.61298
2.99455
2.38032
1.77512
1.17567
0.570763
-0.0583174
-0.736903
-1.49445
-2.35985
-3.35503
-4.4899
-5.76247
-7.16426
-8.68693
-10.3272
-12.0892
-13.9856
-16.0371
-18.2721
-20.7245
-23.4316
-26.4287
-29.7423
-33.3823
-37.3359
-41.5634
-45.9954
-50.533
-55.054
11.3083
10.4067
9.52188
8.68265
7.90871
7.21041
6.59057
6.04705
5.57497
5.16835
4.82109
4.52754
4.28283
4.08289
3.92454
3.80544
3.72403
3.67955
3.67196
3.70196
3.77093
3.88088
4.03428
4.23376
4.48157
4.7786
5.12289
5.50765
5.91894
6.33415
6.72325
7.05533
7.31108
7.49538
7.63669
7.7734
7.93958
8.15583
8.42457
8.72767
9.02605
9.26392
9.38152
9.33784
9.13309
8.80892
8.4265
8.04448
7.70694
7.43995
7.2522
7.13601
7.06773
7.00808
6.90549
6.70621
6.37247
5.90042
5.32024
4.67828
4.01922
3.37659
2.77033
2.2079
1.68573
1.18977
0.695029
0.165039
-0.446097
-1.18626
-2.09144
-3.17193
-4.41253
-5.78697
-7.27217
-8.85624
-10.5408
-12.3408
-14.2834
-16.408
-18.7652
-21.4144
-24.4182
-27.8301
-31.6807
-35.9687
-40.6555
-45.6585
-50.8445
-56.0331
11.3791
10.3142
9.27883
8.3171
7.454
6.69765
6.04511
5.48776
5.01485
4.61574
4.28082
4.00199
3.77265
3.58765
3.44312
3.33632
3.2656
3.2303
3.23071
3.26814
3.34491
3.46446
3.63126
3.85076
4.1289
4.47112
4.8803
5.35329
5.87567
6.41585
6.92208
7.33068
7.59432
7.72127
7.7752
7.83513
7.96555
8.20486
8.56226
9.01484
9.50242
9.92596
10.1636
10.1201
9.79521
9.28352
8.7073
8.16775
7.73044
7.42911
7.27313
7.25163
7.33218
7.45593
7.53507
7.46494
7.16352
6.62627
5.92608
5.15835
4.40163
3.70607
3.09708
2.58255
2.15786
1.80689
1.49899
1.18371
0.78794
0.224849
-0.575511
-1.62343
-2.86992
-4.25017
-5.71498
-7.24051
-8.82621
-10.4904
-12.2676
-14.209
-16.3849
-18.8865
-21.8198
-25.2855
-29.3488
-34.0268
-39.2916
-45.0574
-51.1514
-57.2983
11.4885
10.1791
8.92929
7.80918
6.84528
6.03515
5.36244
4.8067
4.34832
3.9705
3.65961
3.40499
3.19848
3.03401
2.9072
2.81511
2.75605
2.72948
2.73602
2.77751
2.85718
2.97983
3.1522
3.38315
3.6838
4.06704
4.54563
5.12756
5.80655
6.54619
7.2612
7.8145
8.0741
8.05202
7.90476
7.79502
7.83443
8.08351
8.56257
9.25125
10.0706
10.8553
11.35
11.3073
10.7259
9.85069
8.93496
8.14344
7.55784
7.20868
7.10016
7.21999
7.53414
7.96771
8.3793
8.55643
8.29389
7.58649
6.62891
5.62231
4.69574
3.91071
3.28766
2.82768
2.52369
2.36183
2.31342
2.31812
2.26279
1.9775
1.29681
0.210913
-1.13474
-2.59162
-4.07038
-5.53806
-6.9985
-8.47718
-10.0152
-11.6719
-13.5355
-15.7368
-18.4543
-21.8801
-26.1314
-31.2391
-37.2057
-43.9828
-51.3813
-58.9751
11.6657
9.95759
8.39268
7.07592
6.01473
5.17437
4.51097
3.98514
3.56557
3.22871
2.95723
2.73857
2.56365
2.42601
2.32117
2.24623
2.19959
2.18087
2.19089
2.23182
2.30742
2.42351
2.58865
2.81502
3.11963
3.52549
4.06196
4.76185
5.64984
6.71176
7.83288
8.72094
8.95919
8.56272
7.97999
7.5398
7.40103
7.63063
8.26066
9.29909
10.6884
12.2018
13.3099
13.2699
12.0792
10.4758
8.98336
7.82225
7.04441
6.64141
6.59804
6.90824
7.56383
8.51083
9.5608
10.2807
10.0645
8.90669
7.40206
5.97077
4.7858
3.88186
3.24322
2.84799
2.68471
2.75321
3.05124
3.53883
4.06861
4.29938
3.75246
2.4192
0.760521
-0.901637
-2.44179
-3.84605
-5.1445
-6.37849
-7.59166
-8.83683
-10.1995
-11.8437
-14.0685
-17.2856
-21.6803
-27.2143
-33.9519
-42.0128
-51.3292
-61.283
11.9711
9.52948
7.49836
5.97435
4.86604
4.0587
3.46132
3.01043
2.66359
2.39261
2.17867
2.00904
1.87502
1.77067
1.692
1.6365
1.60284
1.59078
1.60117
1.63609
1.69924
1.79648
1.93683
2.13411
2.40952
2.79572
3.34281
4.12509
5.24243
6.79181
8.73988
10.5627
10.7579
9.34127
7.84962
6.85024
6.4369
6.60085
7.37036
8.84133
11.127
14.1314
16.9227
16.8888
14.0264
10.9409
8.55426
6.9489
5.99096
5.55605
5.58652
6.09885
7.1736
8.90535
11.2172
13.3527
13.1906
10.7259
8.06929
5.9643
4.47098
3.47085
2.84815
2.53413
2.51181
2.81394
3.5159
4.69863
6.30477
7.74092
7.34023
5.09588
2.66066
0.612574
-1.00888
-2.3064
-3.38328
-4.30972
-5.12202
-5.8324
-6.45823
-7.11429
-8.25368
-10.9949
-15.5884
-21.456
-28.7922
-38.234
-50.3585
-64.6366
12.5426
8.50974
5.87361
4.27398
3.28367
2.64045
2.20056
1.88578
1.65224
1.47427
1.33622
1.22815
1.14359
1.07827
1.0294
0.995245
0.974927
0.968313
0.976043
0.999663
1.04192
1.10728
1.20295
1.34061
1.53976
1.83417
2.28483
3.0057
4.21267
6.29749
9.82685
14.7479
14.8773
10.2275
7.01007
5.3165
4.6412
4.69882
5.46966
7.21006
10.5303
16.3671
24.6031
24.5799
16.2946
10.3989
6.99982
5.14295
4.18411
3.80032
3.88092
4.47932
5.83701
8.4642
13.1271
19.7327
19.6319
12.8213
7.94181
5.07677
3.44576
2.51618
2.00844
1.80007
1.8716
2.29878
3.28808
5.2485
8.78548
13.8272
13.5826
8.04721
4.00317
1.5123
-0.0424891
-1.08452
-1.83868
-2.40529
-2.79913
-2.94967
-2.67335
-1.68884
-0.132128
-2.03704
-7.66157
-13.5825
-20.5999
-30.5917
-46.2853
-69.8942
13.7045
5.47842
2.75593
1.69602
1.20139
0.929295
0.759564
0.644067
0.560785
0.498401
0.450537
0.413348
0.384409
0.362151
0.345563
0.334029
0.327237
0.325147
0.327998
0.336363
0.351262
0.374397
0.408567
0.458523
0.532741
0.647547
0.837662
1.1862
1.91865
3.72278
8.90934
25.8326
25.878
9.0506
3.97593
2.31623
1.78993
1.76955
2.1726
3.30347
6.30949
15.1474
44.1758
44.1675
15.1212
6.26135
3.22434
2.04365
1.549
1.37575
1.42951
1.76628
2.6721
5.09127
12.2392
35.769
35.7348
12.1352
4.91327
2.41205
1.41035
0.953939
0.737534
0.662887
0.719185
0.974036
1.66173
3.52792
9.09905
27.5253
27.443
8.85073
3.10893
1.06399
0.185466
-0.277184
-0.56417
-0.749649
-0.826553
-0.681604
0.091716
2.91258
12.9741
12.277
0.692198
-4.13007
-8.1243
-14.7385
-30.8133
-78.9397
-55.5463
-58.9344
-62.154
-65.1702
-67.9559
-70.492
-72.7669
-74.7751
-76.5164
-77.9936
-79.2118
-80.1769
-80.8947
-81.3703
-81.6071
-55.6722
-59.1019
-62.3564
-65.3997
-68.2044
-70.7521
-73.0323
-75.041
-76.7792
-78.2513
-79.4636
-80.4228
-81.1357
-81.6077
-81.8426
-55.9287
-59.4437
-62.7691
-65.8666
-68.7088
-71.2786
-73.568
-75.576
-77.3068
-78.7676
-79.967
-80.9139
-81.6163
-82.0807
-82.3117
-56.3261
-59.9741
-63.4086
-66.5878
-69.4846
-72.0845
-74.3839
-76.3872
-78.1033
-79.544
-80.7217
-81.6481
-82.3335
-82.7857
-83.0105
-56.8814
-60.7172
-64.3022
-67.5905
-70.556
-73.1895
-75.4949
-77.4842
-79.1739
-80.5821
-81.7263
-82.6221
-83.2823
-83.717
-83.9326
-57.6215
-61.71
-65.4915
-68.9151
-71.9583
-74.6216
-76.9207
-78.8795
-80.5248
-81.8831
-82.9782
-83.8303
-84.4555
-84.8658
-85.069
-58.5872
-63.0088
-67.0377
-70.6187
-73.7393
-76.4167
-78.6856
-80.5869
-82.1614
-83.4459
-84.4717
-85.2641
-85.8423
-86.2203
-86.4071
-59.8423
-64.6993
-69.0306
-72.7818
-75.9621
-78.6191
-80.8167
-82.6197
-84.0865
-85.2661
-86.1974
-86.9107
-87.4279
-87.7647
-87.9307
-61.4882
-66.9145
-71.6026
-75.5144
-78.7068
-81.2798
-83.341
-84.9872
-86.2974
-87.333
-88.1399
-88.7519
-89.1927
-89.4784
-89.6189
-63.694
-69.867
-74.9496
-78.9652
-82.0697
-84.451
-86.2791
-87.6892
-88.7814
-89.627
-90.2759
-90.7629
-91.1112
-91.3359
-91.4461
-66.7585
-73.9088
-79.3623
-83.3261
-86.1543
-88.174
-89.6341
-90.708
-91.5104
-92.1159
-92.5725
-92.9112
-93.1518
-93.3064
-93.3821
-71.2574
-79.646
-85.2633
-88.8214
-91.0457
-92.4548
-93.374
-93.9968
-94.4348
-94.752
-94.9853
-95.1561
-95.2768
-95.3543
-95.3923
-78.4392
-88.1532
-93.222
-95.6492
-96.7509
-97.2238
-97.4091
-97.469
-97.4782
-97.4702
-97.4589
-97.4497
-97.4437
-97.4404
-97.439
-91.4515
-101.304
-103.821
-103.801
-103.083
-102.278
-101.568
-100.99
-100.537
-100.19
-99.9289
-99.7386
-99.6063
-99.523
-99.4828
-119.783
-121.789
-116.954
-112.651
-109.499
-107.237
-105.594
-104.386
-103.489
-102.821
-102.327
-101.968
-101.718
-101.561
-101.485
22.4422
22.4009
22.3187
22.1967
22.0367
21.8427
21.6217
21.3867
21.1615
20.9901
20.9553
21.2226
22.1701
24.8844
33.4896
23.0527
23.011
22.9279
22.8038
22.6399
22.4387
22.2056
21.9512
21.6967
21.4837
21.3926
21.5798
22.3412
24.1793
27.416
23.6914
23.6493
23.5649
23.4379
23.2683
23.0562
22.8036
22.5151
22.2026
21.8919
21.6362
21.5374
21.7642
22.5022
23.5989
24.3588
24.3163
24.2308
24.1011
23.9254
23.7013
23.4257
23.095
22.7066
22.2613
21.7703
21.2681
20.8315
20.5754
20.5525
25.055
25.0125
24.9267
24.7955
24.6155
24.3815
24.0853
23.7144
23.2496
22.662
21.9113
20.9528
19.7728
18.486
17.4992
25.7801
25.7383
25.6535
25.523
25.3424
25.1041
24.796
24.3983
23.8773
23.1754
22.1959
20.7907
18.7877
16.1879
13.7697
26.5335
26.4932
26.4113
26.2848
26.1086
25.8743
25.5682
25.1671
24.6299
23.8808
22.7756
21.043
18.2166
13.7632
8.37003
27.3142
27.2763
27.1993
27.0803
26.9144
26.6937
26.4057
26.0297
25.529
24.8328
23.7904
22.0543
18.7748
11.9908
-0.765487
28.1205
28.086
28.0158
27.9076
27.7573
27.5589
27.3035
26.9782
26.5633
26.0242
25.2864
24.1369
21.7659
14.3655
-18.7499
28.9499
28.9196
28.858
28.7634
28.633
28.4629
28.2489
27.9882
27.6831
27.3528
27.0675
27.0672
28.2491
34.5974
67.0562
29.7998
29.7742
29.7225
29.6434
29.5352
29.3963
29.226
29.0284
28.8199
28.6494
28.6498
29.1758
31.1435
36.6961
48.6371
30.6665
30.6462
30.6052
30.5427
30.458
30.3505
30.2211
30.0753
29.9296
29.8262
29.8663
30.2824
31.5474
34.3575
38.5222
31.5466
31.5318
31.5019
31.4567
31.3958
31.3189
31.2266
31.1215
31.0094
30.9023
30.821
30.7987
30.8774
31.0772
31.3113
32.4362
32.427
32.4086
32.3808
32.3437
32.297
32.2401
32.1715
32.085
31.9597
31.7336
31.2442
30.1223
27.7724
24.2753
33.3314
33.3278
33.3208
33.3106
33.2973
33.281
33.2608
33.2332
33.1868
33.086
32.8281
32.128
30.2192
25.2634
14.823
34.2281
34.2302
34.2345
34.2415
34.2521
34.2667
34.2855
34.3071
34.3255
34.3204
34.2288
33.8503
32.4309
26.5627
-1.86702
35.1226
35.13
35.1453
35.1692
35.2031
35.2483
35.3071
35.3824
35.4799
35.6136
35.8279
36.2945
37.7312
43.5288
71.8484
36.0111
36.0236
36.0492
36.0891
36.1451
36.2195
36.3161
36.4413
36.6085
36.8495
37.2508
38.0642
40.0018
44.8537
55.109
36.8899
36.9071
36.9424
36.997
37.0732
37.174
37.304
37.4702
37.6851
37.9728
38.3865
39.0522
40.2474
42.425
45.5057
37.7557
37.7772
37.8211
37.8889
37.9831
38.1072
38.2656
38.4644
38.7103
39.0075
39.346
39.6715
39.8095
39.3682
38.0563
38.6057
38.6309
38.6823
38.7615
38.8712
39.0152
39.1979
39.4248
39.6991
40.0123
40.3133
40.4201
39.7727
36.9148
29.7107
39.4371
39.4655
39.5231
39.6119
39.7345
39.8949
40.0984
40.3513
40.66
41.0243
41.4143
41.6913
41.2699
37.4787
16.3773
40.2478
40.2787
40.3414
40.4377
40.5704
40.7436
40.9632
41.2379
41.5816
42.0172
42.5926
43.4464
45.1058
50.0627
71.9149
41.0361
41.0689
41.1353
41.2371
41.377
41.5587
41.7884
42.0757
42.4383
42.9116
43.5765
44.641
46.6504
50.9126
59.1342
41.8005
41.8347
41.9037
42.0091
42.1532
42.3393
42.5722
42.8601
43.2173
43.6716
44.2815
45.1785
46.6292
49.0117
52.0793
42.5401
42.5752
42.6458
42.7532
42.8991
43.0859
43.3166
43.5954
43.9281
44.3221
44.7858
45.3303
45.9594
46.6339
47.1711
43.2544
43.2899
43.3613
43.4694
43.6155
43.8007
44.0262
44.2921
44.5954
44.9227
45.2329
45.4221
45.2568
44.3502
42.6525
43.9429
43.9786
44.0501
44.1582
44.3034
44.4862
44.7062
44.9616
45.2451
45.5338
45.7628
45.759
45.0675
42.6147
36.9716
44.6056
44.6412
44.7126
44.8201
44.964
45.1443
45.3604
45.6107
45.8902
46.1848
46.4532
46.5724
46.1
43.0937
27.3888
45.2425
45.2779
45.3489
45.4556
45.598
45.776
45.9894
46.2382
46.5239
46.8525
47.2458
47.7956
48.8907
52.3901
68.3566
45.8536
45.8888
45.9593
46.0651
46.206
46.3818
46.5924
46.839
47.1271
47.4736
47.9285
48.639
50.0103
53.0275
58.99
46.439
46.4741
46.5441
46.649
46.7885
46.9619
47.1688
47.4098
47.6886
48.018
48.4322
49.0222
49.9856
51.6182
53.7816
46.999
47.0339
47.1036
47.2078
47.3461
47.5173
47.7202
47.953
48.2143
48.5019
48.8127
49.145
49.4946
49.8389
50.0935
47.5336
47.5684
47.6379
47.7418
47.8794
48.0492
48.2492
48.4754
48.7207
48.9681
49.1768
49.2546
49.0059
48.1208
46.6
48.0428
48.0776
48.1473
48.2513
48.3889
48.5588
48.7584
48.9834
49.2246
49.4596
49.6304
49.5897
48.9576
46.843
42.0684
48.5265
48.5616
48.6316
48.7362
48.8747
49.0461
49.2485
49.4789
49.7318
49.9941
50.2296
50.3344
49.9373
47.4113
34.2391
48.9847
49.0201
49.0907
49.1963
49.3364
49.5104
49.7175
49.9575
50.2317
50.5456
50.9182
51.4264
52.394
55.3716
68.7811
49.4172
49.4529
49.5243
49.6311
49.7732
49.9502
50.1622
50.4111
50.703
51.0547
51.5112
52.1983
53.4531
56.0863
61.1535
49.8236
49.8597
49.932
50.0403
50.1843
50.3641
50.5798
50.8335
51.1317
51.4896
51.9426
52.5746
53.5536
55.1093
57.0635
50.2037
50.2403
50.3136
50.4233
50.5694
50.7514
50.9693
51.2239
51.518
51.8566
52.2484
52.7087
53.252
53.8542
54.3495
50.557
50.5942
50.6686
50.7799
50.928
51.1122
51.3318
51.5858
51.8722
52.1851
52.5051
52.784
52.9078
52.6723
51.9982
50.8834
50.9211
50.9967
51.1098
51.2601
51.4468
51.6688
51.9237
52.2072
52.507
52.7889
52.9659
52.8115
51.7936
49.1978
51.1822
51.2206
51.2974
51.4125
51.5654
51.7554
51.9812
52.2406
52.5299
52.8395
53.1441
53.3768
53.3131
52.0094
44.6138
51.453
51.4922
51.5704
51.6877
51.8436
52.0376
52.2686
52.5356
52.8375
53.1739
53.5479
53.9922
54.6744
56.4546
64.092
51.6954
51.7353
51.8151
51.9347
52.0939
52.2924
52.5294
52.805
53.1202
53.4803
53.9014
54.4413
55.2714
56.8308
59.7144
51.9089
51.9495
52.0309
52.1529
52.3156
52.5187
52.7619
53.0455
53.3709
53.7425
54.171
54.6876
55.3605
56.286
57.3587
52.0928
52.1342
52.2171
52.3416
52.5078
52.7156
52.9648
53.2556
53.5885
53.9635
54.3779
54.824
55.2726
55.6376
55.7675
52.2467
52.2889
52.3732
52.5001
52.6696
52.882
53.1372
53.4352
53.7757
54.1554
54.5613
54.9576
55.2411
55.1511
54.286
52.3701
52.4129
52.4986
52.6276
52.8003
53.017
53.2781
53.584
53.9347
54.3275
54.75
55.1681
55.4673
55.2014
52.2234
52.4625
52.5058
52.5927
52.7235
52.8989
53.1196
53.3863
53.7004
54.0636
54.477
54.9404
55.4598
56.0844
57.134
60.5656
52.5236
52.5673
52.6549
52.7871
52.9646
53.1885
53.46
53.7815
54.1565
54.5902
55.0903
55.6772
56.4048
57.4109
58.8571
52.553
52.5969
52.685
52.8179
52.9967
53.2226
53.4974
53.824
54.2076
54.6556
55.1786
55.7955
56.5302
57.3809
58.1726
52.5507
52.5946
52.6826
52.8157
52.9947
53.2211
53.497
53.8257
54.2129
54.6671
55.2001
55.8307
56.5734
57.3904
58.0578
52.5167
52.5602
52.6478
52.7801
52.9583
53.1837
53.4584
53.7856
54.1707
54.6221
55.1525
55.7869
56.5632
57.5024
58.426
52.4511
52.4941
52.5807
52.7114
52.8875
53.1103
53.3816
53.7039
54.0815
54.5204
55.0311
55.6432
56.4384
57.6238
59.4555
52.3543
52.3966
52.4815
52.61
52.783
53.0017
53.2676
53.5826
53.9487
54.3671
54.8378
55.371
56.041
57.2951
61.7766
52.2268
52.2681
52.351
52.4763
52.6451
52.8586
53.118
53.4245
53.7785
54.1758
54.5996
55.0027
55.2362
54.7239
50.6544
52.0694
52.1094
52.1897
52.3112
52.4749
52.682
52.9339
53.2321
53.5772
53.9645
54.3742
54.751
54.9477
54.6217
53.3007
51.883
51.9214
51.9987
52.1155
52.273
52.4725
52.716
53.006
53.3455
53.7358
54.1701
54.6229
55.0207
55.2091
55.0491
51.6687
51.7053
51.7789
51.8902
52.0404
52.231
52.4643
52.7442
53.0776
53.4749
53.9517
54.5319
55.2375
56.0373
56.7057
51.4276
51.4622
51.5316
51.6367
51.7784
51.9582
52.1785
52.444
52.7642
53.1572
53.66
54.3527
55.3872
56.9552
58.8459
51.1613
51.1936
51.2585
51.3565
51.4885
51.6555
51.8596
52.1047
52.3992
52.7615
53.2349
53.9349
55.1646
57.6479
62.3184
50.8712
50.9011
50.9611
51.0515
51.1728
51.3256
51.5107
51.7297
51.9861
52.287
52.651
53.1481
54.0699
56.8202
69.0536
50.5592
50.5865
50.6413
50.7237
50.8338
50.9716
51.1366
51.3275
51.5412
51.767
51.9731
52.065
51.7039
49.4057
37.4126
50.2269
50.2516
50.3011
50.3754
50.4742
50.5972
50.7428
50.9084
51.0868
51.2591
51.3731
51.2955
50.6815
48.7225
44.3526
49.8763
49.8984
49.9425
50.0087
50.0966
50.2053
50.3337
50.479
50.6359
50.7899
50.9047
50.8973
50.5917
49.7123
48.2765
49.509
49.5285
49.5675
49.6258
49.7029
49.7983
49.9111
50.0405
50.1859
50.3464
50.5198
50.7049
50.8988
51.0873
51.222
49.127
49.144
49.1779
49.2284
49.2952
49.3777
49.4755
49.5896
49.7244
49.8924
50.1254
50.5053
51.2082
52.4986
54.2793
48.7319
48.7465
48.7755
48.8186
48.8753
48.9449
49.027
49.1231
49.2389
49.3915
49.6275
50.0804
51.1079
53.568
58.5917
48.3255
48.3378
48.3622
48.3982
48.445
48.5017
48.5673
48.6416
48.727
48.831
48.9777
49.2552
50.0113
52.856
66.4111
47.9093
47.9195
47.9396
47.969
48.0066
48.0509
48.1
48.1514
48.2012
48.2393
48.2358
48.0965
47.4628
44.7047
31.1759
47.4849
47.4932
47.5095
47.5329
47.5621
47.5952
47.6295
47.6611
47.6825
47.675
47.5867
47.2802
46.3882
44.0321
39.0495
47.0535
47.0602
47.0733
47.0916
47.1136
47.1372
47.1595
47.1767
47.1831
47.1651
47.0879
46.8692
46.3288
45.1823
43.4807
46.6162
46.6217
46.6322
46.6465
46.6628
46.6786
46.6914
46.6987
46.6997
46.6947
46.686
46.6807
46.689
46.7169
46.7478
46.1738
46.1786
46.1874
46.1989
46.2109
46.2207
46.2255
46.224
46.2194
46.2255
46.2804
46.4815
47.0342
48.2481
50.0538
45.7271
45.7315
45.7396
45.7497
45.7592
45.7647
45.7626
45.7504
45.731
45.7207
45.772
46.0371
46.9188
49.3672
54.6312
45.276
45.2808
45.2893
45.2998
45.309
45.3126
45.3051
45.2806
45.2352
45.1717
45.1139
45.1633
45.7141
48.5298
62.8815
44.8206
44.8262
44.8366
44.8495
44.8614
44.8668
44.858
44.8243
44.7513
44.617
44.3802
43.9402
42.9352
39.6801
25.0274
44.36
44.3674
44.381
44.3989
44.4171
44.4295
44.4266
44.3941
44.3091
44.1321
43.7861
43.1085
41.7175
38.7444
33.1025
43.8933
43.903
43.9215
43.9468
43.9755
44.0013
44.0144
43.9992
43.93
43.7631
43.4212
42.7712
41.5972
39.6611
37.2762
43.4187
43.4314
43.4561
43.4914
43.5346
43.5804
43.6205
43.6406
43.6178
43.5142
43.2689
42.7967
42.0047
40.8883
39.8104
42.9343
42.9504
42.9823
43.0295
43.0905
43.1623
43.239
43.3108
43.3609
43.3621
43.2729
43.0434
42.6362
42.0879
41.6124
42.4376
42.4572
42.4968
42.5569
42.6377
42.7392
42.8596
42.9949
43.1371
43.2714
43.3732
43.4125
43.3643
43.2357
43.1007
41.9262
41.9492
41.9961
42.0687
42.1695
42.3016
42.4684
42.6731
42.918
43.2019
43.5156
43.8412
44.1469
44.3869
44.5117
41.3977
41.4235
41.4764
41.5598
41.6783
41.8386
42.0495
42.3223
42.6711
43.11
43.6485
44.2827
44.9737
45.6169
46.0257
40.8504
40.8778
40.9347
41.0255
41.1569
41.3391
41.5861
41.9178
42.3606
42.9477
43.7138
44.6836
45.8325
47.0086
47.8399
40.283
40.3106
40.3685
40.4618
40.5991
40.7931
41.0627
41.4349
41.9491
42.6596
43.6364
44.959
46.6708
48.6384
50.2478
39.6953
39.7215
39.7767
39.8665
40.0007
40.1935
40.4665
40.8525
41.4006
42.1851
43.3175
44.963
47.3301
50.5159
53.7894
39.0884
39.1112
39.1597
39.2396
39.3603
39.5367
39.7907
40.1565
40.6871
41.4677
42.641
44.4647
47.4195
52.3312
59.6205
38.4646
38.4822
38.52
38.5831
38.6803
38.8246
39.036
39.345
39.7992
40.4762
41.5117
43.1799
46.1482
52.4942
70.5295
-198.203
-146.837
-128.505
-119.704
-114.564
-111.212
-108.885
-107.211
-105.982
-105.072
-104.399
-103.909
-103.569
-103.353
-103.249
-167.552
-146.665
-132.385
-123.574
-117.926
-114.111
-111.422
-109.47
-108.027
-106.952
-106.153
-105.57
-105.163
-104.904
-104.779
-151.426
-141.902
-132.466
-125.245
-120.015
-116.227
-113.446
-111.374
-109.815
-108.639
-107.757
-107.108
-106.652
-106.362
-106.221
-141.931
-137.078
-131.007
-125.532
-121.1
-117.643
-114.976
-112.92
-111.337
-110.12
-109.196
-108.51
-108.025
-107.715
-107.563
-135.826
-133.097
-129.132
-125.093
-121.506
-118.51
-116.08
-114.138
-112.601
-111.398
-110.469
-109.773
-109.276
-108.956
-108.8
-131.636
-129.971
-127.308
-124.34
-121.499
-118.982
-116.843
-115.073
-113.633
-112.482
-111.58
-110.895
-110.402
-110.083
-109.927
-128.619
-127.539
-125.693
-123.497
-121.267
-119.189
-117.35
-115.777
-114.464
-113.392
-112.538
-111.882
-111.406
-111.096
-110.944
-126.372
-125.636
-124.32
-122.676
-120.928
-119.229
-117.672
-116.299
-115.125
-114.148
-113.358
-112.744
-112.294
-111.999
-111.853
-124.654
-124.135
-123.173
-121.927
-120.552
-119.17
-117.863
-116.682
-115.649
-114.773
-114.055
-113.489
-113.072
-112.797
-112.661
-123.316
-122.94
-122.223
-121.266
-120.18
-119.057
-117.968
-116.96
-116.061
-115.287
-114.643
-114.132
-113.75
-113.498
-113.372
-122.258
-121.98
-121.436
-120.694
-119.832
-118.919
-118.014
-117.16
-116.386
-115.709
-115.139
-114.682
-114.338
-114.11
-113.996
-121.412
-121.204
-120.786
-120.205
-119.517
-118.774
-118.024
-117.304
-116.642
-116.055
-115.556
-115.151
-114.845
-114.641
-114.538
-120.728
-120.572
-120.248
-119.79
-119.238
-118.632
-118.012
-117.408
-116.844
-116.339
-115.905
-115.55
-115.281
-115.1
-115.009
-120.173
-120.054
-119.802
-119.438
-118.994
-118.5
-117.987
-117.481
-117.004
-116.572
-116.197
-115.889
-115.653
-115.495
-115.415
-119.718
-119.629
-119.431
-119.141
-118.783
-118.38
-117.956
-117.534
-117.131
-116.764
-116.442
-116.176
-115.972
-115.834
-115.764
-119.344
-119.277
-119.122
-118.891
-118.602
-118.272
-117.923
-117.571
-117.233
-116.922
-116.648
-116.419
-116.243
-116.124
-116.063
-119.035
-118.986
-118.865
-118.68
-118.447
-118.178
-117.89
-117.597
-117.314
-117.052
-116.819
-116.625
-116.474
-116.371
-116.319
-118.779
-118.744
-118.65
-118.503
-118.314
-118.095
-117.858
-117.616
-117.38
-117.16
-116.964
-116.799
-116.67
-116.583
-116.538
-118.566
-118.542
-118.469
-118.353
-118.201
-118.023
-117.829
-117.63
-117.434
-117.25
-117.085
-116.946
-116.837
-116.763
-116.725
-118.387
-118.373
-118.318
-118.227
-118.105
-117.961
-117.803
-117.639
-117.477
-117.324
-117.187
-117.07
-116.979
-116.916
-116.885
-118.238
-118.231
-118.191
-118.12
-118.024
-117.908
-117.78
-117.646
-117.513
-117.387
-117.273
-117.176
-117.1
-117.047
-117.021
-118.112
-118.112
-118.083
-118.029
-117.954
-117.862
-117.759
-117.651
-117.543
-117.439
-117.346
-117.266
-117.203
-117.159
-117.137
-118.006
-118.01
-117.991
-117.952
-117.894
-117.822
-117.741
-117.654
-117.567
-117.484
-117.408
-117.342
-117.291
-117.255
-117.237
-117.915
-117.924
-117.913
-117.885
-117.843
-117.788
-117.724
-117.657
-117.588
-117.522
-117.461
-117.408
-117.366
-117.338
-117.323
-117.836
-117.849
-117.846
-117.828
-117.798
-117.758
-117.71
-117.659
-117.606
-117.554
-117.506
-117.465
-117.432
-117.409
-117.397
-117.768
-117.784
-117.787
-117.778
-117.759
-117.732
-117.698
-117.66
-117.621
-117.582
-117.546
-117.514
-117.489
-117.472
-117.462
-117.708
-117.726
-117.735
-117.734
-117.725
-117.709
-117.687
-117.662
-117.635
-117.607
-117.581
-117.558
-117.54
-117.527
-117.52
-117.653
-117.675
-117.688
-117.694
-117.694
-117.688
-117.677
-117.663
-117.647
-117.63
-117.613
-117.598
-117.585
-117.576
-117.572
-117.603
-117.627
-117.645
-117.658
-117.666
-117.669
-117.668
-117.664
-117.659
-117.651
-117.642
-117.634
-117.627
-117.622
-117.619
-117.555
-117.581
-117.604
-117.623
-117.639
-117.652
-117.66
-117.666
-117.67
-117.671
-117.67
-117.668
-117.666
-117.664
-117.663
-117.508
-117.537
-117.564
-117.59
-117.614
-117.635
-117.653
-117.668
-117.681
-117.69
-117.697
-117.701
-117.704
-117.705
-117.706
-117.461
-117.492
-117.524
-117.557
-117.589
-117.619
-117.647
-117.672
-117.693
-117.71
-117.724
-117.734
-117.741
-117.745
-117.747
-117.411
-117.444
-117.482
-117.522
-117.564
-117.604
-117.641
-117.676
-117.706
-117.731
-117.752
-117.767
-117.778
-117.786
-117.789
-117.356
-117.393
-117.437
-117.486
-117.538
-117.589
-117.637
-117.682
-117.721
-117.755
-117.781
-117.802
-117.817
-117.827
-117.832
-117.294
-117.335
-117.387
-117.447
-117.51
-117.574
-117.634
-117.69
-117.739
-117.78
-117.814
-117.84
-117.859
-117.871
-117.878
-117.222
-117.269
-117.331
-117.404
-117.482
-117.56
-117.634
-117.701
-117.761
-117.81
-117.85
-117.881
-117.904
-117.919
-117.926
-117.136
-117.191
-117.266
-117.355
-117.452
-117.547
-117.637
-117.717
-117.787
-117.845
-117.892
-117.927
-117.953
-117.97
-117.978
-117.032
-117.097
-117.19
-117.302
-117.421
-117.537
-117.644
-117.739
-117.821
-117.887
-117.939
-117.979
-118.007
-118.025
-118.034
-116.902
-116.981
-117.1
-117.241
-117.39
-117.532
-117.66
-117.77
-117.863
-117.936
-117.994
-118.037
-118.067
-118.086
-118.096
-116.735
-116.837
-116.992
-117.175
-117.361
-117.535
-117.686
-117.813
-117.916
-117.996
-118.057
-118.102
-118.133
-118.153
-118.162
-116.517
-116.654
-116.865
-117.105
-117.341
-117.551
-117.728
-117.871
-117.983
-118.068
-118.13
-118.175
-118.206
-118.225
-118.235
-116.222
-116.419
-116.715
-117.037
-117.337
-117.59
-117.792
-117.949
-118.067
-118.153
-118.215
-118.257
-118.286
-118.303
-118.312
-115.81
-116.112
-116.546
-116.984
-117.363
-117.662
-117.888
-118.053
-118.171
-118.254
-118.31
-118.348
-118.372
-118.387
-118.393
-115.208
-115.713
-116.372
-116.972
-117.442
-117.784
-118.024
-118.188
-118.298
-118.371
-118.418
-118.447
-118.464
-118.474
-118.478
-114.273
-115.206
-116.238
-117.048
-117.609
-117.977
-118.212
-118.359
-118.451
-118.505
-118.536
-118.552
-118.56
-118.564
-118.565
-112.71
-114.628
-116.257
-117.296
-117.908
-118.259
-118.459
-118.569
-118.627
-118.653
-118.662
-118.662
-118.658
-118.654
-118.651
-109.834
-114.251
-116.684
-117.838
-118.386
-118.647
-118.766
-118.813
-118.823
-118.813
-118.794
-118.773
-118.755
-118.742
-118.735
-103.909
-115.25
-117.998
-118.802
-119.061
-119.131
-119.123
-119.083
-119.031
-118.976
-118.925
-118.882
-118.847
-118.824
-118.812
-129.135
-122.214
-120.66
-120.143
-119.867
-119.666
-119.501
-119.36
-119.239
-119.136
-119.051
-118.982
-118.931
-118.897
-118.879
-132.633
-125.449
-122.602
-121.314
-120.618
-120.176
-119.861
-119.622
-119.433
-119.282
-119.162
-119.069
-119.001
-118.956
-118.934
-128.686
-125.672
-123.459
-122.074
-121.192
-120.596
-120.168
-119.847
-119.599
-119.405
-119.254
-119.138
-119.054
-118.999
-118.972
-126.852
-125.336
-123.739
-122.484
-121.566
-120.897
-120.399
-120.02
-119.727
-119.497
-119.319
-119.183
-119.085
-119.021
-118.99
-126.09
-125.056
-123.78
-122.657
-121.766
-121.078
-120.547
-120.133
-119.808
-119.552
-119.352
-119.2
-119.091
-119.019
-118.984
-126.067
-124.941
-123.715
-122.667
-121.823
-121.149
-120.612
-120.183
-119.839
-119.566
-119.351
-119.187
-119.069
-118.991
-118.953
-126.845
-124.894
-123.523
-122.536
-121.759
-121.124
-120.601
-120.171
-119.821
-119.538
-119.314
-119.142
-119.017
-118.935
-118.895
-128.999
-124.442
-123.064
-122.256
-121.595
-121.02
-120.524
-120.103
-119.754
-119.468
-119.239
-119.062
-118.933
-118.849
-118.807
-117.762
-121.781
-122.208
-121.873
-121.371
-120.86
-120.392
-119.985
-119.641
-119.356
-119.126
-118.948
-118.817
-118.731
-118.689
-120.328
-121.614
-121.878
-121.605
-121.15
-120.668
-120.218
-119.822
-119.485
-119.204
-118.977
-118.799
-118.668
-118.583
-118.54
-122.02
-122.155
-121.92
-121.463
-120.947
-120.451
-120.005
-119.618
-119.289
-119.014
-118.791
-118.616
-118.487
-118.403
-118.36
-123.638
-122.95
-122.114
-121.362
-120.729
-120.198
-119.75
-119.371
-119.052
-118.787
-118.57
-118.4
-118.275
-118.192
-118.15
-125.754
-123.847
-122.25
-121.175
-120.437
-119.886
-119.446
-119.082
-118.778
-118.524
-118.316
-118.152
-118.031
-117.95
-117.911
-129.212
-124.528
-122.02
-120.755
-120.014
-119.496
-119.089
-118.751
-118.466
-118.227
-118.03
-117.874
-117.757
-117.68
-117.642
-135.943
-123.698
-120.924
-119.97
-119.434
-119.027
-118.682
-118.381
-118.121
-117.899
-117.714
-117.566
-117.455
-117.381
-117.345
-104.306
-116.288
-118.563
-118.893
-118.763
-118.513
-118.242
-117.983
-117.748
-117.544
-117.371
-117.231
-117.126
-117.056
-117.021
-111.258
-115.617
-117.553
-118.135
-118.173
-118.013
-117.793
-117.566
-117.354
-117.164
-117.003
-116.871
-116.772
-116.705
-116.672
-115.203
-116.626
-117.481
-117.753
-117.718
-117.554
-117.348
-117.138
-116.941
-116.764
-116.612
-116.488
-116.393
-116.33
-116.298
-118.177
-118.029
-117.814
-117.583
-117.351
-117.123
-116.905
-116.7
-116.513
-116.345
-116.201
-116.083
-115.992
-115.931
-115.901
-121.273
-119.477
-118.157
-117.411
-116.979
-116.685
-116.451
-116.249
-116.069
-115.909
-115.771
-115.657
-115.57
-115.511
-115.481
-125.634
-120.593
-118.099
-117.022
-116.509
-116.203
-115.975
-115.782
-115.609
-115.456
-115.322
-115.212
-115.126
-115.068
-115.039
-133.515
-119.939
-117.054
-116.241
-115.893
-115.665
-115.473
-115.298
-115.136
-114.987
-114.857
-114.747
-114.663
-114.605
-114.575
-98.3546
-111.859
-114.57
-115.137
-115.192
-115.1
-114.959
-114.804
-114.65
-114.505
-114.375
-114.265
-114.179
-114.12
-114.091
-106.32
-111.274
-113.574
-114.386
-114.593
-114.568
-114.454
-114.309
-114.157
-114.011
-113.878
-113.765
-113.676
-113.615
-113.584
-110.864
-112.531
-113.609
-114.054
-114.153
-114.096
-113.97
-113.818
-113.659
-113.505
-113.365
-113.246
-113.152
-113.087
-113.054
-114.267
-114.194
-114.084
-113.96
-113.822
-113.669
-113.503
-113.33
-113.156
-112.989
-112.838
-112.708
-112.606
-112.536
-112.5
-117.74
-115.882
-114.568
-113.873
-113.5
-113.251
-113.04
-112.84
-112.646
-112.461
-112.294
-112.15
-112.038
-111.96
-111.921
-122.519
-117.191
-114.619
-113.564
-113.089
-112.804
-112.57
-112.346
-112.128
-111.92
-111.731
-111.57
-111.444
-111.357
-111.312
-131.016
-116.585
-113.615
-112.851
-112.545
-112.319
-112.09
-111.848
-111.601
-111.364
-111.148
-110.964
-110.821
-110.722
-110.672
-93.4651
-108.017
-111.079
-111.819
-111.944
-111.836
-111.619
-111.351
-111.067
-110.791
-110.541
-110.33
-110.165
-110.053
-109.996
-101.913
-107.426
-110.155
-111.214
-111.501
-111.428
-111.183
-110.864
-110.525
-110.199
-109.906
-109.662
-109.473
-109.345
-109.28
-106.55
-108.767
-110.39
-111.144
-111.308
-111.138
-110.798
-110.39
-109.972
-109.581
-109.237
-108.954
-108.737
-108.591
-108.518
-109.663
-110.519
-111.228
-111.482
-111.346
-110.964
-110.46
-109.921
-109.4
-108.93
-108.526
-108.198
-107.951
-107.786
-107.703
-112.198
-112.374
-112.379
-112.089
-111.552
-110.873
-110.145
-109.438
-108.793
-108.23
-107.76
-107.385
-107.106
-106.922
-106.83
-114.628
-114.344
-113.735
-112.868
-111.857
-110.813
-109.815
-108.912
-108.126
-107.465
-106.926
-106.505
-106.195
-105.993
-105.892
-117.272
-116.538
-115.27
-113.745
-112.184
-110.72
-109.419
-108.303
-107.372
-106.613
-106.009
-105.545
-105.21
-104.991
-104.884
-120.442
-119.103
-116.981
-114.646
-112.441
-110.512
-108.892
-107.566
-106.498
-105.651
-104.993
-104.496
-104.141
-103.912
-103.8
-124.559
-122.209
-118.838
-115.457
-112.507
-110.088
-108.161
-106.648
-105.468
-104.558
-103.864
-103.348
-102.984
-102.751
-102.637
-130.324
-126.024
-120.7
-115.967
-112.201
-109.321
-107.142
-105.496
-104.251
-103.312
-102.609
-102.094
-101.734
-101.505
-101.394
-139.091
-130.547
-122.151
-115.805
-111.28
-108.065
-105.752
-104.065
-102.821
-101.901
-101.223
-100.732
-100.392
-100.177
-100.073
-153.808
-134.967
-122.178
-114.375
-109.449
-106.181
-103.926
-102.324
-101.166
-100.321
-99.7058
-99.2647
-98.961
-98.7704
-98.6786
-181.625
-135.181
-118.742
-110.947
-106.464
-103.594
-101.644
-100.274
-99.2912
-98.5802
-98.0665
-97.7008
-97.4506
-97.2945
-97.2195
37.7639
37.7739
37.7959
37.834
37.8949
37.9887
38.13
38.3404
38.6515
39.1102
39.7846
40.7726
42.1682
43.7424
42.8511
36.9881
36.9878
36.9884
36.9924
37.0036
37.0275
37.0709
37.1423
37.251
37.4022
37.585
37.7378
37.6459
36.6586
33.0807
36.2113
36.1994
36.1761
36.1421
36.0983
36.0451
35.982
35.9058
35.8067
35.661
35.4136
34.9466
34.017
32.1639
28.6881
35.4449
35.4211
35.3732
35.3003
35.2008
35.071
34.9048
34.6907
34.4081
34.0199
33.4601
32.6168
31.3107
29.2906
26.314
34.701
34.6656
34.5939
34.4839
34.3319
34.1319
33.874
33.5428
33.1139
32.5489
31.7888
30.7487
29.3168
27.3728
24.8503
33.9912
33.9451
33.8517
33.7081
33.5097
33.2491
32.9151
32.4914
31.9546
31.2714
30.3961
29.2712
27.8337
26.0324
23.8634
33.3262
33.2707
33.1583
32.9859
32.7484
32.4382
32.0444
31.552
30.9407
30.1847
29.2515
28.1053
26.7135
25.0586
23.1571
32.7153
32.6519
32.5237
32.3275
32.0585
31.7096
31.271
30.73
30.0707
29.274
28.3188
27.1841
25.8551
24.3307
22.6316
32.1666
32.0968
31.9558
31.7407
31.4473
31.0692
30.5985
30.025
29.3369
28.521
27.5642
26.4559
25.1913
23.7763
22.2313
31.6864
31.6116
31.4607
31.2312
30.9195
30.5204
30.0276
29.4334
28.7295
27.9075
26.9602
25.883
24.677
23.3509
21.9235
31.2798
31.2012
31.0428
30.8028
30.4779
30.0642
29.5568
28.9503
28.2391
27.4184
26.4848
25.4378
24.2816
23.026
21.6877
30.9506
30.8692
30.7056
30.458
30.124
29.7005
29.184
28.5706
27.8572
27.0411
26.1217
25.101
23.9847
22.7829
21.5107
30.7015
30.6183
30.451
30.1984
29.8584
29.4287
28.9068
28.2901
27.5768
26.766
25.8589
24.8588
23.7723
22.6095
21.3841
30.5345
30.4501
30.2806
30.0249
29.6814
29.2481
28.7232
28.1051
27.3927
26.5863
25.688
24.702
23.6352
22.4977
21.3024
30.4508
30.3658
30.1952
29.9381
29.5929
29.158
28.6318
28.0132
27.3015
26.4976
25.6039
24.6249
23.568
22.443
21.2623
28.2453
11.1752
5.53182
3.33785
2.31487
1.75143
1.39826
1.15558
0.977778
0.841357
0.733031
0.644706
0.571161
0.508877
0.455394
0.408937
0.368194
0.33217
0.300098
0.271374
0.245513
0.222121
0.200874
0.181499
0.163767
0.147479
0.132464
0.118572
0.10567
0.0936391
0.0823708
0.0717678
0.0617401
0.0522043
0.0430824
0.0343008
0.0257897
0.0174817
0.00931188
0.00121656
-0.00686696
-0.0150011
-0.0232485
-0.0316727
-0.0403382
-0.0493118
-0.0586624
-0.0684621
-0.0787863
-0.0897151
-0.101333
-0.113731
-0.127007
-0.141264
-0.156617
-0.173188
-0.191112
-0.210537
-0.231623
-0.254551
-0.279519
-0.306748
-0.336487
-0.369017
-0.404655
-0.443767
-0.486773
-0.534161
-0.586506
-0.644489
-0.708932
-0.780829
-0.861412
-0.952221
-1.05522
-1.17294
-1.30875
-1.4672
-1.65461
-1.88
-2.15678
-2.50576
-2.96109
-3.58316
-4.48931
-5.93616
-8.56502
-14.2063
-28.7224
-72.6389
25.4015
17.0708
11.628
8.32717
6.28275
4.95145
4.03561
3.3733
2.8737
2.48358
2.17026
1.91281
1.69724
1.51394
1.35604
1.21857
1.09777
0.990806
0.895463
0.809988
0.732972
0.663265
0.599916
0.542124
0.489213
0.440597
0.39577
0.354287
0.315753
0.279814
0.246151
0.214472
0.184509
0.156014
0.128754
0.102511
0.0770745
0.0522446
0.0278269
0.00363153
-0.0205289
-0.044841
-0.0694917
-0.0946707
-0.120571
-0.147392
-0.17534
-0.20463
-0.235488
-0.268152
-0.302876
-0.33993
-0.379605
-0.422213
-0.468094
-0.517614
-0.571174
-0.629213
-0.692215
-0.760712
-0.835295
-0.916624
-1.00544
-1.10257
-1.20896
-1.32569
-1.454
-1.59534
-1.75139
-1.92416
-2.11605
-2.32997
-2.5695
-2.8391
-3.14442
-3.49275
-3.89364
-4.35989
-4.90909
-5.56595
-6.36634
-7.36408
-8.64314
-10.3403
-12.6892
-16.1063
-21.357
-29.839
-43.8303
-65.2494
23.8046
18.8072
14.6393
11.5069
9.22351
7.553
6.30771
5.35658
4.61185
4.0151
3.52697
3.1205
2.7768
2.48234
2.22724
2.00413
1.80738
1.63267
1.47658
1.33639
1.20988
1.09523
0.990929
0.895701
0.808451
0.72824
0.654244
0.58574
0.522084
0.462699
0.407062
0.354693
0.305155
0.258037
0.212956
0.169552
0.12748
0.0864089
0.0460177
0.00599273
-0.0339755
-0.0741952
-0.114976
-0.15663
-0.199479
-0.24385
-0.290085
-0.338539
-0.389586
-0.443619
-0.501058
-0.56235
-0.627974
-0.698446
-0.774323
-0.856214
-0.944777
-1.04074
-1.14488
-1.2581
-1.38135
-1.51571
-1.6624
-1.82277
-1.99835
-2.19091
-2.40245
-2.6353
-2.89217
-3.17626
-3.49141
-3.8422
-4.23424
-4.67449
-5.17165
-5.73681
-6.38433
-7.13309
-8.00846
-9.04513
-10.2916
-11.8172
-13.7229
-16.1589
-19.3509
-23.6356
-29.4957
-37.5379
-48.2414
-61.0753
22.8083
19.3482
16.159
13.4637
11.2813
9.54196
8.15597
7.04242
6.13674
5.39002
4.76594
4.23768
3.78533
3.39398
3.0523
2.75163
2.48519
2.24765
2.03475
1.84303
1.66965
1.51224
1.36884
1.23775
1.11752
1.0069
0.90478
0.810185
0.722243
0.640167
0.563246
0.490824
0.422299
0.357111
0.294732
0.234665
0.176435
0.119586
0.063674
0.0082665
-0.0470647
-0.102745
-0.159204
-0.216873
-0.276194
-0.337624
-0.401633
-0.468712
-0.539379
-0.614178
-0.693688
-0.778526
-0.869354
-0.966883
-1.07188
-1.18519
-1.30772
-1.44045
-1.58448
-1.74101
-1.91137
-2.09703
-2.29963
-2.52102
-2.76328
-3.02877
-3.32018
-3.64062
-3.99369
-4.38362
-4.81538
-5.29495
-5.82951
-6.42786
-7.10089
-7.86221
-8.72912
-9.72386
-10.8754
-12.222
-13.8149
-15.7227
-18.0388
-20.8888
-24.4386
-28.8961
-34.4915
-41.404
-49.5843
-58.4571
22.1281
19.4985
16.9666
14.6813
12.7007
11.0217
9.61158
8.42864
7.43249
6.5881
5.86673
5.24538
4.70589
4.23393
3.8182
3.44972
3.12128
2.82707
2.56235
2.32319
2.10633
1.90904
1.72896
1.5641
1.41271
1.27328
1.14444
1.02502
0.913921
0.810186
0.712923
0.621319
0.534619
0.45212
0.373162
0.297117
0.223389
0.151401
0.0805948
0.0104223
-0.0596568
-0.130181
-0.201692
-0.274737
-0.349875
-0.427683
-0.508756
-0.593717
-0.683217
-0.777947
-0.878637
-0.986067
-1.10107
-1.22455
-1.35747
-1.50088
-1.65594
-1.82387
-2.00606
-2.20399
-2.41933
-2.65391
-2.90977
-3.18919
-3.49471
-3.82924
-4.19605
-4.5989
-5.04209
-5.53065
-6.07045
-6.66842
-7.33282
-8.07361
-8.90286
-9.83543
-10.8897
-12.0887
-13.4613
-15.0443
-16.8842
-19.04
-21.5856
-24.6107
-28.219
-32.5176
-37.59
-43.4437
-49.9291
-56.6616
21.6332
19.5075
17.4183
15.4596
13.6854
12.1138
10.7396
9.54555
8.50939
7.60878
6.82325
6.135
5.529
4.99274
4.51592
4.09
3.70795
3.36392
3.05302
2.77113
2.51478
2.28096
2.06711
1.87099
1.69064
1.52433
1.37051
1.2278
1.09496
0.970846
0.85442
0.744722
0.640863
0.542008
0.447374
0.356216
0.267821
0.181501
0.0965906
0.0124337
-0.0716159
-0.156203
-0.241975
-0.329589
-0.419713
-0.513039
-0.610279
-0.712179
-0.819519
-0.933125
-1.05387
-1.18269
-1.32057
-1.4686
-1.62793
-1.7998
-1.98558
-2.18675
-2.40492
-2.64187
-2.89955
-3.18012
-3.48595
-3.8197
-4.18433
-4.58318
-5.01998
-5.49899
-6.02508
-6.60382
-7.24166
-7.94613
-8.72604
-9.59183
-10.5559
-11.6332
-12.8418
-14.2032
-15.7441
-17.4963
-19.4984
-21.7959
-24.4414
-27.4922
-31.0049
-35.0241
-39.5628
-44.5733
-49.9172
-55.3512
21.2578
19.4634
17.6811
15.9719
14.3777
12.921
11.608
10.4347
9.39073
8.46344
7.63941
6.90592
6.25144
5.66578
5.14015
4.66696
4.23973
3.85293
3.50179
3.18221
2.89065
2.62403
2.37964
2.15509
1.94828
1.75732
1.58052
1.41633
1.26338
1.12039
0.986187
0.859682
0.739866
0.62579
0.516557
0.411313
0.309243
0.209556
0.111486
0.0142786
-0.082811
-0.180526
-0.279612
-0.380827
-0.484944
-0.592757
-0.70509
-0.822801
-0.946792
-1.07801
-1.21747
-1.36623
-1.52546
-1.69636
-1.88029
-2.07866
-2.29303
-2.5251
-2.77671
-3.04986
-3.34678
-3.66989
-4.02187
-4.40568
-4.82463
-5.28237
-5.78303
-6.33122
-6.93216
-7.59178
-8.31683
-9.11507
-9.99544
-10.9683
-12.0458
-13.242
-14.5733
-16.0592
-17.7222
-19.5882
-21.6867
-24.0504
-26.7133
-29.7082
-33.061
-36.7823
-40.8553
-45.2222
-49.7747
-54.3554
20.9656
19.401
17.838
16.3177
14.8717
13.5206
12.2749
11.137
10.1038
9.16905
8.32488
7.56281
6.87451
6.25217
5.68864
5.17753
4.71314
4.29042
3.90495
3.55281
3.23051
2.93498
2.66348
2.41357
2.18302
1.96986
1.77228
1.58863
1.41741
1.25724
1.10682
0.96497
0.830569
0.702565
0.579964
0.461815
0.34721
0.235265
0.125122
0.0159398
-0.0931173
-0.202882
-0.31419
-0.427891
-0.544852
-0.665964
-0.792151
-0.924375
-1.06365
-1.21103
-1.36765
-1.53471
-1.71349
-1.90537
-2.11182
-2.33445
-2.57498
-2.83529
-3.11742
-3.42359
-3.75624
-4.11803
-4.51188
-4.94101
-5.40897
-5.9197
-6.47756
-7.08739
-7.75465
-8.48539
-9.28646
-10.1656
-11.1315
-12.1941
-13.3646
-14.6558
-16.0822
-17.6601
-19.4077
-21.3449
-23.493
-25.8735
-28.5067
-31.4084
-34.5861
-38.0336
-41.7238
-45.6034
-49.5906
-53.5794
20.7349
19.3356
17.9329
16.5557
15.2282
13.968
12.7861
11.688
10.6746
9.74389
8.8918
8.11316
7.40233
6.75361
6.16144
5.62062
5.12632
4.67412
4.25998
3.88027
3.53168
3.21121
2.91615
2.64404
2.39263
2.15988
1.94389
1.74296
1.55547
1.37997
1.21507
1.05948
0.912016
0.771523
0.636925
0.507188
0.381319
0.258355
0.137358
0.0174048
-0.102418
-0.223023
-0.345329
-0.470266
-0.598785
-0.731863
-0.870515
-1.01579
-1.16881
-1.33073
-1.50278
-1.68628
-1.88264
-2.09335
-2.32003
-2.56442
-2.82841
-3.11402
-3.42346
-3.75915
-4.12369
-4.51994
-4.95102
-5.42034
-5.93165
-6.48907
-7.09712
-7.76078
-8.48558
-9.27759
-10.1436
-11.091
-12.1281
-13.2642
-14.5093
-15.8747
-17.3726
-19.0163
-20.8198
-22.7976
-24.9642
-27.3325
-29.9128
-32.7104
-35.7224
-38.9348
-42.3188
-45.829
-49.4033
-52.9669
20.5525
19.2743
17.9902
16.7217
15.4873
14.302
13.1762
12.1165
11.1259
10.2051
9.35258
8.56553
7.84043
7.17332
6.56004
5.9965
5.47868
5.0028
4.56527
4.16277
3.7922
3.45071
3.13565
2.84459
2.57529
2.32565
2.09376
1.87784
1.67622
1.48737
1.30984
1.14226
0.983373
0.831953
0.68685
0.546959
0.411216
0.278589
0.148069
0.0186652
-0.110606
-0.240728
-0.372687
-0.507487
-0.646152
-0.789736
-0.939329
-1.09607
-1.26115
-1.43581
-1.62141
-1.81933
-2.03109
-2.25831
-2.50271
-2.76615
-3.05065
-3.35837
-3.69167
-4.05309
-4.44541
-4.87162
-5.33501
-5.83912
-6.38786
-6.98543
-7.63648
-8.34603
-9.11958
-9.96314
-10.8832
-11.887
-12.9821
-14.177
-15.4806
-16.9026
-18.4529
-20.1421
-21.9805
-23.9783
-26.1443
-28.4856
-31.0057
-33.703
-36.5695
-39.5881
-42.7315
-45.9617
-49.2304
-52.4826
20.4097
19.2206
18.0245
16.8377
15.6753
14.5497
13.4706
12.4448
11.4765
10.5677
9.71866
8.92833
8.19472
7.5152
6.88678
6.30628
5.77044
5.27604
4.81994
4.39912
4.01071
3.652
3.32047
3.01371
2.7295
2.46576
2.22055
1.99203
1.77852
1.57841
1.3902
1.21249
1.04392
0.883243
0.72923
0.580722
0.436596
0.295762
0.157152
0.0197164
-0.117586
-0.255796
-0.395962
-0.539148
-0.686439
-0.838953
-0.997847
-1.16433
-1.33965
-1.52516
-1.72225
-1.93243
-2.15727
-2.3985
-2.65792
-2.93752
-3.2394
-3.56585
-3.91932
-4.3025
-4.71825
-5.16971
-5.66026
-6.19357
-6.77362
-7.4047
-8.09148
-8.83898
-9.65264
-10.5383
-11.5023
-12.5512
-13.6923
-14.9331
-16.2814
-17.7453
-19.333
-21.0525
-22.9114
-24.9162
-27.0719
-29.3809
-31.8426
-34.4516
-37.1969
-40.061
-43.0187
-46.038
-49.0804
-52.1033
20.3007
19.1765
18.0444
16.918
15.8096
14.7299
13.6877
12.6898
11.7409
10.8438
9.99982
9.20911
8.47077
7.78318
7.14423
6.55149
6.0023
5.49393
5.02361
4.5886
4.18626
3.81403
3.46946
3.15023
2.85413
2.5791
2.32319
2.08454
1.86143
1.65223
1.4554
1.26947
1.09307
0.924882
0.763641
0.608138
0.457205
0.309703
0.164519
0.0205564
-0.123274
-0.26806
-0.414899
-0.564902
-0.719207
-0.878981
-1.04544
-1.21983
-1.4035
-1.59781
-1.80425
-2.02437
-2.25984
-2.51244
-2.78406
-3.07676
-3.39273
-3.73435
-4.10416
-4.50492
-4.9396
-5.41143
-5.92386
-6.48063
-7.08578
-7.74365
-8.4589
-9.23652
-10.0819
-11.0006
-11.9987
-13.0826
-14.2588
-15.534
-16.9153
-18.4094
-20.023
-21.762
-23.6319
-25.6366
-27.7781
-30.0561
-32.467
-35.0033
-37.6529
-40.3982
-43.2167
-46.0805
-48.9577
-51.814
20.2217
19.1428
18.0557
16.9718
15.9018
14.8554
13.8405
12.8638
11.9302
11.0428
10.2039
9.41411
8.67338
7.98079
7.33487
6.73371
6.17515
5.6568
5.17621
4.73087
4.3183
3.93607
3.58182
3.25329
2.94831
2.66482
2.40086
2.15458
1.92424
1.70817
1.50482
1.31268
1.13035
0.956466
0.789745
0.628938
0.472839
0.320277
0.170103
0.0211852
-0.127602
-0.277382
-0.429287
-0.584468
-0.744099
-0.909387
-1.08159
-1.262
-1.45198
-1.65298
-1.86651
-2.09419
-2.33772
-2.59894
-2.87982
-3.18245
-3.50909
-3.86219
-4.24436
-4.65842
-5.1074
-5.59459
-6.1235
-6.69793
-7.32193
-7.99986
-8.73637
-9.53641
-10.4052
-11.3483
-12.3715
-13.4808
-14.6823
-15.9821
-17.3865
-18.9012
-20.5318
-22.2829
-24.158
-26.1594
-28.2873
-30.5394
-32.9104
-35.3915
-37.9702
-40.6296
-43.3487
-46.1029
-48.8646
-51.6045
20.1703
19.1201
18.0615
17.0048
15.9596
14.9347
13.9379
12.9754
12.0522
11.1718
10.3367
9.54811
8.80631
8.11088
7.46073
6.85434
6.28982
5.76507
5.27783
4.82574
4.40647
4.01765
3.65701
3.32231
3.01142
2.72228
2.45296
2.20159
1.9664
1.74574
1.53801
1.34171
1.15539
0.97769
0.807288
0.642916
0.483346
0.327383
0.173854
0.0216033
-0.130517
-0.283655
-0.438969
-0.597632
-0.760845
-0.929842
-1.1059
-1.29036
-1.4846
-1.69009
-1.90839
-2.14114
-2.39009
-2.65711
-2.9442
-3.2535
-3.58732
-3.94812
-4.33858
-4.76155
-5.22011
-5.71758
-6.25752
-6.84373
-7.4803
-8.17159
-8.92222
-9.73712
-10.6215
-11.5806
-12.6202
-13.746
-14.9639
-16.2795
-17.6984
-19.226
-20.8668
-22.6246
-24.5019
-26.4998
-28.6172
-30.8509
-33.1945
-35.6388
-38.1708
-40.7743
-43.4295
-46.1137
-48.802
-51.468
20.1449
19.1087
18.064
17.0205
15.9874
14.9732
13.9853
13.0299
12.112
11.2352
10.4022
9.61431
8.87213
8.17541
7.52328
6.91438
6.34699
5.81911
5.3286
4.87319
4.45059
4.05851
3.69468
3.35691
3.04307
2.75112
2.47911
2.22518
1.98757
1.7646
1.55468
1.35629
1.16797
0.988352
0.816101
0.649939
0.488625
0.330953
0.175737
0.0218121
-0.131984
-0.28681
-0.443837
-0.60425
-0.769264
-0.940125
-1.11813
-1.30461
-1.50099
-1.70875
-1.92944
-2.16474
-2.41642
-2.68635
-2.97656
-3.28921
-3.62662
-3.9913
-4.38591
-4.81335
-5.27672
-5.77934
-6.3248
-6.91691
-7.55976
-8.25772
-9.01541
-9.8377
-10.7297
-11.6969
-12.7446
-13.8786
-15.1044
-16.4277
-17.8537
-19.3874
-21.033
-22.7938
-24.6718
-26.6675
-28.7794
-31.0035
-33.3333
-35.7591
-38.268
-40.844
-43.4679
-46.118
-48.7706
-51.4008
-110.224
-112.494
-108.359
-104.643
-101.947
-100.044
-98.6915
-97.7213
-97.0205
-96.5135
-96.1489
-95.8913
-95.7163
-95.6079
-95.556
-84.9857
-94.1479
-96.6121
-96.7447
-96.2257
-95.6177
-95.0866
-94.6659
-94.3481
-94.1151
-93.9485
-93.833
-93.7564
-93.7099
-93.6881
-73.6063
-82.4981
-87.1949
-89.4963
-90.592
-91.1135
-91.3698
-91.5061
-91.5893
-91.6486
-91.6957
-91.7344
-91.7648
-91.786
-91.7969
-67.437
-75.0418
-80.1719
-83.4524
-85.531
-86.8732
-87.7713
-88.398
-88.853
-89.1928
-89.45
-89.6426
-89.7811
-89.871
-89.9153
-63.623
-70.0591
-74.9973
-78.609
-81.2049
-83.0756
-84.4428
-85.4604
-86.2303
-86.8185
-87.2673
-87.6037
-87.8445
-88.0001
-88.0766
-61.0459
-66.5734
-71.1481
-74.7803
-77.6028
-79.7803
-81.4626
-82.769
-83.7879
-84.5822
-85.1959
-85.659
-85.9917
-86.2071
-86.313
-59.1986
-64.0393
-68.2402
-71.7601
-74.6444
-76.9788
-78.8571
-80.3639
-81.5687
-82.5252
-83.2737
-83.8434
-84.255
-84.5223
-84.6539
-57.8227
-62.1439
-66.0123
-69.3744
-72.2346
-74.6322
-76.6218
-78.2596
-79.5965
-80.675
-81.529
-82.1847
-82.6612
-82.9719
-83.1252
-56.7743
-60.7004
-64.2896
-67.4896
-70.2863
-72.6925
-74.7372
-76.4551
-77.8814
-79.0479
-79.9815
-80.704
-81.232
-81.5776
-81.7485
-55.9678
-59.5927
-62.955
-66.0072
-68.7272
-71.1134
-73.1781
-74.941
-76.425
-77.6525
-78.6439
-79.4165
-79.984
-80.3567
-80.5414
-55.35
-58.7468
-61.9295
-64.8558
-67.5008
-69.8547
-71.9196
-73.7047
-75.2239
-76.492
-77.5239
-78.3327
-78.9295
-79.3226
-79.5177
-54.8863
-58.114
-61.1595
-63.9849
-66.5644
-68.8841
-70.9396
-72.7334
-74.2725
-75.5666
-76.6258
-77.4599
-78.0774
-78.4853
-78.688
-54.5546
-57.6625
-60.6088
-63.3587
-65.8868
-68.1767
-70.2202
-72.0155
-73.5652
-74.8749
-75.9515
-76.8023
-77.4339
-77.8518
-78.0597
-54.3405
-57.3716
-60.2536
-62.9535
-65.4463
-67.7146
-69.7481
-71.5421
-73.0968
-74.4151
-75.5019
-76.3628
-77.003
-77.427
-77.6382
-54.2355
-57.2291
-60.0793
-62.7544
-65.2294
-67.4864
-69.5142
-71.3069
-72.8635
-74.1856
-75.2771
-76.1427
-76.7869
-77.2139
-77.4267
)
;

boundaryField
{
    hot
    {
        type            calculated;
        value           nonuniform List<scalar> 
120
(
16.7135
16.7632
16.8626
17.0118
17.2107
17.4591
17.7569
18.1035
18.4983
18.9402
19.4281
19.9605
20.5361
21.1535
21.8119
22.4526
23.0631
23.7019
24.3694
25.0656
25.7905
26.5435
27.3236
28.129
28.9575
29.8061
30.6716
31.5503
32.4385
33.3323
34.2277
35.1208
36.008
36.8856
37.7504
38.5994
39.4301
40.2402
41.0279
41.792
42.5314
43.2456
43.934
44.5967
45.2336
45.8448
46.4303
46.9903
47.5248
48.034
48.5177
48.9759
49.4082
49.8145
50.1945
50.5477
50.8739
51.1726
51.4432
51.6855
51.8987
52.0825
52.2362
52.3595
52.4517
52.5127
52.5421
52.5398
52.5058
52.4403
52.3437
52.2165
52.0595
51.8734
51.6595
51.419
51.1532
50.8638
50.5524
50.2208
49.8707
49.5041
49.1227
48.7283
48.3224
47.9068
47.4828
47.0517
46.6147
46.1726
45.7259
45.2748
44.8191
44.3582
43.8908
43.4155
42.9303
42.4327
41.9205
41.3914
40.8437
40.2762
39.6889
39.0828
38.4604
37.7615
36.9883
36.2143
35.4509
34.7098
34.0027
33.34
32.7311
32.184
31.7051
31.2994
30.9709
30.7223
30.5556
30.472
)
;
    }
    cold
    {
        type            calculated;
        value           nonuniform List<scalar> 
120
(
-81.6662
-81.9012
-82.3693
-83.0665
-83.9863
-85.1195
-86.4536
-87.9719
-89.6537
-91.4734
-93.4008
-95.4017
-97.4387
-99.4729
-101.466
-103.223
-104.748
-106.186
-107.526
-108.761
-109.888
-110.906
-111.817
-112.627
-113.341
-113.967
-114.513
-114.986
-115.394
-115.746
-116.048
-116.306
-116.527
-116.716
-116.877
-117.014
-117.132
-117.232
-117.319
-117.394
-117.46
-117.518
-117.571
-117.619
-117.663
-117.706
-117.748
-117.79
-117.834
-117.879
-117.928
-117.98
-118.037
-118.098
-118.165
-118.237
-118.314
-118.395
-118.479
-118.565
-118.651
-118.733
-118.809
-118.875
-118.928
-118.965
-118.982
-118.976
-118.944
-118.885
-118.797
-118.678
-118.529
-118.35
-118.14
-117.901
-117.632
-117.335
-117.012
-116.663
-116.29
-115.893
-115.473
-115.031
-114.568
-114.083
-113.576
-113.046
-112.491
-111.911
-111.301
-110.66
-109.982
-109.264
-108.499
-107.682
-106.807
-105.867
-104.857
-103.772
-102.609
-101.367
-100.047
-98.656
-97.2011
-95.5434
-93.6828
-91.7997
-89.9263
-88.0955
-86.3392
-84.6866
-83.1633
-81.791
-80.5874
-79.5664
-78.7385
-78.1116
-77.6909
-77.4798
)
;
    }
    interface_left
    {
        type            calculated;
        value           nonuniform List<scalar> 
90
(
40.0911
29.3874
24.1782
20.5965
17.1557
12.7794
5.67119
-8.91474
-46.118
94.2309
56.5345
40.7995
31.4155
22.3459
7.9423
-25.5484
95.4764
61.8933
47.1856
37.1751
24.7473
-1.43663
89.9467
64.433
53.6719
47.3689
41.6501
33.1813
14.2185
81.5863
62.86
54.9206
50.1818
45.7252
38.8758
23.1955
79.877
64.4179
58.0655
54.5357
51.5626
47.4187
38.372
70.3844
61.5579
57.8927
55.7513
53.6053
49.6088
63.2968
59.7058
58.5134
58.3082
58.8394
60.5599
65.3888
47.1427
52.3323
54.872
56.9601
59.7952
65.3075
79.1626
27.3568
41.4383
47.463
51.2663
55.231
61.8774
77.6889
19.8928
35.7638
42.5442
46.7596
51.0439
58.1144
74.8965
12.9137
29.4922
36.0763
39.3616
41.4342
43.0459
44.5392
46.1429
48.1063
50.8434
55.2687
63.8364
84.1481
)
;
    }
    interface_right
    {
        type            calculated;
        value           nonuniform List<scalar> 
90
(
-236.891
-179.575
-155.694
-143.707
-136.691
-132.116
-128.913
-126.563
-124.785
-123.407
-122.323
-121.458
-120.761
-120.196
-119.733
-119.354
-119.04
-118.78
-118.564
-118.384
-118.233
-118.105
-117.997
-117.905
-117.826
-117.757
-117.696
-117.641
-117.59
-117.542
-117.494
-117.446
-117.395
-117.339
-117.276
-117.203
-117.115
-117.008
-116.874
-116.701
-116.472
-116.16
-115.712
-115.031
-113.9
-111.769
-107.065
-94.7095
-134.855
-137.823
-130.34
-127.494
-126.471
-126.544
-127.985
-132.632
-114.264
-119.368
-121.849
-123.898
-126.707
-132.205
-146.055
-94.2534
-108.347
-114.392
-118.225
-122.228
-128.924
-144.797
-87.0776
-103.042
-109.936
-114.29
-118.743
-126.019
-143.052
-81.3773
-98.3362
-105.393
-109.272
-112.099
-114.686
-117.469
-120.832
-125.31
-131.907
-142.937
-164.682
-216.665
)
;
    }
    interface_top
    {
        type            calculated;
        value           nonuniform List<scalar> 
90
(
28.2453
11.1752
5.53182
3.33785
2.31487
1.75143
1.39826
1.15558
0.977778
0.841357
0.733031
0.644706
0.571161
0.508877
0.455394
0.408937
0.368194
0.33217
0.300098
0.271374
0.245513
0.222121
0.200874
0.181499
0.163767
0.147479
0.132464
0.118572
0.10567
0.0936391
0.0823708
0.0717678
0.0617401
0.0522043
0.0430824
0.0343008
0.0257897
0.0174817
0.00931188
0.00121656
-0.00686696
-0.0150011
-0.0232485
-0.0316727
-0.0403382
-0.0493118
-0.0586624
-0.0684621
-0.0787863
-0.0897151
-0.101333
-0.113731
-0.127007
-0.141264
-0.156617
-0.173188
-0.191112
-0.210537
-0.231623
-0.254551
-0.279519
-0.306748
-0.336487
-0.369017
-0.404655
-0.443767
-0.486773
-0.534161
-0.586506
-0.644489
-0.708932
-0.780829
-0.861412
-0.952221
-1.05522
-1.17294
-1.30875
-1.4672
-1.65461
-1.88
-2.15678
-2.50576
-2.96109
-3.58316
-4.48931
-5.93616
-8.56502
-14.2063
-28.7224
-72.6389
)
;
    }
    interface_bottom
    {
        type            calculated;
        value           nonuniform List<scalar> 
90
(
13.7045
5.47842
2.75593
1.69602
1.20139
0.929295
0.759564
0.644067
0.560785
0.498401
0.450537
0.413348
0.384409
0.362151
0.345563
0.334029
0.327237
0.325147
0.327998
0.336363
0.351262
0.374397
0.408567
0.458523
0.532741
0.647547
0.837662
1.1862
1.91865
3.72278
8.90934
25.8326
25.878
9.0506
3.97593
2.31623
1.78993
1.76955
2.1726
3.30347
6.30949
15.1474
44.1758
44.1675
15.1212
6.26135
3.22434
2.04365
1.549
1.37575
1.42951
1.76628
2.6721
5.09127
12.2392
35.769
35.7348
12.1352
4.91327
2.41205
1.41035
0.953939
0.737534
0.662887
0.719185
0.974036
1.66173
3.52792
9.09905
27.5253
27.443
8.85073
3.10893
1.06399
0.185466
-0.277184
-0.56417
-0.749649
-0.826553
-0.681604
0.091716
2.91258
12.9741
12.277
0.692198
-4.13007
-8.1243
-14.7385
-30.8133
-78.9397
)
;
    }
    defaultFaces
    {
        type            empty;
    }
}


// ************************************************************************* //
