/*--------------------------------*- C++ -*----------------------------------*\
| =========                 |                                                 |
| \\      /  F ield         | OpenFOAM: The Open Source CFD Toolbox           |
|  \\    /   O peration     | Version:  5.x                                   |
|   \\  /    A nd           | Web:      www.OpenFOAM.org                      |
|    \\/     M anipulation  |                                                 |
\*---------------------------------------------------------------------------*/
FoamFile
{
    version     2.0;
    format      ascii;
    class       volScalarField;
    location    "0.8";
    object      gradTx;
}
// * * * * * * * * * * * * * * * * * * * * * * * * * * * * * * * * * * * * * //

dimensions      [0 -1 0 1 0 0 0];

internalField   nonuniform List<scalar> 
6300
(
19993.2
19937
19824.5
19655
19427.8
19142
18797
18392.2
17927.8
17404.6
16824.6
16191.1
15509.3
14785.8
14029
20047.5
19991.6
19879.7
19710.9
19484.5
19199.5
18855
18450.2
17985
17459.8
16876.4
16238.1
15549.6
14817.7
14051.2
20155.8
20100.6
19989.8
19822.7
19598.1
19314.9
18971.6
18567
18100.4
17571.6
16981.8
16333.7
15631.8
14883.1
14096.7
20317.4
20263.3
20154.5
19990.1
19768.7
19488.6
19147.7
18744.3
18276.4
17742.9
17144
16481.5
15759.4
14984.7
14167.4
20531.4
20478.8
20372.9
20212.6
19996.2
19721.1
19384.8
18984.2
18516.2
17978.1
17368.4
16687.3
15938.1
15127.5
14266.7
20796.2
20745.7
20644
20489.6
20280.3
20013.2
19684.5
19289.8
18824.3
18283.2
17662.5
16959.9
16176.8
15319.3
14399.8
21109.5
21061.9
20965.8
20819.6
20620.6
20365.1
20048.4
19664.5
19206.4
18666.4
18036.7
17311.5
16488.3
15571.6
14575
21468.6
21424.7
21335.9
21200.5
21015.4
20776.3
20477.6
20111.6
19668.7
19137.4
18505
17759.4
16891.8
15902.3
14805
21869.7
21830.4
21750.8
21629.1
21462.2
21245.4
20972.3
20633.7
20217.5
19707.7
19085
18327.5
17415.7
16339.5
15110.2
22308.2
22274.3
22205.8
22101
21956.8
21768.9
21530.5
21231.6
20858
20389.3
19797.8
19048.5
18102.4
16928.5
15525.4
22778.5
22750.9
22695.3
22610.2
22493.3
22341
22147.1
21902.4
21591.8
21191.9
20666.8
19964.4
19015.4
17745.2
16113
23274.2
23253.6
23212.1
23149.1
23063.2
22952.4
22812.7
22637
22412.9
22117.7
21711.4
21125.2
20247.7
18922.2
16996.4
23788.5
23775.1
23748.4
23708.6
23656
23590.7
23512.1
23418.2
23303
23152.5
22933.9
22575.5
21926.2
20697.7
18449.1
24314.1
24307.7
24295.6
24278.9
24259.4
24240.1
24224.8
24218.4
24226.5
24253.3
24294.3
24314.4
24182.1
23491.5
21171.3
24843.8
24844
24845.2
24849.6
24860.5
24883.4
24926.4
25001.9
25129.2
25337.8
25673.5
26203.3
26994.3
27912.7
27290.6
13315.1
12655.3
11992.3
11332.4
10681.9
10046.1
9430.05
8837.82
8272.76
7737.39
7233.49
6762.14
6323.86
5918.62
5546.01
5205.28
4895.39
4615.14
4363.12
4137.83
3937.63
3760.79
3605.5
3469.85
3351.87
3249.53
3160.73
3083.39
3015.43
2954.87
2899.86
2848.72
2799.99
2752.43
2705
2656.87
2607.32
2555.72
2501.5
2444.13
2383.08
2317.91
2248.22
2173.76
2094.36
2009.97
1920.63
1826.4
1727.33
1623.37
1514.39
1400.08
1280.01
1153.62
1020.26
879.228
729.805
571.264
402.887
223.939
33.6426
-168.864
-384.569
-614.618
-860.333
-1123.21
-1404.93
-1707.26
-2032.11
-2381.39
-2757.02
-3160.86
-3594.71
-4060.23
-4558.96
-5092.25
-5661.26
-6266.86
-6909.56
-7589.39
-8305.81
-9057.51
-9842.35
-10657.2
-11497.8
-12359
-13234.5
-14117.3
-14999.5
-15873.1
13327.6
12658.6
11986.6
11318.1
10659.6
10016.8
9394.87
8797.91
8229.26
7691.38
7185.95
6713.93
6275.69
5871.1
5499.61
5160.36
4852.27
4574.04
4324.24
4101.31
3903.61
3729.41
3576.86
3444.08
3329.05
3229.71
3143.94
3069.57
3004.48
2946.6
2894.01
2844.98
2798.04
2751.96
2705.76
2658.66
2610.01
2559.24
2505.81
2449.17
2388.79
2324.17
2254.88
2180.65
2101.32
2016.9
1927.47
1833.19
1734.17
1630.45
1521.9
1408.23
1288.97
1163.53
1031.2
891.221
742.852
585.363
418.057
240.246
51.2109
-149.854
-363.889
-592.013
-835.543
-1096
-1375.1
-1674.7
-1996.74
-2343.23
-2716.13
-3117.38
-3548.78
-4012.05
-4508.76
-5040.35
-5608.05
-6212.86
-6855.44
-7536.02
-8254.23
-9008.98
-9798.25
-10619
-11467.1
-12337.3
-13222.9
-14116.7
-15010.5
-15895.7
13353.2
12665.4
11974.6
11288.4
10613.7
9956.7
9322.86
8716.44
8140.71
7597.97
7089.66
6616.48
6178.52
5775.37
5406.25
5070.12
4765.7
4491.58
4246.24
4028.08
3835.41
3666.48
3519.45
3392.41
3283.32
3190.06
3110.42
3042.12
2982.86
2930.43
2882.74
2837.97
2794.58
2751.4
2707.55
2662.41
2615.49
2566.34
2514.48
2459.36
2400.37
2336.9
2268.45
2194.67
2115.43
2030.82
1941.1
1846.61
1747.63
1644.32
1536.63
1424.27
1306.71
1183.24
1053.03
915.205
768.952
613.532
448.303
272.683
86.0851
-112.165
-322.9
-547.176
-786.305
-1041.86
-1315.65
-1609.66
-1926
-2266.82
-2634.2
-3030.18
-3456.63
-3915.34
-4407.95
-4935.99
-5500.9
-6103.9
-6745.99
-7427.78
-8149.31
-8909.9
-9707.91
-10540.6
-11403.7
-12292
-13198.4
-14115
-15032.6
-15941.8
13392.6
12675.2
11955.1
11241.1
10541.2
9862.39
9210.52
8589.97
8003.89
7454.27
6942.13
6467.72
6030.65
5630.1
5264.92
4933.73
4635.05
4367.26
4128.72
3917.76
3732.66
3571.67
3432.94
3314.56
3214.48
3130.5
3060.29
3001.35
2951.14
2907.14
2867
2828.67
2790.55
2751.53
2710.95
2668.47
2623.92
2577.09
2527.6
2474.88
2418.15
2356.59
2289.47
2216.32
2137.04
2051.89
1961.42
1866.3
1767.13
1664.32
1557.92
1447.65
1332.83
1212.54
1085.7
951.232
808.167
655.755
493.457
320.892
137.717
-56.4969
-262.392
-480.911
-713.352
-961.374
-1226.96
-1512.33
-1819.86
-2151.93
-2510.87
-2898.81
-3317.73
-3769.45
-4255.69
-4778.11
-5338.38
-5938.1
-6578.77
-7261.61
-7987.39
-8756.12
-9566.81
-10417.1
-11303.2
-12219.4
-13158.1
-14110.3
-15065.6
-16012.4
13447.4
12687.6
11925.7
11172.4
10437.3
9728.44
9052.22
8413.06
7813.81
7255.89
6739.64
6264.58
5829.64
5433.38
5074.14
4750.11
4459.47
4200.4
3971.11
3769.84
3594.86
3444.45
3316.8
3210.05
3122.15
3050.84
2993.62
2947.72
2910.19
2878.02
2848.37
2818.81
2787.56
2753.65
2716.8
2677.25
2635.37
2591.4
2545.14
2495.92
2442.65
2384.04
2318.92
2246.57
2166.88
2080.42
1988.25
1891.62
1791.71
1689.29
1584.64
1477.41
1366.68
1251.14
1129.25
999.528
860.752
712.137
553.338
384.334
205.22
15.9831
-183.693
-394.566
-617.911
-855.523
-1109.67
-1382.96
-1678.2
-1998.19
-2345.54
-2722.58
-3131.31
-3573.52
-4050.93
-4565.3
-5118.55
-5712.79
-6350.22
-7032.97
-7762.89
-8541.12
-9367.75
-10241.3
-11158.3
-12113.1
-13097.3
-14100.2
-15109.1
-16110
13519.8
12702
11882.9
11076.5
10294.5
9546.67
8839.7
8177.93
7563.48
6996.82
6477.2
6003.07
5572.38
5182.87
4832.17
4517.96
4238.03
3990.28
3772.78
3583.71
3421.37
3284.11
3170.27
3078.09
3005.63
2950.6
2910.36
2881.75
2861.24
2845
2829.34
2811.09
2788.14
2759.72
2726.28
2689.1
2649.59
2608.74
2566.69
2522.54
2474.58
2420.61
2358.57
2287.16
2206.26
2116.96
2021.27
1921.48
1819.69
1717.32
1614.92
1512.03
1407.32
1298.74
1183.97
1060.75
927.408
783.102
627.849
462.285
287.266
103.481
-88.8631
-290.237
-501.878
-725.8
-964.715
-1221.86
-1500.75
-1804.86
-2137.25
-2500.45
-2896.38
-3326.59
-3792.58
-4296.08
-4839.25
-5424.78
-6055.81
-6735.79
-7468.11
-8255.66
-9100.26
-10001.9
-10958.2
-11963.3
-13008.2
-14080
-15162.7
-16238.1
13613.3
12716.9
11821
10944.2
10101.8
9305.14
8561.33
7873.92
7243.67
6669.38
6148.67
5678.43
5255.32
4875.97
4537.2
4236.05
3969.85
3736.24
3533.15
3358.75
3211.43
3089.74
2992.24
2917.47
2863.7
2828.81
2810.05
2803.86
2805.84
2810.9
2813.76
2809.86
2796.33
2772.74
2740.9
2704.04
2665.48
2627.58
2590.98
2554.41
2514.93
2468.56
2411.46
2341.18
2257.48
2162.51
2059.98
1954.03
1848.31
1745.23
1645.73
1549.14
1453.35
1355.14
1250.7
1136.43
1009.75
869.741
717.138
553.793
381.897
203.283
18.965
-171.105
-368.123
-574.434
-793.431
-1029.35
-1286.89
-1570.62
-1884.42
-2230.98
-2611.83
-3027.84
-3479.88
-3969.34
-4498.5
-5070.74
-5690.39
-6362.64
-7093.11
-7887.31
-8749.78
-9683.06
-10686.5
-11755.2
-12879.2
-14042.8
-15225.2
-16401.9
13733.1
12730
11730.7
10761.4
9842.32
8986.65
8200.98
7486.92
6842.62
6264.24
5746.89
5285.4
4874.73
4510.2
4187.64
3903.41
3654.37
3437.92
3251.87
3094.48
2964.31
2860.22
2781.22
2726.31
2694.32
2683.53
2691.37
2713.95
2745.76
2779.68
2807.65
2822.21
2818.77
2797.35
2762.49
2721.15
2680.17
2644.26
2614.95
2590.25
2564.93
2531.69
2483.12
2414.26
2324.71
2218.74
2103.38
1986.07
1872.92
1767.82
1672.17
1584.92
1502.73
1420.37
1331.47
1229.84
1111.17
974.42
821.813
657.551
486.153
311.267
135.061
-41.9599
-220.963
-404.753
-597.715
-805.628
-1035.17
-1292.97
-1584.26
-1911.91
-2276.39
-2676.96
-3112.99
-3585.05
-4095.35
-4647.95
-5248.71
-5905.07
-6625.71
-7419.92
-8296.52
-9262.25
-10319.9
-11466.6
-12692
-13977.3
-15294.8
-16609.6
13887.5
12736.3
11596
10505.2
9490.69
8566.51
7736.75
6998.73
6346.04
5770.64
5264.17
4818.73
4427.26
4083.59
3782.52
3519.71
3291.64
3095.48
2929.05
2790.71
2679.37
2594.32
2535.23
2501.91
2494.14
2511.18
2551.21
2610.48
2682.37
2756.77
2820.57
2860.23
2866.81
2841.04
2793.13
2737.49
2687.28
2651.17
2632.05
2626.69
2626.07
2616.66
2583.74
2516.88
2415.35
2288.26
2149.37
2011.9
1885.73
1776.6
1686.35
1613.25
1552.19
1494.85
1430.43
1347.66
1238.52
1101.82
943.181
771.508
595.373
421.106
252.303
90.0294
-66.9019
-221.839
-380.421
-550.691
-742.695
-966.955
-1231.62
-1539.63
-1888.8
-2274.75
-2693.96
-3145.36
-3630.9
-4155.42
-4726.51
-5354.39
-6051.75
-6833.24
-7714.18
-8708.21
-9824.2
-11063.4
-12417.2
-13864
-15366.8
-16873.8
14089.6
12725.9
11388.9
10138.3
9008.07
8009.64
7139.66
6386.98
5737.55
5177.2
4693.03
4273.91
3910.52
3595.25
3321.93
3085.68
2882.66
2709.96
2565.48
2447.83
2356.3
2290.81
2251.87
2240.51
2257.99
2305.48
2383.1
2488.58
2615.1
2748.88
2867.99
2945.59
2961.18
2916.34
2834.63
2745.75
2673.82
2633.36
2629.06
2656.05
2699.58
2735.23
2732.98
2669.15
2542.55
2374.54
2193.09
2021.27
1873.8
1758.01
1675.65
1624.06
1596.13
1579.39
1555.64
1503.3
1405.44
1260.67
1083.21
891.801
701.835
523.022
360.106
214.301
84.2801
-33.6667
-146.275
-264.418
-403.71
-582.678
-816.455
-1107.97
-1448.06
-1824.46
-2228.31
-2656.26
-3110.01
-3595.45
-4122.11
-4703.2
-5356.13
-6102.72
-6968.27
-7977.79
-9150.12
-10494.3
-12007.5
-13669
-15431.1
-17214.6
14361.7
12676
11056.4
9597.15
8334.83
7267.13
6373.09
5626.05
5000.31
4473.63
4027.83
3648.44
3324.15
3046.15
2807.66
2603.49
2429.74
2283.56
2163.04
2067.11
1995.51
1948.84
1928.62
1937.33
1978.44
2056.16
2174.65
2336.15
2537.12
2761.85
2974.92
3119.95
3142.28
3044.43
2886.19
2729.32
2614.78
2563.23
2580.74
2661.32
2784.19
2908.08
2970.61
2911.55
2729.11
2479.92
2222.71
1995.34
1816.08
1691.1
1620.46
1600.64
1623.76
1673.88
1721.83
1724.35
1639.73
1466.48
1243.21
1009.91
792.156
601.986
443.225
315.819
218.06
146.813
95.8477
52.3239
-7.56518
-119.434
-318.079
-606.278
-954.923
-1334.46
-1727.79
-2129.76
-2543.2
-2975.81
-3438.95
-3948.17
-4525.13
-5200.38
-6014.43
-7012.21
-8227.76
-9680.82
-11383.2
-13327.9
-15463.1
-17665.4
14744.5
12529.8
10491.8
8771.63
7380.61
6273.87
5394.17
4689.9
4119.94
3653.19
3266.62
2943.31
2670.8
2439.88
2243.72
2077.27
1936.89
1820
1725
1651.15
1598.62
1568.61
1563.51
1587.32
1645.99
1747.93
1904.07
2126.67
2424.69
2791.36
3179.53
3470.7
3496.15
3259.19
2935.51
2651.68
2464.77
2393.38
2441.37
2605.39
2867.07
3168.98
3383.01
3331.3
3011.5
2596.61
2209.13
1899.94
1679.99
1545.75
1491.91
1515.21
1612.37
1771.3
1953.25
2070.68
2001.49
1744.13
1417.5
1105.54
842.667
635.645
481.135
374.602
313.632
298.065
327.235
392.616
463.42
468.764
309.277
-17.4964
-417.224
-824.478
-1214.66
-1586.57
-1948.57
-2311.95
-2689.16
-3095.22
-3552.22
-4097.73
-4795.47
-5732.47
-6962.65
-8507.47
-10408.8
-12711.3
-15397.2
-18285.3
15319.5
12128
9468.74
7471.29
6016.29
4953.12
4162.17
3559.95
3090.59
2716.94
2414.01
2164.76
1957.33
1783.32
1636.76
1513.34
1410.03
1324.77
1256.34
1204.33
1169.18
1152.34
1156.65
1186.95
1251.09
1361.5
1537.59
1808.41
2213.14
2789.66
3523.52
4203.76
4227.57
3598.52
2927.14
2434.23
2148.15
2051.41
2134.66
2408.55
2891.72
3556.08
4177.75
4136.75
3430.52
2673.53
2082.57
1675.86
1420.27
1284.48
1252.14
1323.27
1511.84
1835.36
2277.38
2685.53
2633.99
2121.36
1570.52
1130.34
812.665
593.618
449.904
367.73
343.784
384.859
506.437
725.054
1028.61
1294.26
1177.48
676.332
131.34
-339.023
-727.734
-1057.52
-1351.8
-1627.97
-1897.59
-2168.68
-2451.55
-2775.55
-3231.58
-4030.05
-5243.85
-6819.93
-8855.95
-11541.4
-15038.9
-19188.6
16265.2
10958.5
7491.8
5389.25
4087.21
3239.94
2658.01
2238.35
1923.16
1678.59
1483.89
1325.8
1195.53
1087.09
996.327
920.317
857.039
805.157
763.922
733.144
713.256
705.492
712.247
737.758
789.421
880.357
1034.55
1297.15
1754
2561.14
3944.41
5881.65
5898.73
3998.48
2661.47
1918.74
1558.66
1450.06
1553.19
1910.11
2655.18
4004.26
5926.31
5899.68
3922.28
2511.08
1690.5
1233.96
987.908
874.116
863.22
962.055
1216.84
1728.58
2650.05
3962.04
3930.15
2553.4
1564.03
978.598
640.552
443.043
330.005
276.965
280.269
355.686
545.847
935.099
1648.28
2670.33
2599.06
1433.21
572.418
28.8766
-325.597
-579.52
-780.987
-953.296
-1103.74
-1225
-1291.47
-1263.04
-1174.36
-1729.27
-3002.95
-4469.48
-6367.04
-9201.25
-13739.7
-20615.7
17988.2
7138.43
3549.86
2153.98
1502.89
1144.37
919.926
766.102
653.869
568.291
500.928
446.651
402.175
365.309
334.555
308.876
287.56
270.144
256.375
246.202
239.807
237.678
240.77
250.836
271.127
308.04
375.322
506.061
790.26
1502.73
3567.23
10324
10330.3
3587.02
1539.77
852.045
606.898
543.676
606.089
852.544
1548.6
3626.93
10480.4
10471.1
3598.29
1497.86
774.045
488.812
364.989
315.486
316.197
376.171
551.711
1031.58
2460.09
7173.29
7162.49
2427.32
975.684
470.522
265.996
170.78
123.672
105.035
112.878
161.242
298.51
678.594
1822.99
5620.53
5596.57
1750.67
556.587
124.511
-68.2311
-177.009
-252.1
-310.032
-351.835
-360.126
-267.971
162.762
1809.63
1606.57
-484.114
-1498
-2528.81
-4406.22
-9073.25
-23100.8
-16813.4
-17805.2
-18748.4
-19632.8
-20450.3
-21195.3
-21864.2
-22455.2
-22968.1
-23403.6
-23763
-24047.9
-24259.9
-24400.4
-24470.4
-16848.2
-17852.1
-18805.5
-19697.8
-20521
-21269.5
-21940
-22531.3
-23043.4
-23477.5
-23835.3
-24118.5
-24329.2
-24468.6
-24538.1
-16919.3
-17947.9
-18922
-19830.2
-20664.5
-21419.6
-22093.1
-22684.4
-23194.6
-23625.7
-23979.9
-24259.7
-24467.3
-24604.7
-24673
-17029.5
-18096.7
-19102.5
-20034.7
-20885.1
-21649.4
-22326.2
-22916.6
-23422.9
-23848.5
-24196.6
-24470.7
-24673.6
-24807.5
-24874.1
-17183.5
-18305.1
-19354.9
-20319.1
-21190
-21964.6
-22643.7
-23230.6
-23729.8
-24146.3
-24485.2
-24750.7
-24946.5
-25075.4
-25139.4
-17388.7
-18583.7
-19690.9
-20695
-21589.3
-22373.3
-23051.4
-23630.1
-24117.1
-24519.7
-24844.8
-25098
-25283.9
-25406
-25466.4
-17656.6
-18948.5
-20128.2
-21179
-22096.7
-22886
-23556.3
-24119.3
-24586.5
-24968.4
-25273.9
-25510.3
-25682.9
-25795.8
-25851.6
-18005.2
-19423.9
-20692.4
-21794
-22730.6
-23515.4
-24166.4
-24702
-25138.9
-25491.1
-25769.9
-25983.8
-26139.1
-26240.3
-26290.2
-18462.8
-20047.8
-21421.7
-22572
-23514.2
-24276.5
-24889.6
-25381.2
-25773.7
-26085
-26328.4
-26513.5
-26647.1
-26733.7
-26776.4
-19077
-20881
-22372.4
-23556
-24475.5
-25184.6
-25732.1
-26156.8
-26487.3
-26744.5
-26942.8
-27092.3
-27199.4
-27268.7
-27302.7
-19932.8
-22024.9
-23628.9
-24801.9
-25644.9
-26252
-26695.1
-27024
-27271.8
-27460.4
-27603.7
-27710.8
-27787.1
-27836.3
-27860.4
-21194.8
-23654.9
-25314.1
-26375.6
-27047.9
-27481.1
-27769.7
-27969.6
-28113.1
-28219.1
-28298.4
-28357.4
-28399.4
-28426.5
-28439.8
-23223.2
-26083.4
-27594.9
-28335.8
-28687.5
-28852.4
-28930.5
-28968.9
-28989.3
-29001.8
-29011
-29018.2
-29023.9
-29027.8
-29029.8
-26930.9
-29858.2
-30643.8
-30682.6
-30510.9
-30308.1
-30128.5
-29983.3
-29870.6
-29785.5
-29722.8
-29678
-29647.4
-29628.3
-29619.2
-35076.7
-35771.8
-34436.7
-33237.3
-32362.2
-31738.2
-31289.2
-30962.1
-30721.4
-30544
-30414.1
-30320.8
-30256.5
-30216.1
-30196.6
25327.2
25332.5
25344.1
25364.7
25398.5
25452.6
25537.6
25670.7
25880
26213.1
26757.9
27693.2
29453.3
33375.2
44757.5
25761.5
25770.5
25789.8
25822.1
25872
25946.9
26058.3
26224.4
26474.9
26860.3
27470.6
28473.2
30185.9
33158
37689.7
26187.9
26199.8
26224.9
26265.6
26326.5
26414.3
26539.4
26717.7
26974.4
27349.6
27909.3
28758.5
30041.9
31855.8
33792.6
26604.5
26618.4
26647.3
26693.5
26760.6
26854.1
26981.9
27155.1
27389.8
27709
28145.4
28740.3
29527.6
30466.4
31264.2
27009.7
27024.9
27056.2
27105.2
27174.8
27268.5
27391.1
27548
27744.8
27985.4
28269.7
28586.6
28906.3
29173
29313.9
27402.6
27418.5
27450.9
27501
27570.4
27661.2
27774.9
27911.6
28067.4
28229.9
28369.6
28429.3
28319.9
27965.3
27485.5
27782.8
27799
27831.7
27881.6
27949.6
28036.2
28140.9
28260.1
28383.7
28488.3
28523.4
28387.8
27901.9
26842.8
25348.2
28150
28166.2
28198.7
28247.9
28314.1
28397
28495.2
28603.7
28711.4
28793.3
28794
28587.6
27880.3
26021.2
22197.4
28504.3
28520.3
28552.4
28600.7
28665.2
28745.6
28840.4
28946.1
29055.2
29152.8
29206.7
29133.7
28656.7
26562.5
16415.7
28845.6
28861.4
28892.9
28940.3
29003.5
29082.4
29176.3
29284.2
29405.1
29541
29705.5
29958.4
30554.6
32694.1
42816.7
29174.2
29189.7
29220.7
29267.2
29329.2
29407
29500.7
29611.4
29742.8
29907.4
30141.1
30543.1
31378.7
33280
37069.1
29490.2
29505.4
29535.8
29581.3
29642.2
29718.7
29811.5
29922.3
30055.6
30224.1
30457.8
30824.7
31460.7
32552.8
33979
29793.8
29808.7
29838.4
29883
29942.6
30017.4
30108
30215.5
30342.1
30493.7
30680.1
30917.6
31224.1
31591.5
31905.8
30085.2
30099.8
30128.8
30172.4
30230.5
30303.3
30390.9
30493.3
30609.6
30737.1
30865
30960.7
30943.3
30665
30077.4
30364.7
30378.9
30407.3
30449.7
30506.3
30577
30661.7
30759.4
30867.3
30978.3
31070.2
31080.5
30841.6
29951.5
27867.7
30632.3
30646.2
30673.9
30715.3
30770.5
30839.3
30921.5
31016.3
31121.2
31230.9
31330
31371.6
31190.1
30065.2
24237.9
30888.5
30902
30929.1
30969.5
31023.2
31090.3
31170.7
31264
31369.7
31488.9
31627.7
31815.6
32191.9
33442.5
39296.1
31133.3
31146.5
31172.9
31212.3
31264.8
31330.3
31409.1
31501
31606.9
31731.5
31889.2
32126.9
32584.4
33621.3
35739.4
31367
31379.9
31405.6
31444.1
31495.3
31559.3
31636.2
31726.1
31829.4
31949
32093.1
32283.5
32572.5
33047
33681.5
31589.8
31602.4
31627.5
31665
31715
31777.5
31852.5
31939.7
32038.4
32147.7
32262.8
32369.7
32429.8
32359.6
32092.5
31801.9
31814.2
31838.7
31875.3
31924.1
31985
32058.2
32143.1
32238.2
32340.2
32436.1
32486.4
32375.4
31806.7
30346.4
32003.5
32015.5
32039.4
32075.1
32122.7
32182.2
32253.8
32337.1
32431.4
32534.8
32638.9
32713
32636.9
31871.2
27614.5
32194.7
32206.4
32229.7
32264.6
32311
32369.1
32439.1
32521.3
32616.3
32726.9
32860.5
33042.1
33375.1
34357.8
38718.5
32375.8
32387.3
32410
32444
32489.2
32545.8
32614.1
32694.4
32788.3
32901.1
33046.6
33263.8
33660
34496.6
36116.4
32547
32558.2
32580.3
32613.4
32657.4
32712.4
32778.5
32855.8
32945.2
33050.4
33180.7
33359.2
33637.1
34089.1
34668.4
32708.5
32719.3
32740.9
32773.2
32816
32869.4
32933.1
33006.6
33089.2
33180.3
33279
33383.6
33491
33591.1
33652
32860.3
32870.9
32892
32923.5
32965.3
33017.2
33078.7
33148.8
33225.1
33302.9
33371.1
33403.9
33347.9
33118
32707.4
33002.7
33013.1
33033.8
33064.6
33105.5
33156.2
33216.4
33284.6
33357.8
33430.1
33485.5
33483.8
33323.4
32768.4
31507.1
33135.8
33146
33166.3
33196.6
33236.8
33286.8
33346.4
33414.5
33489.2
33566.9
33637.5
33671.9
33570.9
32907.1
29460.5
33259.8
33269.8
33289.7
33319.5
33359.2
33408.7
33468.2
33537.5
33616.5
33706.6
33812.3
33951.9
34206.9
34976.3
38444.2
33374.7
33384.5
33404.1
33433.5
33472.6
33521.7
33581.2
33651.5
33734
33833.4
33961.4
34149.6
34483.6
35169.2
36472.3
33480.7
33490.3
33509.6
33538.5
33577
33625.5
33684.5
33754.7
33837.6
33938.2
34066.3
34244
34513.9
34930.9
35435.5
33577.8
33587.3
33606.2
33634.5
33672.3
33720
33777.9
33846.6
33927
34021.6
34134.7
34272.1
34440
34629.7
34779.3
33666.3
33675.6
33694.1
33721.8
33758.8
33805.3
33861.8
33928.1
34004.2
34090.2
34183.8
34277
34348.5
34354.2
34257.4
33746.3
33755.3
33773.3
33800.4
33836.4
33881.8
33936.6
34000.4
34072.6
34151.4
34230.9
34294.9
34300.6
34147.8
33698.6
33817.8
33826.6
33844.2
33870.4
33905.6
33949.7
34002.8
34064.6
34134.2
34209.8
34286.6
34351
34360.4
34145.1
32858.3
33881.1
33889.6
33906.7
33932.2
33966.3
34009.2
34060.9
34121.2
34189.4
34265.3
34348.7
34443.2
34574.2
34884.2
36185
33936.4
33944.6
33961.1
33985.8
34018.8
34060.5
34110.9
34169.8
34237.1
34313.3
34400.8
34507.7
34661.4
34932.9
35416.1
33983.8
33991.7
34007.5
34031.3
34063.3
34103.6
34152.7
34210.3
34276.3
34351.4
34437
34537.6
34664.5
34832.4
35013.8
34023.5
34031.1
34046.2
34069
34099.7
34138.7
34186.3
34242.6
34307.1
34380
34460.5
34547
34636.7
34720.2
34768.5
34055.9
34063
34077.3
34099
34128.2
34165.7
34211.8
34266.7
34330
34401.2
34477.4
34551.9
34611
34630.1
34588
34081.2
34087.8
34101.1
34121.4
34149
34184.6
34229
34282.5
34345.2
34416.5
34493.1
34565.4
34610.7
34580.4
34409.3
34099.7
34105.8
34117.9
34136.5
34162
34195.3
34237.5
34289.6
34352.2
34426
34509.5
34595.3
34660.5
34626.1
34143.2
34112
34117.3
34128
34144.5
34167.4
34197.8
34237.1
34286.9
34349.1
34426.6
34522
34637.1
34777.2
34981
35532.1
34118.5
34122.9
34131.9
34145.9
34165.5
34192
34227.2
34273.1
34333.2
34412.5
34518.2
34659.2
34847.1
35092.1
35376.6
34119.8
34123.2
34130.2
34141.1
34156.6
34178.1
34207.5
34247.3
34301.6
34377.9
34487.4
34646.5
34874.8
35173.3
35450.7
34116.6
34118.9
34123.6
34130.9
34141.6
34156.8
34178.4
34208.8
34252.6
34318
34419.7
34583.2
34851.1
35266.3
35749.5
34109.8
34110.8
34112.9
34116.2
34121.3
34129
34140.9
34158.8
34186.3
34230.7
34306.4
34445.1
34722.5
35309.5
36415.8
34100.2
34099.9
34099.2
34098.1
34097
34096.4
34097
34099.7
34105.9
34119.4
34147
34208.3
34376.3
34989.4
37882.1
34088.9
34087.1
34083.5
34077.9
34070.4
34060.9
34049.5
34035.7
34018.5
33996
33961.8
33895
33718.5
33083.5
30139.2
34076.7
34073.6
34067.1
34057.1
34043.1
34024.8
34001.6
33971.8
33932.5
33878.5
33796.7
33655.5
33376.6
32778.9
31632
34064.8
34060.4
34051.2
34036.8
34016.7
33990.2
33956.1
33912.1
33854.7
33778.1
33670.6
33509.2
33253.5
32853.3
32358.7
34054.1
34048.4
34036.7
34018.5
33992.9
33959
33915.4
33859.5
33788.2
33697
33579.5
33426.1
33228.2
32990.8
32772.2
34045.3
34038.6
34024.8
34003.2
33973
33932.8
33881.1
33815.5
33733.3
33632.2
33510.9
33371.6
33228
33112.3
33063.7
34039.4
34031.9
34016.4
33992.1
33958
33912.7
33854.5
33780.9
33689.6
33579.5
33452.4
33318
33205.7
33184.4
33350.8
34036.9
34028.8
34012
33985.8
33949
33899.9
33836.7
33756.6
33657
33536.7
33397
33246.9
33117.9
33123.2
33782.2
34038.2
34029.7
34012.4
33985.1
33946.6
33895.3
33828.7
33743.8
33637
33505.5
33346.9
33159.2
32934.6
32605.4
31717.2
34043.6
34035.1
34017.7
33990.3
33951.5
33899.5
33831.6
33744.1
33632.4
33491.5
33315.1
33095.6
32822.5
32474.8
32040
34053.1
34045
34028.1
34001.6
33964
33913.2
33846.4
33759.5
33646.6
33500.6
33311.6
33067.8
32761.1
32404
32082.8
34066.7
34059.1
34043.5
34018.9
33983.9
33936.4
33873.6
33791
33682.2
33538
33344.5
33082.6
32733.7
32307.6
31923.8
34083.8
34077.2
34063.4
34041.7
34010.8
33968.7
33912.9
33839.1
33740.8
33608.1
33423.5
33156.5
32758.7
32181.1
31519
34103.9
34098.5
34087.2
34069.3
34043.7
34009.1
33963.2
33902.6
33822
33713
33558.3
33320.1
32907.6
32112.3
30674.9
34126.2
34122.2
34113.8
34100.5
34081.5
34055.8
34022.1
33978.2
33921.5
33848.1
33749.9
33603.4
33321
32488.3
28852.9
34149.7
34147.3
34142.2
34134.1
34122.4
34106.7
34086.4
34061.2
34031.2
33999.3
33973.6
33980.1
34115.5
34809.5
38336.5
34173.3
34172.7
34171.2
34168.6
34164.6
34159.3
34152.8
34145.9
34140.9
34144.8
34173.5
34266.2
34520.9
35162.5
36478.6
34195.9
34197.1
34199.3
34202.4
34206.3
34211.3
34218
34227.6
34243.2
34271.8
34327.6
34438.6
34656.5
35046.2
35553.9
34216.2
34219.2
34225.2
34234.1
34245.8
34260.8
34279.7
34303.7
34335.1
34378.8
34442
34535.7
34671.6
34846.8
35001.1
34232.9
34237.8
34247.6
34262.2
34281.6
34306.2
34336.4
34373
34417.3
34470.8
34534
34602.3
34658.3
34661.1
34574.5
34244.6
34251.5
34265.1
34285.4
34312.4
34346.2
34387.2
34435.6
34491.6
34554.7
34621
34676.4
34680.8
34536.4
34107
34250.2
34258.9
34276.4
34302.4
34336.9
34379.9
34431.5
34491.5
34559.6
34635.1
34714.2
34784.7
34805.4
34608.6
33360.5
34248.1
34258.9
34280.3
34312.1
34354.1
34406.3
34468.4
34540.1
34621.2
34711.6
34812
34926.4
35079.6
35409.7
36710.9
34237.1
34249.9
34275.3
34313.1
34362.9
34424.4
34497.2
34580.8
34674.8
34779.9
34898.7
35039.9
35229.7
35535.1
36041.1
34215.8
34230.7
34260.3
34304.2
34362.1
34433.2
34517
34612.6
34719.3
34837.2
34968.4
35118.2
35298.1
35519.4
35743.3
34182.7
34199.8
34233.8
34284.2
34350.5
34431.9
34527.3
34635.3
34754.5
34884
35023.6
35174.1
35336.1
35500.5
35621.6
34136.2
34155.7
34194.3
34251.7
34327.1
34419.4
34527.2
34648.6
34781.1
34922.3
35069.7
35220.6
35371
35510.2
35604.8
34074.7
34096.7
34140.4
34205.2
34290.4
34394.7
34516.3
34652.6
34800.1
34954.8
35111.9
35265.8
35412.2
35549.5
35674.4
33996.5
34021.2
34070.2
34143.1
34239
34356.5
34493.7
34647.3
34812.7
34984.3
35154.6
35314.9
35458.3
35595.9
35851.8
33899.8
33927.2
33981.9
34063.4
34171
34303.3
34458.2
34632.1
34819.5
35013.2
35202.7
35374.1
35506.8
35558.6
35374.7
33782.5
33812.9
33873.5
33964.2
34084.4
34233
34408.1
34605.9
34820.5
35043.3
35261.9
35458.6
35609.8
35683.1
35644.9
33642.6
33676
33742.7
33842.9
33976.5
34142.9
34340.6
34566.4
34814.2
35074.9
35334.5
35573.1
35765.3
35883.4
35910.5
33478.1
33514.4
33587.2
33697
33844.4
34029.6
34252.2
34509.8
34797.3
35105.8
35420.2
35718.1
35970.5
36145
36216.9
33286.9
33325.9
33404.4
33523.5
33684.5
33889
34138
34430.9
34764.4
35131
35515.5
35893.1
36228
36476.1
36595.2
33067.2
33108.5
33192
33319.3
33492.9
33716
33991.7
34322.1
34707
35142.1
35614
36096.2
36544.2
36894.9
37078.3
32817.4
32860.4
32947.6
33081.4
33265.6
33505.1
33805.9
34173.7
34613.3
35126
35703.7
36321.4
36926.1
37428.2
37710.7
32536.3
32580.1
32669.3
32807
32998.4
33250.4
33572
33973.8
34467.4
35063.1
35764
36553.9
37377.4
38112.3
38561.2
32223.3
32266.9
32355.8
32493.9
32687.6
32945.8
33280.8
33708.6
34249
34925.7
35760.7
36761.4
37888.5
38993.1
39745.5
31878.7
31920.6
32006.5
32140.8
32330.5
32586.5
32923.8
33363.4
33934.4
34676.7
35640.6
36879.5
38413.5
40116.8
41474.1
31503.6
31542.4
31622.2
31747.6
31926.1
32169.4
32494.3
32925.4
33499.5
34272.1
35327.8
36791
38819.1
41478.9
44167.1
31100.1
31134.3
31204.8
31316.1
31475.4
31694.2
31989.5
32386.6
32925
33669.6
34730.4
36308.5
38784.3
42819.2
48748.6
30671.4
30699.6
30757.7
30849.7
30982
31164.6
31412.5
31747.9
32206.1
32845.7
33772.2
35200.9
37664.9
42841.9
57469.4
-57896.4
-43050.5
-37786.3
-35278.9
-33826.2
-32886.1
-32239
-31777.3
-31440.8
-31193.3
-31011.8
-30880.9
-30790.3
-30733.2
-30705.6
-49024
-43010.8
-38914.5
-36400.4
-34798.9
-33724
-32971.7
-32429.3
-32030.9
-31735.8
-31518.1
-31360.2
-31250.3
-31180.8
-31147.1
-44357.7
-41637.1
-38941.4
-36885.6
-35403.6
-34335.9
-33556.4
-32979.2
-32547.1
-32222.8
-31980.9
-31804
-31680.2
-31601.5
-31563.3
-41611.5
-40243.5
-38521.5
-36970.1
-35718.1
-34745.6
-33998.7
-33425.9
-32986.4
-32650.5
-32396.5
-32208.9
-32076.6
-31992.1
-31950.9
-39846
-39093.1
-37980.6
-36844.3
-35836.1
-34996.4
-34317.9
-33777.7
-33351.7
-33019.3
-32764.1
-32573.3
-32437.6
-32350.5
-32307.9
-38634.4
-38190
-37453.8
-36627.2
-35834.8
-35133.2
-34538.7
-34047.9
-33649.9
-33332.5
-33084.8
-32897.4
-32762.9
-32675.9
-32633.2
-37762.5
-37487
-36987.4
-36384
-35768.1
-35193.4
-34685.4
-34251.5
-33889.8
-33595.3
-33361.6
-33182.6
-33052.8
-32968.5
-32926.9
-37112.9
-36937.1
-36590.8
-36147.1
-35670.3
-35205.2
-34778.4
-34402.4
-34081
-33813.8
-33598.4
-33431.3
-33309.1
-33229.2
-33189.6
-36616.5
-36503.4
-36259.5
-35930.8
-35561.9
-35188.3
-34834
-34513
-34232.2
-33994.4
-33799.6
-33646.7
-33533.9
-33459.6
-33422.7
-36229.9
-36158.1
-35984.9
-35739.9
-35454.5
-35155.7
-34864.2
-34593.4
-34351.5
-34142.9
-33969.7
-33832.1
-33729.7
-33661.9
-33628.1
-35924.3
-35881
-35757.9
-35574.9
-35354.1
-35116
-34877.7
-34651.5
-34445.4
-34264.8
-34112.8
-33990.9
-33899.4
-33838.4
-33807.9
-35679.9
-35656.8
-35570.3
-35433.8
-35263.2
-35074.3
-34880.7
-34693.2
-34519.3
-34364.7
-34233
-34126.2
-34045.6
-33991.5
-33964.4
-35482.8
-35474.5
-35415.1
-35314
-35182.8
-35033.6
-34877.3
-34723
-34577.6
-34446.5
-34333.6
-34241.3
-34171
-34123.7
-34099.8
-35322.7
-35325.5
-35286.5
-35212.7
-35112.7
-34995.6
-34870.2
-34744.3
-34623.8
-34513.7
-34417.9
-34338.9
-34278.3
-34237.3
-34216.6
-35191.9
-35203.1
-35179.9
-35127.5
-35052.2
-34961.1
-34861.4
-34759.5
-34660.4
-34568.8
-34488.3
-34421.4
-34369.8
-34334.7
-34316.9
-35084.6
-35102.3
-35091.4
-35055.8
-35000.3
-34930.4
-34852
-34770.2
-34689.6
-34614.1
-34547.1
-34491
-34447.5
-34417.7
-34402.6
-34996.4
-35019.1
-35017.9
-34995.6
-34956
-34903.4
-34842.6
-34777.9
-34713
-34651.4
-34596.2
-34549.7
-34513.4
-34488.4
-34475.7
-34923.5
-34950.3
-34956.8
-34945.2
-34918.5
-34880
-34833.8
-34783.3
-34731.7
-34682.1
-34637.2
-34599.1
-34569.1
-34548.4
-34537.8
-34863.4
-34893.3
-34906
-34903
-34886.7
-34859.9
-34825.7
-34787.2
-34746.8
-34707.4
-34671.4
-34640.5
-34616
-34599.1
-34590.4
-34813.7
-34846.2
-34863.8
-34867.8
-34860
-34842.7
-34818.5
-34789.9
-34759
-34728.3
-34699.8
-34675.1
-34655.5
-34641.8
-34634.7
-34772.6
-34807.2
-34828.8
-34838.4
-34837.6
-34828.1
-34812.2
-34791.8
-34768.9
-34745.5
-34723.4
-34704.1
-34688.5
-34677.6
-34671.9
-34738.8
-34775.1
-34799.9
-34814.1
-34818.9
-34815.8
-34806.6
-34793.2
-34776.9
-34759.6
-34742.9
-34728.1
-34716.1
-34707.5
-34703.1
-34711.1
-34748.8
-34776.1
-34794
-34803.4
-34805.5
-34801.9
-34794.1
-34783.3
-34771.1
-34759
-34748
-34738.9
-34732.4
-34729
-34688.6
-34727.3
-34756.7
-34777.6
-34790.7
-34797
-34797.9
-34794.8
-34788.5
-34780.5
-34772.1
-34764.3
-34757.7
-34752.8
-34750.2
-34670.4
-34710
-34741.1
-34764.3
-34780.3
-34790
-34794.6
-34795.2
-34792.6
-34788
-34782.7
-34777.5
-34772.9
-34769.4
-34767.6
-34656.1
-34696.3
-34728.7
-34753.8
-34772.1
-34784.4
-34791.9
-34795.4
-34795.7
-34793.9
-34791.1
-34788
-34785
-34782.7
-34781.4
-34645.1
-34685.8
-34719.2
-34745.6
-34765.7
-34780.1
-34789.7
-34795.6
-34798.1
-34798.5
-34797.6
-34796.1
-34794.4
-34793
-34792.1
-34637.2
-34678.2
-34712.3
-34739.7
-34761
-34776.8
-34788.1
-34795.5
-34799.8
-34801.7
-34802.3
-34802
-34801.4
-34800.6
-34800.1
-34632.1
-34673.3
-34707.7
-34735.7
-34757.8
-34774.5
-34786.8
-34795.4
-34800.7
-34803.8
-34805.4
-34806
-34806.1
-34805.8
-34805.6
-34629.5
-34670.8
-34705.4
-34733.6
-34756
-34773.1
-34785.9
-34795.1
-34801.1
-34804.8
-34807
-34808.2
-34808.7
-34808.7
-34808.7
-34629.6
-34670.9
-34705.3
-34733.4
-34755.6
-34772.6
-34785.4
-34794.6
-34800.8
-34804.7
-34807.1
-34808.6
-34809.3
-34809.5
-34809.5
-34632.3
-34673.3
-34707.3
-34734.9
-34756.5
-34772.9
-34785.1
-34793.9
-34799.7
-34803.4
-34805.8
-34807.2
-34807.9
-34808.2
-34808.2
-34637.9
-34678.5
-34711.7
-34738.2
-34758.7
-34773.9
-34785
-34792.9
-34797.9
-34801
-34802.9
-34804
-34804.6
-34804.7
-34804.7
-34646.5
-34686.5
-34718.5
-34743.5
-34762.2
-34775.6
-34785.1
-34791.4
-34795.2
-34797.3
-34798.5
-34799.1
-34799.2
-34799.2
-34799
-34658.7
-34697.7
-34728.1
-34750.8
-34767
-34777.9
-34785
-34789.3
-34791.4
-34792.1
-34792.3
-34792.1
-34791.8
-34791.4
-34791.1
-34675
-34712.7
-34740.7
-34760.4
-34773.2
-34780.8
-34784.8
-34786.4
-34786.3
-34785.3
-34784.1
-34783
-34782
-34781.3
-34780.8
-34696.3
-34732.3
-34757
-34772.5
-34780.7
-34783.9
-34784
-34782.3
-34779.5
-34776.4
-34773.8
-34771.6
-34769.9
-34768.7
-34768
-34723.9
-34757.3
-34777.5
-34787.2
-34789.5
-34787
-34782.2
-34776.5
-34770.6
-34765.2
-34760.9
-34757.6
-34755.1
-34753.5
-34752.6
-34759.6
-34789.3
-34803
-34804.9
-34799.2
-34789.6
-34778.8
-34768.5
-34759.1
-34751.2
-34745.2
-34740.7
-34737.6
-34735.5
-34734.5
-34806
-34830.1
-34834.4
-34825.5
-34809.4
-34790.8
-34773
-34757.4
-34744.2
-34733.9
-34726.2
-34720.7
-34717
-34714.6
-34713.4
-34866.9
-34882.4
-34872.9
-34848.8
-34819
-34789.4
-34763.4
-34742.1
-34725.3
-34712.6
-34703.5
-34697.3
-34693.2
-34690.6
-34689.4
-34948.2
-34949.8
-34919.2
-34873.7
-34826.1
-34783.3
-34748.3
-34721.4
-34701.2
-34686.7
-34676.7
-34670.2
-34666
-34663.5
-34662.3
-35059.6
-35037.3
-34973.6
-34897.8
-34827.5
-34769.6
-34725.5
-34693.5
-34670.9
-34655.5
-34645.5
-34639.2
-34635.5
-34633.3
-34632.3
-35217.6
-35151.2
-35034.1
-34915.9
-34817.9
-34744.2
-34692.1
-34656.8
-34633.4
-34618.5
-34609.5
-34604.4
-34601.6
-34600.1
-34599.5
-35453
-35298
-35093.1
-34917.5
-34789
-34701.6
-34644.9
-34609.4
-34587.8
-34575.3
-34568.7
-34565.7
-34564.5
-34564.2
-34564.1
-35827.1
-35477
-35129.5
-34884.1
-34729.1
-34635.5
-34580.8
-34550.1
-34533.6
-34525.9
-34523.3
-34523.5
-34524.7
-34525.9
-34526.6
-36475.6
-35651.9
-35092.6
-34785.6
-34624.2
-34540.2
-34497.9
-34478.4
-34471.2
-34470.8
-34474
-34478.4
-34482.6
-34485.8
-34487.5
-37727.1
-35640.8
-34878.2
-34583.6
-34463
-34413.8
-34396.9
-34395.7
-34401.9
-34411.3
-34421.7
-34431.3
-34439.2
-34444.7
-34447.4
-36577.7
-34707.9
-34336.4
-34258.4
-34250
-34262.7
-34282.9
-34305.7
-34328.2
-34349.2
-34367.8
-34383.3
-34395.2
-34403.3
-34407.3
-29389.2
-32731.9
-33588.4
-33882.3
-34020.1
-34104.1
-34165
-34213.5
-34253.4
-34286.6
-34314
-34335.7
-34351.9
-34362.6
-34367.9
-31159.5
-32479.9
-33228.6
-33612.1
-33825.2
-33959.3
-34053.5
-34125
-34181.2
-34226.2
-34262
-34289.9
-34310.3
-34323.6
-34330.2
-32043.2
-32622.5
-33120
-33457.8
-33682.9
-33839.9
-33955.8
-34044.8
-34114.7
-34170.1
-34213.7
-34247.2
-34271.5
-34287.3
-34295
-32554.7
-32819.3
-33120
-33379.3
-33585.6
-33747.1
-33874.5
-33975.7
-34056.3
-34120.2
-34170.5
-34208.9
-34236.6
-34254.5
-34263.4
-32912.2
-32988.2
-33146.1
-33335.2
-33517.1
-33676
-33809.3
-33918.8
-34007.3
-34078
-34133.6
-34175.9
-34206.5
-34226.2
-34235.9
-33246.4
-33097.5
-33147.9
-33294
-33462.2
-33620.7
-33758.8
-33874.4
-33968.8
-34044.5
-34104
-34149.3
-34181.9
-34203
-34213.3
-33712.4
-33065.4
-33080.8
-33235.2
-33412.1
-33577.7
-33721.8
-33842.7
-33941.4
-34020.4
-34082.4
-34129.6
-34163.4
-34185.3
-34196
-31674
-32570.6
-32915
-33159
-33367.8
-33547.7
-33699.3
-33824.4
-33925.7
-34006.4
-34069.4
-34117.2
-34151.4
-34173.5
-34184.3
-32017.4
-32458.3
-32817.4
-33105.5
-33341.8
-33535.6
-33693.4
-33820.8
-33922.6
-34002.9
-34065.3
-34112.4
-34146.1
-34167.7
-34178.3
-32076.4
-32402.3
-32768.1
-33086.5
-33343.7
-33546.9
-33707.1
-33833.3
-33932.6
-34010.2
-34070.1
-34115.2
-34147.3
-34167.9
-34178
-31930.4
-32317.8
-32750.6
-33108.8
-33381.5
-33586.6
-33742.6
-33862.8
-33955.9
-34028.1
-34083.6
-34125.1
-34154.7
-34173.7
-34182.9
-31536.1
-32201
-32784
-33189.2
-33464.9
-33659.1
-33801.6
-33909.4
-33992.2
-34056.1
-34105.1
-34141.8
-34167.8
-34184.5
-34192.6
-30700.6
-32140.2
-32939.7
-33358.2
-33603.5
-33766
-33883.2
-33971.8
-34040.1
-34092.9
-34133.6
-34164.1
-34185.7
-34199.6
-34206.4
-28885.5
-32522.8
-33358.9
-33646.1
-33798.4
-33903.1
-33983.3
-34046.7
-34097
-34136.7
-34167.6
-34190.8
-34207.4
-34218
-34223.2
-38374.9
-34849.4
-34158.1
-34026.7
-34024.8
-34055.9
-34093.5
-34129.2
-34159.9
-34185.2
-34205.3
-34220.6
-34231.6
-34238.6
-34242
-36521.8
-35206.9
-34567.5
-34316
-34227.2
-34202.9
-34203.8
-34213.5
-34225
-34235.8
-34244.8
-34251.9
-34257
-34260.2
-34261.7
-35601.1
-35094.2
-34706.4
-34491.2
-34383.3
-34331.3
-34306.6
-34294.9
-34289.2
-34286.1
-34284.3
-34283
-34282
-34281.3
-34280.9
-35051.5
-34898
-34724.3
-34590.6
-34499.5
-34439.3
-34398.9
-34370.8
-34350.1
-34334.2
-34321.9
-34312.4
-34305.4
-34300.6
-34298.2
-34627.7
-34714.9
-34713.3
-34659.2
-34593
-34532.2
-34481.5
-34440
-34406.1
-34378.4
-34356.1
-34338.6
-34325.6
-34316.8
-34312.4
-34162.4
-34592.4
-34737.8
-34734.9
-34681.3
-34617
-34556.2
-34502.5
-34456.4
-34417.5
-34385.6
-34360.2
-34341.2
-34328.5
-34322.1
-33417.9
-34666.4
-34864
-34844.6
-34775.6
-34698.1
-34624.5
-34558.3
-34500.2
-34450.4
-34409
-34375.9
-34350.9
-34334.2
-34325.8
-36770
-35469.1
-35139.7
-34987.5
-34874.3
-34775.3
-34686.3
-34606.9
-34536.7
-34476.1
-34425.2
-34384.3
-34353.4
-34332.6
-34322.2
-36101.6
-35595.8
-35291
-35102
-34961.8
-34844.1
-34740.2
-34647.5
-34565.2
-34493.6
-34433.2
-34384.3
-34347.3
-34322.4
-34309.9
-35805
-35581.3
-35360.4
-35181.1
-35032.1
-34901.9
-34784.9
-34679.3
-34584.8
-34501.9
-34431.6
-34374.6
-34331.3
-34302.1
-34287.4
-35684.4
-35563.4
-35399.3
-35237.8
-35087.9
-34949
-34820.3
-34702
-34594.8
-34500.1
-34419.5
-34353.8
-34303.9
-34270.2
-34253.3
-35668.4
-35574
-35435
-35285
-35134.6
-34987.7
-34847.1
-34715.3
-34594.5
-34487.3
-34395.5
-34320.6
-34263.7
-34225.3
-34205.9
-35738.9
-35614.1
-35477
-35330.9
-35177.2
-35020.5
-34866.3
-34719.2
-34583.4
-34462.2
-34358.3
-34273.5
-34209
-34165.5
-34143.7
-35917.1
-35661.2
-35523.7
-35380.5
-35220.4
-35050.3
-34879
-34713.9
-34560.6
-34423.7
-34306.4
-34210.8
-34138.2
-34089.3
-34064.8
-35440.8
-35624.6
-35572.8
-35440.2
-35268.9
-35079.4
-34885.9
-34698.6
-34525
-34370.2
-34238
-34130.7
-34049.3
-33994.7
-33967.3
-35711.8
-35749.9
-35676.5
-35525.2
-35328.4
-35109.8
-34886.9
-34672.4
-34474.6
-34299.6
-34151
-34030.9
-33940.3
-33879.8
-33849.4
-35978.1
-35950.9
-35832.6
-35640.2
-35401.4
-35141.6
-34880.7
-34632.7
-34407
-34209.2
-34042.7
-33909.2
-33809
-33742.3
-33708.9
-36285.4
-36213.3
-36038.5
-35785.8
-35487.4
-35172.7
-34863.9
-34576.1
-34318.3
-34095.6
-33910.2
-33762.7
-33652.9
-33580.1
-33543.8
-36664.6
-36545.2
-36296.7
-35961.3
-35583.1
-35198
-34831
-34497
-34203.8
-33954.6
-33749.9
-33588.7
-33469.6
-33391
-33352
-37148.8
-36965
-36613.6
-36164.9
-35681.9
-35209.2
-34773.5
-34388
-34057.2
-33781.2
-33557.8
-33383.9
-33256.5
-33173
-33131.7
-37782.6
-37499.5
-36996.4
-36390.7
-35771.9
-35193.2
-34679.7
-34239.3
-33871
-33569.9
-33330
-33145.5
-33011.5
-32924.2
-32881.2
-38634.9
-38185.1
-37448.8
-36623.8
-35832.3
-35130.2
-34533.5
-34039
-33636.6
-33314.5
-33062.1
-32870.5
-32732.5
-32643.2
-32599.4
-39821.6
-39067.8
-37961
-36831.8
-35829.1
-34992.6
-34314.7
-33773.3
-33344.8
-33009.3
-32750.7
-32556.7
-32418.3
-32329.3
-32285.7
-41553.7
-40193.7
-38487.1
-36950.2
-35708.8
-34743.1
-33999.6
-33427.4
-32987.1
-32649.3
-32392.9
-32202.8
-32068.3
-31982.2
-31940.3
-44252
-41558.5
-38893.6
-36861.6
-35395.5
-34337.9
-33563.7
-32988.6
-32556.7
-32231.4
-31987.7
-31808.8
-31683.2
-31603.2
-31564.3
-48842.5
-42901.5
-38858.7
-36378.2
-34797
-33734.2
-32988.2
-32448.6
-32050.9
-31755.2
-31536
-31376.4
-31264.9
-31194.2
-31160
-57580.2
-42924.2
-37737.3
-35268.5
-33837
-32908.8
-32267.9
-31808.7
-31472.8
-31224.6
-31041.7
-30909
-30816.8
-30758.6
-30730.4
30176.9
30196.9
30238.4
30304.3
30399.3
30530.8
30709.3
30949.9
31275
31718.9
32332.8
33190.1
34359.3
35645.3
34883.6
29615.3
29625.2
29645.6
29678.2
29725.4
29790.6
29878
29992.5
30138.6
30317.5
30516.9
30682.3
30634.1
29839.8
26920.4
29042
29040.9
29038.7
29035.6
29031.6
29026.2
29017.7
29001.6
28967.5
28893.6
28732.8
28386
27652.9
26157.4
23332.2
28468
28455.8
28430.8
28392
28337.3
28263
28163.1
28026.5
27834.4
27555
27132.7
26474.3
25432.5
23802.8
21388.7
27904.3
27881.5
27834.9
27762.5
27660.7
27523.9
27343.2
27104.8
26787.1
26357.4
25766.7
24944.3
23798.4
22231
20188.6
27361.7
27329.2
27263.1
27160.5
27017.4
26826.9
26579.4
26260.5
25849.9
25319.2
24630.6
23736.2
22584.2
21132.6
19378.8
26849.8
26808.9
26725.7
26597.5
26419.6
26185.3
25885.2
25506.3
25031.1
24437.4
23698.5
22784.4
21668
20335.1
18799.1
26377
26329
26231.7
26082.3
25876.4
25607.9
25268.2
24846.5
24329
23699.5
22940
22033.2
20966.8
19739.3
18368.1
25950.5
25896.8
25788.1
25621.9
25394.3
25099.9
24731.6
24280.9
23737.4
23089.9
22327.3
21440.4
20425.2
19286.2
18040.1
25576.1
25517.9
25400.3
25221.3
24977.4
24664.1
24276
23806.5
23248.2
22593.9
21837.4
20974.5
20006
18938.9
17788.1
25258.2
25196.6
25072.4
24883.9
24628.1
24301.7
23900.3
23419.2
22853.5
22198.9
21452.3
20613
19684.3
18673.9
17595.3
25000.4
24936.3
24807.3
24611.9
24348
24012.6
23602.7
23114.9
22546.3
21894.4
21158.4
20339.7
19442.8
18475.8
17450.8
24805
24739.2
24607
24407
24137.6
23796.5
23381.4
22890.1
22320.8
21672.5
20945.8
20143.3
19270.2
18334.6
17347.4
24673.9
24607.1
24472.8
24270
23997.3
23652.8
23234.9
22741.9
22172.8
21527.6
20807.7
20016.3
19158.9
18243.6
17280.7
24608.1
24540.8
24405.5
24201.4
23927.1
23581.1
23161.9
22668.3
22099.5
21456
20739.6
19953.8
19104.3
18199
17248
22973
9089.29
4499.08
2714.59
1882.63
1424.53
1137.47
940.317
795.931
685.213
597.352
525.764
466.205
415.813
372.588
335.09
302.253
273.272
247.525
224.523
203.875
185.264
168.43
153.155
139.255
126.575
114.978
104.347
94.5805
85.5858
77.2823
69.5968
62.4635
55.8225
49.619
43.8025
38.3263
33.1469
28.2234
23.5175
18.9924
14.6132
10.3461
6.15833
2.01775
-2.10738
-6.24864
-10.4378
-14.707
-19.0889
-23.6176
-28.3278
-33.2564
-38.4418
-43.9248
-49.7491
-55.9614
-62.6123
-69.7566
-77.4544
-85.7717
-94.7815
-104.565
-115.214
-126.832
-139.535
-153.46
-168.763
-185.628
-204.274
-224.96
-248.005
-273.801
-302.836
-335.735
-373.305
-416.612
-467.1
-526.773
-598.498
-686.527
-797.457
-942.12
-1139.66
-1427.26
-1886.25
-2719.8
-4507.73
-9106.79
-23017.3
20663.4
13884.6
9456.7
6771.91
5109.43
4027.16
3282.9
2744.9
2339.26
2022.68
1768.58
1559.94
1385.38
1237.09
1109.49
998.535
901.188
815.142
738.606
670.164
608.678
553.223
503.035
457.475
416.002
378.155
343.534
311.792
282.623
255.757
230.952
207.991
186.678
166.834
148.297
130.915
114.549
99.0699
84.3554
70.2904
56.7659
43.6772
30.9234
18.4067
6.03086
-6.29875
-18.6766
-31.1975
-43.9574
-57.0545
-70.5896
-84.6674
-99.3972
-114.894
-131.28
-148.685
-167.249
-187.122
-208.468
-231.466
-256.312
-283.224
-312.443
-344.241
-378.923
-416.839
-458.387
-504.03
-554.31
-609.868
-671.468
-740.039
-816.718
-902.926
-1000.46
-1111.63
-1239.47
-1388.04
-1562.93
-1771.98
-2026.56
-2343.74
-2750.16
-3289.2
-4034.89
-5119.24
-6784.91
-9474.88
-13911.2
-20703.2
19358.6
15293.4
11903.7
9356.65
7500.4
6142.8
5131.1
4358.7
3754.19
3270.04
2874.26
2544.92
2266.65
2028.48
1822.36
1642.32
1483.79
1343.27
1217.98
1105.74
1004.76
913.562
830.944
755.88
687.502
625.065
567.923
515.511
467.332
422.944
381.951
343.998
308.764
275.954
245.301
216.555
189.488
163.886
139.546
116.281
93.9082
72.256
51.1575
30.4508
9.97708
-10.4203
-30.8973
-51.6109
-72.7197
-94.3857
-116.776
-140.063
-164.427
-190.059
-217.16
-245.944
-276.641
-309.499
-344.788
-382.802
-423.862
-468.325
-516.588
-569.091
-626.335
-688.884
-757.386
-832.587
-915.358
-1006.72
-1107.9
-1220.35
-1345.86
-1486.65
-1645.48
-1825.87
-2032.38
-2271.01
-2549.8
-2879.77
-3276.31
-3761.38
-4367.05
-5140.94
-6154.58
-7514.79
-9374.61
-11926.6
-15322.8
-19395.8
18540.7
15728.5
13136.4
10946
9172.83
7759.92
6634.39
5730.44
4995.55
4389.93
3884.08
3456.18
3090.05
2773.58
2497.58
2255
2040.36
1849.35
1678.51
1525.04
1386.67
1261.49
1147.92
1044.61
950.403
864.31
785.464
713.102
646.552
585.213
528.548
476.07
427.339
381.952
339.541
299.764
262.306
226.872
193.183
160.978
130.007
100.033
70.8243
42.1573
13.8127
-14.4263
-42.7756
-71.4519
-100.675
-130.668
-161.663
-193.897
-227.621
-263.097
-300.601
-340.431
-382.902
-428.356
-477.163
-529.725
-586.484
-647.927
-714.591
-787.08
-866.066
-952.313
-1046.69
-1150.19
-1263.97
-1389.38
-1528.01
-1681.76
-1852.93
-2044.3
-2259.34
-2502.38
-2778.91
-3095.98
-3462.81
-3891.52
-4398.34
-5005.12
-5741.43
-6647.11
-7774.79
-9190.41
-10967.1
-13161.6
-15758.7
-18576.3
17980.5
15845.8
13789.8
11934
10325.8
8962.69
7818.18
6858.37
6050.42
5365.88
4781.39
4278.26
3841.74
3460.21
3124.49
2827.3
2562.79
2326.27
2113.9
1922.52
1749.5
1592.63
1450.05
1320.15
1201.56
1093.07
993.616
902.279
818.227
740.716
669.081
602.715
541.07
483.641
429.966
379.616
332.195
287.329
244.67
203.886
164.664
126.701
89.7063
53.397
17.4954
-18.2727
-54.1802
-90.5014
-127.514
-165.501
-204.754
-245.575
-288.278
-333.195
-380.676
-431.093
-484.844
-542.358
-604.099
-670.571
-742.325
-819.966
-904.163
-995.66
-1095.29
-1203.98
-1322.78
-1452.92
-1595.76
-1752.92
-1926.26
-2118
-2330.77
-2567.74
-2832.74
-3130.51
-3466.86
-3849.12
-4286.47
-4790.55
-5376.16
-6062.01
-6871.51
-7833.17
-8979.87
-10345.6
-11956.9
-13816.2
-15876.2
-18015
17572.2
15848.7
14153.8
12564.7
11125.2
9850.11
8735.48
7767.16
6927.19
6197.41
5561.21
5004.14
4514
4080.66
3695.73
3352.33
3044.75
2768.27
2518.93
2293.42
2088.94
1903.09
1733.82
1579.34
1438.1
1308.73
1190.02
1080.91
980.427
887.712
801.981
722.525
648.694
579.893
515.574
455.227
398.381
344.59
293.44
244.534
197.496
151.966
107.596
64.0461
20.9846
-21.917
-64.9856
-108.55
-152.942
-198.5
-245.575
-294.525
-345.729
-399.581
-456.499
-516.926
-581.336
-650.239
-724.184
-803.768
-889.64
-982.512
-1083.17
-1192.47
-1311.38
-1440.99
-1582.49
-1737.25
-1906.83
-2093.03
-2297.89
-2523.82
-2773.62
-3050.63
-3358.79
-3702.85
-4088.5
-4522.67
-5013.74
-5571.87
-6209.28
-6940.45
-7782.03
-8752.21
-9868.96
-11146.5
-12588.8
-14181
-15879
-17605.9
17262.4
15809.1
14364.8
12979.3
11686.9
10505.9
9441.56
8490.61
7644.81
6893.8
6226.73
5633.31
5104.18
4631.1
4206.94
3825.57
3481.74
3170.99
2889.48
2633.9
2401.42
2189.57
1996.18
1819.36
1657.44
1508.94
1372.54
1247.04
1131.38
1024.59
925.796
834.187
749.033
669.655
595.428
525.77
460.14
398.029
338.959
282.475
228.144
175.552
124.297
73.988
24.2421
-25.3194
-75.0736
-125.399
-176.679
-229.305
-283.677
-340.213
-399.344
-461.527
-527.238
-596.989
-671.322
-750.818
-836.104
-927.859
-1026.82
-1133.79
-1249.65
-1375.36
-1512.01
-1660.78
-1822.98
-2000.13
-2193.87
-2406.12
-2639.03
-2895.08
-3177.12
-3488.46
-3832.94
-4215.04
-4640.01
-5113.99
-5644.12
-6238.67
-6907.01
-7659.46
-8506.89
-9459.65
-10526
-11709.2
-13004.1
-14392.3
-15839.4
-17295.5
17021.5
15755.6
14490.2
13258.8
12087.4
10992.9
9983.77
9062.09
8225.46
7468.83
6785.8
6169.54
5613.32
5110.81
4656.26
4244.48
3870.88
3531.4
3222.48
2940.96
2684.05
2449.31
2234.54
2037.8
1857.36
1691.65
1539.26
1398.93
1269.49
1149.9
1039.2
936.503
841.006
751.957
668.663
590.479
516.802
447.064
380.731
317.296
256.275
197.202
139.628
83.1144
27.2324
-28.4428
-84.334
-140.866
-198.468
-257.579
-318.648
-382.14
-448.542
-518.359
-592.129
-670.417
-753.829
-843.01
-938.655
-1041.51
-1152.4
-1272.19
-1401.85
-1542.43
-1695.09
-1861.1
-2041.87
-2238.96
-2454.12
-2689.3
-2946.68
-3228.73
-3538.24
-3878.35
-4252.66
-4665.22
-5120.64
-5624.09
-6181.37
-6798.8
-7483.13
-8241.21
-9079.45
-10002.9
-11013.9
-12110.5
-13284.2
-14517.9
-15785.7
-17054
16831.5
15700.3
14565.6
13451.1
12376.5
11356.2
10399.4
9510.51
8690.38
7937.38
7248.28
6618.91
6044.73
5521.14
5043.67
4608.13
4210.63
3847.6
3515.82
3212.36
2934.59
2680.12
2446.79
2232.66
2035.95
1855.06
1688.53
1535.03
1393.33
1262.33
1141
1028.4
923.638
825.923
734.498
648.662
567.757
491.167
418.307
348.622
281.583
216.681
153.422
91.3261
29.923
-31.2532
-92.6664
-154.782
-218.072
-283.016
-350.107
-419.855
-492.791
-569.469
-650.474
-736.425
-827.979
-925.84
-1030.76
-1143.55
-1265.08
-1396.3
-1538.23
-1692
-1858.83
-2040.04
-2237.11
-2451.64
-2685.39
-2940.33
-3218.62
-3522.64
-3855.04
-4218.75
-4617.01
-5053.38
-5531.75
-6056.34
-6631.6
-7262.16
-7952.57
-8706.99
-9528.69
-10419.3
-11378
-12400.2
-13476.8
-14593.4
-15730.3
-16863.7
16681.6
15648.9
14610.9
13585
12586.5
11627.5
10716.6
9859.26
9058.05
8313.42
7624.26
6988.36
6402.9
5864.69
5370.39
4916.72
4500.45
4118.54
3768.14
3446.58
3151.4
2880.32
2631.25
2402.27
2191.62
1997.67
1818.93
1654.02
1501.69
1360.77
1230.17
1108.92
996.071
890.778
792.237
699.7
612.464
529.867
451.283
376.116
303.798
233.779
165.53
98.5347
32.285
-33.7204
-99.9811
-166.999
-235.28
-305.344
-377.719
-452.954
-531.619
-614.31
-701.655
-794.316
-892.996
-998.445
-1111.47
-1232.92
-1363.72
-1504.88
-1657.48
-1822.67
-2001.73
-2196.03
-2407.06
-2636.46
-2885.98
-3157.56
-3453.29
-3775.45
-4126.51
-4509.13
-4926.19
-5380.73
-5875.96
-6415.2
-7001.78
-7638.88
-8329.34
-9075.38
-9878.11
-10737.1
-11649.7
-12610.6
-13611
-14638.8
-15678.8
-16713.5
16564.3
15604.2
14637.8
13678.6
12738.8
11828.7
10956
10126.5
9343.65
8609.06
7923.03
7284.74
6692.63
6144.6
5638.28
5171.11
4740.49
4343.86
3978.69
3642.59
3333.29
3048.63
2786.61
2545.35
2323.1
2118.25
1929.28
1754.81
1593.52
1444.23
1305.82
1177.25
1057.56
945.853
841.281
743.06
650.451
562.754
479.309
399.485
322.68
248.314
175.824
104.663
34.293
-35.8179
-106.199
-177.384
-249.909
-324.323
-401.187
-481.084
-564.615
-652.412
-745.137
-843.488
-948.209
-1060.09
-1179.96
-1308.73
-1447.37
-1596.91
-1758.47
-1933.25
-2122.56
-2327.78
-2550.43
-2792.13
-3054.63
-3339.81
-3649.69
-3986.41
-4352.26
-4749.64
-5181.07
-5649.12
-6156.41
-6705.48
-7298.72
-7938.23
-8625.56
-9361.54
-10145.9
-10977
-11851.3
-12763.2
-13704.8
-14665.8
-15634
-16596
16474.9
15567.6
14653.4
13743.4
12847.7
11975
11132.6
10326
9559.09
8834.22
8152.54
7514.16
6918.42
6364.06
5849.41
5372.53
4931.31
4523.57
4147.12
3799.78
3479.47
3184.15
2911.89
2660.88
2429.39
2215.82
2018.65
1836.48
1667.98
1511.94
1367.21
1232.73
1107.5
990.588
881.124
778.292
681.321
589.483
502.089
418.482
338.031
260.13
184.193
109.645
35.9255
-37.5232
-111.255
-185.827
-261.801
-339.751
-420.265
-503.949
-591.433
-683.375
-780.467
-883.437
-993.055
-1110.14
-1235.57
-1370.26
-1515.23
-1671.53
-1840.31
-2022.81
-2220.32
-2434.28
-2666.19
-2917.66
-3190.41
-3486.28
-3807.19
-4155.17
-4532.32
-4940.82
-5382.87
-5860.65
-6376.28
-6931.69
-7528.57
-8168.17
-8851.15
-9577.4
-10345.8
-11153.9
-11997.9
-12872.2
-13769.7
-14681.4
-15597.3
-16506.4
16410.2
15539.7
14662.1
13786.8
12922.4
12077
11256.9
10467.7
9713.36
8996.61
8319.16
7681.7
7084.19
6525.93
6005.78
5522.24
5073.58
4657.93
4273.34
3917.83
3589.44
3286.24
3006.4
2748.12
2509.73
2289.62
2086.29
1898.33
1724.4
1563.27
1413.76
1274.81
1145.38
1024.53
911.362
805.034
704.755
609.776
519.385
432.906
349.687
269.103
190.548
113.429
37.1652
-38.8182
-115.094
-192.239
-270.832
-351.467
-434.75
-521.309
-611.793
-706.881
-807.284
-913.754
-1027.08
-1148.11
-1277.74
-1416.92
-1566.66
-1728.07
-1902.3
-2090.59
-2294.28
-2514.78
-2753.6
-3012.35
-3292.71
-3596.46
-3925.46
-4281.64
-4666.95
-5083.37
-5532.87
-6017.32
-6538.45
-7097.76
-7696.41
-8335.08
-9013.83
-9731.95
-10487.8
-11278.5
-12100
-12947.2
-13813.1
-14690.1
-15569.4
-16441.6
16368.1
15520.9
14666.6
13813.4
12969.3
12141.4
11336.1
10558.6
9812.82
9101.85
8427.63
7791.23
7192.96
6632.51
6109.04
5621.36
5167.99
4747.27
4357.41
3996.57
3662.88
3354.5
3069.64
2806.55
2563.57
2339.11
2131.68
1939.84
1762.28
1597.74
1445.04
1303.08
1170.84
1047.35
931.691
823.014
720.512
623.422
531.017
442.606
357.526
275.138
194.822
115.974
37.9991
-39.6893
-117.677
-196.551
-276.906
-359.346
-444.492
-532.984
-625.484
-722.685
-825.315
-934.136
-1049.96
-1173.64
-1306.08
-1448.26
-1601.21
-1766.03
-1943.9
-2136.07
-2343.87
-2568.73
-2812.15
-3075.72
-3361.11
-3670.05
-4004.36
-4365.87
-4756.46
-5177.96
-5632.18
-6120.77
-6645.22
-7206.74
-7806.14
-8443.74
-9119.25
-9831.58
-10578.8
-11357.8
-12164.7
-12994.1
-13839.8
-14694.6
-15550.6
-16399.4
16347.4
15511.5
14668.5
13826.1
12991.8
12172.7
11374.7
10603
9861.56
9153.57
8481.09
7845.34
7246.82
6685.38
6160.36
5670.7
5215.06
4791.86
4399.42
4035.95
3699.64
3388.69
3101.34
2835.85
2590.58
2363.95
2154.46
1960.69
1781.3
1615.05
1460.75
1317.29
1183.64
1058.81
941.906
832.05
728.431
630.28
536.863
447.482
361.466
278.171
196.97
117.253
38.4182
-40.1271
-118.975
-198.718
-279.959
-363.307
-449.389
-538.851
-632.365
-730.628
-834.376
-944.378
-1061.45
-1186.46
-1320.32
-1464.01
-1618.56
-1785.09
-1964.79
-2158.89
-2368.76
-2595.79
-2841.51
-3107.48
-3395.36
-3706.88
-4043.81
-4407.96
-4801.14
-5225.12
-5681.62
-6172.19
-6698.2
-7260.7
-7860.35
-8497.3
-9171.06
-9880.41
-10623.2
-11396.4
-12196
-13016.7
-13852.5
-14696.5
-15541.2
-16378.6
-34950.8
-35713.8
-34425.3
-33253.8
-32394.8
-31779.8
-31335
-31009.2
-30768.2
-30589.6
-30457.9
-30362.6
-30296.5
-30254.9
-30234.8
-26972.2
-29897.1
-30692.9
-30741.2
-30575.4
-30375.7
-30196.4
-30050
-29935.3
-29847.8
-29782.6
-29735.2
-29702.5
-29682
-29672.2
-23377
-26207.6
-27706
-28440.5
-28787.9
-28949.1
-29023.1
-29057.1
-29073.3
-29081.9
-29087.4
-29091.4
-29094.4
-29096.6
-29097.7
-21429.8
-23848.5
-25481.3
-26525.1
-27184.6
-27607.8
-27887.8
-28080.1
-28217.1
-28317.3
-28391.7
-28446.5
-28485.3
-28510.3
-28522.5
-20227.3
-22273.6
-23844
-24992.1
-25816
-26407.9
-26838.4
-27156.7
-27395.7
-27576.7
-27713.8
-27815.7
-27888.3
-27934.9
-27957.8
-19415.9
-21173.1
-22627.4
-23781.7
-24677.7
-25367.7
-25899.4
-26310.8
-26630.3
-26878.4
-27069.2
-27212.6
-27315.2
-27381.5
-27414.1
-18835.1
-20374
-21709.4
-22828
-23743.8
-24484.2
-25079
-25555.1
-25934.8
-26235.5
-26470.2
-26648.4
-26776.9
-26860.2
-26901.1
-18403.2
-19777.1
-21006.9
-22075.4
-22983.9
-23744.8
-24375.6
-24894.1
-25316.6
-25656.9
-25926
-26132.2
-26281.9
-26379.4
-26427.5
-18074.6
-19323.1
-20464.3
-21481.4
-22370
-23134.1
-23782.8
-24327.4
-24779
-25147.9
-25442.9
-25670.9
-25837.4
-25946.3
-26000.2
-17822.1
-18975.1
-20044.3
-21014.7
-21879.1
-22637.2
-23292.7
-23852
-24322.5
-24711.3
-25025.1
-25269.5
-25448.9
-25566.7
-25625
-17629
-18709.6
-19721.9
-20652.5
-21493.3
-22241.3
-22897.2
-23463.9
-23946
-24348.1
-24675.2
-24931.4
-25120.4
-25244.8
-25306.6
-17484.1
-18511.1
-19480
-20378.6
-21198.8
-21936.2
-22589.3
-23159.1
-23647.8
-24058.5
-24394.5
-24659
-24854.7
-24984
-25048.2
-17380.6
-18369.6
-19307
-20181.8
-20985.8
-21713.9
-22363.4
-22933.9
-23426.1
-23842
-24183.7
-24453.7
-24654
-24786.6
-24852.5
-17313.8
-18278.5
-19195.5
-20054.5
-20847.4
-21568.7
-22215.2
-22785.3
-23279.3
-23698
-24043.1
-24316.4
-24519.6
-24654.2
-24721.2
-17281
-18233.8
-19140.9
-19992
-20779.2
-21497
-22141.7
-22711.6
-23206.2
-23626.2
-23972.8
-24247.7
-24452.2
-24587.7
-24655.2
)
;

boundaryField
{
    hot
    {
        type            calculated;
        value           nonuniform List<scalar> 
120
(
20007.2
20061.4
20169.5
20330.9
20544.5
20808.8
21121.4
21479.6
21879.5
22316.6
22785.3
23279.4
23791.9
24315.7
24843.8
25326
25759.3
26185
26601
27005.9
27398.7
27778.8
28146
28500.3
28841.7
29170.3
29486.4
29790.1
30081.6
30361.1
30628.9
30885.1
31130
31363.8
31586.6
31798.8
32000.5
32191.8
32373
32544.2
32705.7
32857.6
33000.1
33133.2
33257.2
33372.2
33478.2
33575.5
33664
33744
33815.6
33879
33934.3
33981.8
34021.6
34054.1
34079.5
34098.2
34110.7
34117.4
34118.9
34116
34109.5
34100.3
34089.3
34077.5
34065.9
34055.5
34047
34041.3
34038.9
34040.3
34045.7
34055.1
34068.5
34085.4
34105.2
34127.2
34150.3
34173.5
34195.6
34215.4
34231.6
34242.9
34247.9
34245.4
34233.9
34212.1
34178.4
34131.3
34069.2
33990.4
33892.9
33774.9
33634.2
33469
33277.2
33057
32806.7
32525.4
32212.5
31868.3
31494
31091.6
30664.5
30171.9
29612.9
29042.3
28471
27910
27369.7
26859.9
26388.9
25963.8
25590.5
25273.5
25016.3
24821.4
24690.6
24625
)
;
    }
    cold
    {
        type            calculated;
        value           nonuniform List<scalar> 
120
(
-24487.8
-24555.4
-24690.1
-24890.6
-25155.3
-25481.4
-25865.5
-26302.6
-26786.9
-27311.1
-27866.4
-28443.1
-29030.3
-29616.9
-30191.8
-30698.8
-31138.8
-31553.8
-31940.7
-32297.3
-32622.7
-32916.6
-33179.7
-33413.5
-33619.6
-33800.2
-33957.5
-34093.9
-34211.4
-34312.4
-34398.8
-34472.5
-34535.1
-34588.1
-34632.9
-34670.5
-34701.9
-34728.1
-34749.6
-34767.1
-34781
-34791.9
-34800
-34805.5
-34808.6
-34809.5
-34808.2
-34804.7
-34799
-34791
-34780.7
-34767.8
-34752.4
-34734.2
-34713.1
-34689.1
-34662
-34632.1
-34599.3
-34564.1
-34526.8
-34487.9
-34448.1
-34408.3
-34369.2
-34331.8
-34297
-34265.5
-34238.3
-34215.8
-34198.6
-34186.9
-34180.9
-34180.4
-34185.2
-34194.6
-34208
-34224.5
-34242.9
-34262
-34280.7
-34297.6
-34311.3
-34320.4
-34323.7
-34319.6
-34306.7
-34283.7
-34249
-34201.1
-34138.2
-34058.6
-33960.5
-33841.8
-33700.6
-33534.8
-33342.3
-33121.4
-32870.5
-32588.5
-32274.9
-31929.9
-31554.7
-31151.5
-30723.5
-30229.9
-29669.7
-29098
-28525.6
-27963.4
-27422.1
-26911.3
-26439.4
-26013.5
-25639.5
-25321.9
-25064.2
-24869
-24737.9
-24672.1
)
;
    }
    interface_left
    {
        type            calculated;
        value           nonuniform List<scalar> 
90
(
53382.5
40335.2
34685.9
31567.9
29343.2
27250.3
24554
19702.1
7969.55
51235.2
39531.1
34720.6
32025.2
29716.7
26461.7
19356.4
44162.8
37130.3
34019.7
31907
29337.4
24023.7
42321.7
37162.1
34968
33666.8
32467.5
30662.8
26573.9
41315.8
37308.7
35687.9
34831.1
34181.2
33382.7
31769.7
37256
35721.4
35099.1
34778.4
34549.9
34280.5
33717.9
35956.6
35523.2
35563.5
35983.8
37121.7
40286.9
27698.8
30894.8
32106.4
32680.1
33060.3
33493.3
34382.5
31034.9
31801.4
31949
31767.8
31195.6
29766.8
25857.3
41288.4
37338.3
35815.8
35059.9
34506.6
33803.9
32299
37773.5
36353.8
35845.1
35662.1
35634.6
35732.9
36037
35192.6
35594.3
35900.6
36225
36617.9
37119.5
37781.3
38685.2
39979
41967.4
45371.8
52168
68507.4
)
;
    }
    interface_right
    {
        type            calculated;
        value           nonuniform List<scalar> 
90
(
-69093.5
-52489.4
-45575.1
-42106.5
-40077.1
-38754.1
-37828.1
-37149.1
-36635
-36237.1
-35923.8
-35674.2
-35473.2
-35310.2
-35177.3
-35068.3
-34978.7
-34904.8
-34843.9
-34793.5
-34751.9
-34717.7
-34689.7
-34666.9
-34648.5
-34634
-34622.9
-34614.9
-34609.7
-34607.2
-34607.3
-34610
-34615.7
-34624.5
-34636.9
-34653.5
-34675.3
-34703.6
-34740.4
-34788.2
-34851.5
-34937
-35056
-35229.9
-35502.8
-35978.8
-36940.9
-39260.3
-38142.1
-26697.3
-30337.5
-31757.6
-32447.2
-32900.7
-33383.8
-34309.6
-30989.5
-31777.1
-31941.4
-31773.5
-31212
-29792
-25889.5
-41326.4
-37381.2
-35862.7
-35110.1
-34559.6
-33859.3
-32356.3
-37832.5
-36414.2
-35906.7
-35724.8
-35698.2
-35797.4
-36102.3
-35258.7
-35661.1
-35968.2
-36293.5
-36687.4
-37190.1
-37853.4
-38759.1
-40055.6
-42048
-45459
-52268.4
-68639.5
)
;
    }
    interface_top
    {
        type            calculated;
        value           nonuniform List<scalar> 
90
(
22973
9089.29
4499.08
2714.59
1882.63
1424.53
1137.47
940.317
795.931
685.213
597.352
525.764
466.205
415.813
372.588
335.09
302.253
273.272
247.525
224.523
203.875
185.264
168.43
153.155
139.255
126.575
114.978
104.347
94.5805
85.5858
77.2823
69.5968
62.4635
55.8225
49.619
43.8025
38.3263
33.1469
28.2234
23.5175
18.9924
14.6132
10.3461
6.15833
2.01775
-2.10738
-6.24864
-10.4378
-14.707
-19.0889
-23.6176
-28.3278
-33.2564
-38.4418
-43.9248
-49.7491
-55.9614
-62.6123
-69.7566
-77.4544
-85.7717
-94.7815
-104.565
-115.214
-126.832
-139.535
-153.46
-168.763
-185.628
-204.274
-224.96
-248.005
-273.801
-302.836
-335.735
-373.305
-416.612
-467.1
-526.773
-598.498
-686.527
-797.457
-942.12
-1139.66
-1427.26
-1886.25
-2719.8
-4507.73
-9106.79
-23017.3
)
;
    }
    interface_bottom
    {
        type            calculated;
        value           nonuniform List<scalar> 
90
(
17988.2
7138.43
3549.86
2153.98
1502.89
1144.37
919.926
766.102
653.869
568.291
500.928
446.651
402.175
365.309
334.555
308.876
287.56
270.144
256.375
246.202
239.807
237.678
240.77
250.836
271.127
308.04
375.322
506.061
790.26
1502.73
3567.23
10324
10330.3
3587.02
1539.77
852.045
606.898
543.676
606.089
852.544
1548.6
3626.93
10480.4
10471.1
3598.29
1497.86
774.045
488.812
364.989
315.486
316.197
376.171
551.711
1031.58
2460.09
7173.29
7162.49
2427.32
975.684
470.522
265.996
170.78
123.672
105.035
112.878
161.242
298.51
678.594
1822.99
5620.53
5596.57
1750.67
556.587
124.511
-68.2311
-177.009
-252.1
-310.032
-351.835
-360.126
-267.971
162.762
1809.63
1606.57
-484.114
-1498
-2528.81
-4406.22
-9073.25
-23100.8
)
;
    }
    defaultFaces
    {
        type            empty;
    }
}


// ************************************************************************* //
