/*--------------------------------*- C++ -*----------------------------------*\
| =========                 |                                                 |
| \\      /  F ield         | OpenFOAM: The Open Source CFD Toolbox           |
|  \\    /   O peration     | Version:  5.x                                   |
|   \\  /    A nd           | Web:      www.OpenFOAM.org                      |
|    \\/     M anipulation  |                                                 |
\*---------------------------------------------------------------------------*/
FoamFile
{
    version     2.0;
    format      ascii;
    class       volScalarField;
    location    "6.2";
    object      gradTx;
}
// * * * * * * * * * * * * * * * * * * * * * * * * * * * * * * * * * * * * * //

dimensions      [0 -1 0 1 0 0 0];

internalField   nonuniform List<scalar> 
6300
(
854.124
851.658
846.72
839.298
829.376
816.942
801.987
784.522
764.578
742.222
717.567
690.784
662.108
631.841
600.353
856.544
854.086
849.16
841.753
831.845
819.418
804.456
786.96
766.949
744.481
719.658
692.641
663.663
633.03
601.121
861.378
858.934
854.036
846.664
836.791
824.385
809.418
791.869
771.739
749.057
723.905
696.424
666.838
635.459
602.689
868.611
866.192
861.342
854.032
844.224
831.87
816.919
799.32
779.038
756.065
730.441
702.276
671.773
639.249
605.139
878.215
875.837
871.061
863.853
854.159
841.91
827.024
809.411
788.987
765.684
739.48
710.427
678.693
644.589
608.598
890.153
887.832
883.167
876.115
866.604
854.542
839.811
822.272
801.773
778.164
751.328
721.224
687.946
651.783
613.272
904.364
902.123
897.616
890.788
881.555
869.799
855.363
838.051
817.626
793.829
766.404
735.158
700.047
661.291
619.478
920.769
918.635
914.338
907.819
898.983
887.69
873.747
856.897
836.809
813.08
785.261
752.916
715.755
673.82
627.715
939.259
937.26
933.234
927.121
918.821
908.184
894.992
878.935
859.587
836.378
808.6
775.452
736.197
690.483
638.795
959.7
957.865
954.169
948.56
940.947
931.186
919.055
904.219
886.178
864.202
837.268
804.051
763.06
713.085
654.095
981.926
980.279
976.968
971.955
965.173
956.508
945.773
932.66
916.658
896.936
872.173
840.382
798.867
744.666
676.124
1005.75
1004.31
1001.42
997.068
991.23
983.849
974.82
963.939
950.809
934.663
914.059
886.395
847.317
790.551
709.865
1030.96
1029.73
1027.28
1023.62
1018.78
1012.78
1005.67
997.416
987.925
976.799
962.958
943.775
913.412
860.311
766.428
1057.35
1056.32
1054.29
1051.3
1047.42
1042.79
1037.59
1032.08
1026.62
1021.6
1017.15
1012.29
1002.2
970.803
874.428
1084.71
1083.86
1082.21
1079.81
1076.78
1073.32
1069.76
1066.64
1064.84
1065.77
1071.7
1085.97
1112.23
1146.23
1121.08
570.802
543.634
516.477
489.6
463.259
437.693
413.109
389.684
367.563
346.857
327.646
309.983
293.894
279.388
266.453
255.063
245.18
236.755
229.731
224.04
219.605
216.341
214.152
212.931
212.563
212.923
213.877
215.286
217.011
218.914
220.866
222.75
224.465
225.923
227.056
227.806
228.123
227.965
227.288
226.053
224.223
221.766
218.661
214.9
210.491
205.454
199.824
193.639
186.94
179.76
172.121
164.034
155.493
146.484
136.981
126.954
116.376
105.216
93.4502
81.0542
68.0029
54.2667
39.8075
24.5761
8.51004
-8.46638
-26.4411
-45.5115
-65.7809
-87.3544
-110.335
-134.82
-160.899
-188.651
-218.146
-249.441
-282.58
-317.592
-354.485
-393.244
-433.825
-476.147
-520.083
-565.462
-612.059
-659.593
-707.737
-756.118
-804.329
-851.949
571.152
543.593
516.047
488.801
462.122
436.256
411.418
387.787
365.506
344.686
325.401
307.698
291.601
277.111
264.214
252.879
243.067
234.727
227.801
222.22
217.909
214.783
212.746
211.693
211.506
212.058
213.211
214.822
216.744
218.833
220.954
222.985
224.823
226.383
227.599
228.419
228.8
228.701
228.082
226.901
225.116
222.69
219.597
215.826
211.385
206.301
200.614
194.373
187.626
180.413
172.761
164.68
156.163
147.19
137.729
127.746
117.208
106.086
94.3552
81.9959
68.988
55.3071
40.9196
25.7787
9.82248
-7.02657
-24.8602
-43.781
-63.8982
-85.3225
-108.162
-132.517
-158.479
-186.131
-215.542
-246.773
-279.869
-314.866
-351.779
-390.602
-431.298
-473.797
-517.981
-563.683
-610.678
-658.685
-707.363
-756.325
-805.145
-853.373
571.864
543.501
515.161
487.159
459.789
433.316
407.967
383.924
361.329
340.285
320.859
303.086
286.978
272.527
259.71
248.49
238.822
230.652
223.92
218.56
214.496
211.645
209.914
209.197
209.375
210.316
211.877
213.9
216.227
218.697
221.162
223.489
225.571
227.327
228.701
229.654
230.157
230.177
229.677
228.61
226.924
224.566
221.5
217.707
213.198
208.008
202.195
195.828
188.976
181.692
174.013
165.948
157.486
148.592
139.224
129.334
118.879
107.829
96.1628
83.8696
70.9409
57.3645
43.1165
28.156
12.4222
-4.16663
-21.7106
-40.3238
-60.1283
-81.2472
-103.798
-127.89
-153.618
-181.067
-210.307
-241.403
-274.407
-309.364
-346.305
-385.24
-426.154
-468.996
-513.667
-560.012
-607.812
-656.777
-706.547
-756.702
-806.77
-856.251
572.973
543.347
513.761
484.58
456.14
428.737
402.613
377.955
354.901
333.539
313.919
296.06
279.954
265.578
252.893
241.853
232.406
224.494
218.055
213.023
209.326
206.886
205.612
205.401
206.134
207.675
209.865
212.533
215.493
218.56
221.558
224.336
226.778
228.812
230.4
231.53
232.198
232.392
232.079
231.202
229.687
227.455
224.441
220.613
215.981
210.603
204.565
197.976
190.939
183.534
175.813
167.784
159.423
150.674
141.466
131.729
121.404
110.456
98.8709
86.6561
73.8253
60.3883
46.3391
31.6476
16.2544
0.0708
-17.0183
-35.1473
-54.4609
-75.1036
-97.2103
-120.9
-146.272
-173.411
-202.389
-233.271
-266.118
-300.991
-337.941
-377.009
-418.214
-461.538
-506.917
-554.221
-603.239
-653.677
-705.146
-757.17
-809.205
-860.662
574.53
543.108
511.752
480.907
450.975
422.293
395.125
369.659
346.017
324.267
304.429
286.493
270.425
256.178
243.694
232.911
223.769
216.203
210.151
205.551
202.337
200.436
199.768
200.236
201.723
204.086
207.157
210.734
214.597
218.513
222.261
225.655
228.565
230.929
232.748
234.06
234.912
235.327
235.283
234.704
233.474
231.459
228.544
224.665
219.834
214.137
207.723
200.763
193.422
185.827
178.048
170.094
161.913
153.41
144.466
134.966
124.824
113.995
102.484
90.3275
77.5809
64.2926
50.4866
36.15
21.2261
5.61408
-10.8257
-28.2613
-46.8751
-66.8465
-88.3366
-111.478
-136.372
-163.097
-191.717
-222.295
-254.9
-289.609
-326.508
-365.682
-407.199
-451.1
-497.372
-545.931
-596.593
-649.061
-702.91
-757.587
-812.434
-866.723
576.62
542.743
508.978
475.894
443.985
413.647
385.163
358.714
334.392
312.223
292.184
274.221
258.262
244.226
232.031
221.597
212.849
205.72
200.148
196.075
193.446
192.203
192.279
193.594
196.038
199.472
203.708
208.515
213.613
218.697
223.464
227.661
231.127
233.823
235.816
237.243
238.246
238.914
239.246
239.133
238.381
236.752
234.027
230.081
224.922
218.698
211.658
204.091
196.264
188.376
180.529
172.724
164.862
156.776
148.261
139.125
129.227
118.515
107.022
94.8466
82.115
68.9411
55.3976
41.4983
27.1895
12.3509
-3.19647
-19.6756
-37.3303
-56.3974
-77.0792
-99.5245
-123.828
-150.045
-178.216
-208.39
-240.637
-275.059
-311.785
-350.96
-392.731
-437.223
-484.511
-534.586
-587.319
-642.428
-699.448
-757.724
-816.429
-874.619
579.368
542.186
505.197
469.161
434.71
402.308
372.251
344.686
319.648
297.094
276.933
259.049
243.316
229.612
217.821
207.843
199.588
192.985
187.975
184.509
182.549
182.059
182.999
185.314
188.921
193.691
199.43
205.866
212.641
219.327
225.478
230.708
234.791
237.717
239.688
241.026
242.051
242.977
243.839
244.474
244.543
243.61
241.259
237.235
231.535
224.425
216.343
207.784
199.186
190.858
182.946
175.427
168.128
160.753
152.948
144.375
134.8
124.155
112.539
100.164
87.2843
74.1203
60.8204
47.436
33.9162
20.1098
5.7764
-9.39406
-25.7477
-43.6187
-63.2767
-84.8889
-108.52
-134.17
-161.821
-191.486
-223.228
-257.177
-293.518
-332.483
-374.326
-419.299
-467.612
-519.386
-574.595
-633.011
-694.143
-757.206
-821.129
-884.626
582.973
541.324
500.016
460.12
422.46
387.574
355.732
327.001
301.309
278.502
258.388
240.764
225.436
212.229
200.991
191.595
183.939
177.948
173.568
170.766
169.527
169.848
171.73
175.166
180.121
186.505
194.14
202.721
211.786
220.717
228.807
235.4
240.108
242.975
244.462
245.248
245.99
247.12
248.749
250.618
252.137
252.499
250.893
246.79
240.172
231.541
221.707
211.527
201.713
192.734
184.787
177.809
171.496
165.344
158.734
151.062
141.91
131.191
119.143
106.208
92.8601
79.4939
66.3638
53.5686
41.0557
28.6284
15.9562
2.59352
-11.9768
-28.2628
-46.655
-67.3395
-90.2995
-115.404
-142.518
-171.578
-202.631
-235.837
-271.459
-309.843
-351.394
-396.545
-445.707
-499.212
-557.227
-619.653
-686.024
-755.414
-826.402
-897.159
587.746
539.941
492.777
447.834
406.196
368.436
334.715
304.924
278.801
256.019
236.244
219.16
204.491
192.001
181.498
172.83
165.885
160.583
156.88
154.764
154.25
155.381
158.216
162.823
169.254
177.509
187.479
198.869
211.113
223.311
234.28
242.795
248.067
250.211
250.232
249.527
249.356
250.537
253.303
257.256
261.388
264.212
264.111
259.957
251.699
240.38
227.559
214.735
203.031
193.115
185.228
179.229
174.624
170.588
166.045
159.873
151.275
140.134
127.024
112.842
98.4599
84.526
71.4237
59.2945
48.0719
37.5003
27.1316
16.322
4.2671
-9.87062
-26.7281
-46.5083
-68.984
-93.7382
-120.404
-148.791
-178.922
-211.004
-245.407
-282.626
-323.262
-367.993
-417.526
-472.521
-533.478
-600.583
-673.525
-751.285
-831.969
-912.856
594.198
537.606
482.317
430.764
384.326
343.461
308.023
277.55
251.467
229.195
210.211
194.068
180.396
168.902
159.353
151.578
145.454
140.906
137.9
136.447
136.599
138.451
142.142
147.845
155.752
166.034
178.764
193.781
210.496
227.665
243.275
254.851
260.521
260.491
257.04
253.024
250.766
251.662
256.135
263.625
272.515
280.124
283.158
279.023
267.623
251.371
233.408
216.322
201.766
190.568
182.944
178.636
176.926
176.557
175.695
172.175
164.294
151.91
136.442
119.763
103.411
88.358
75.0813
63.7138
54.1506
46.0801
38.9428
31.8448
23.5123
12.4407
-2.58905
-21.7912
-44.3819
-69.3133
-95.8014
-123.487
-152.39
-182.819
-215.286
-250.473
-289.218
-332.508
-381.456
-437.222
-500.85
-573.077
-654.057
-742.91
-837.205
-932.73
603.208
533.366
466.451
406.307
354.409
310.65
274.159
243.838
218.629
197.623
180.076
165.405
153.158
142.991
134.646
127.94
122.748
119.001
116.678
115.812
116.492
118.868
123.164
129.686
138.823
151.028
166.746
186.237
209.216
234.254
258.066
275.401
281.171
275.684
264.651
253.979
247.623
247.624
254.612
267.969
285.473
302.613
312.518
308.538
290.523
264.818
237.986
214.256
195.658
182.867
175.877
174.295
177.29
183.229
189.166
190.75
183.791
168.124
147.601
126.209
106.49
89.6293
75.9875
65.5338
58.0786
53.3161
50.6973
49.1462
46.7029
40.4536
27.5606
7.80878
-16.4052
-42.6412
-69.4688
-96.4202
-123.655
-151.687
-181.235
-213.184
-248.613
-288.856
-335.551
-390.579
-455.814
-532.94
-623.219
-726.663
-840.634
-958.476
616.41
524.877
440.807
369.953
312.757
267.36
231.401
202.754
179.732
161.057
145.791
133.244
122.917
114.447
107.573
102.115
97.9567
95.0377
93.3511
92.946
93.9356
96.5132
100.975
107.756
117.47
130.956
149.288
173.662
204.963
242.599
282.175
312.589
318.019
298.852
271.732
248.706
235.314
233.517
243.906
266.33
298.945
335.508
361.858
358.252
324.486
279.875
238.089
204.793
181.179
166.808
161.015
163.356
173.409
189.899
208.9
221.621
215.82
191.324
160.005
130.241
105.448
86.2639
72.3014
63.0347
58.1285
57.4645
60.9141
67.7322
75.3742
78.0341
67.5883
43.8361
14.4863
-15.1133
-42.9523
-68.9386
-93.7653
-118.362
-143.715
-170.873
-201.063
-235.897
-277.626
-329.219
-393.629
-473.838
-573.392
-695.223
-838.451
-993.142
637.129
505.611
396.112
313.915
254.096
210.463
178.096
153.561
134.563
119.577
107.58
97.8796
89.9963
83.5983
78.4557
74.4136
71.3755
69.2954
68.1747
68.067
69.0886
71.4403
75.4426
81.5966
90.6801
103.902
123.121
151.106
191.577
248.138
319.466
385.742
390.271
333.461
272.905
229.55
206.297
201.854
215.858
250.007
306.721
383.095
454.322
451.383
374.052
290.853
225.958
181.38
153.383
138.39
134.436
141.305
160.254
192.944
237.672
279.155
274.765
224.341
170.167
127.112
96.3274
75.3758
61.8514
54.2552
52.0687
55.6883
66.2793
85.1312
111.219
134.486
126.777
87.9248
45.739
9.8823
-19.1003
-43.1218
-64.2
-83.9421
-103.588
-124.185
-146.814
-172.994
-205.483
-249.383
-308.676
-386.854
-491.46
-632.94
-819.715
-1042.7
672.769
454.617
312.08
225.629
172.115
137.334
113.503
96.3865
83.61
73.784
66.0585
59.8928
54.9318
50.9376
47.7497
45.2624
43.4115
42.1679
41.5362
41.5583
42.3232
43.9869
46.8082
51.2145
57.9274
68.2047
84.3259
110.562
155.015
232.402
364.014
547.796
550.832
373.449
249.296
181.438
150.186
143.619
158.791
201.178
286.176
438.079
653.566
651.62
432.054
275.461
184.563
134.082
106.856
94.0693
92.2655
101.854
127.308
178.647
271.107
402.735
399.989
262.751
164.312
106.307
73.0444
53.7906
42.8634
37.6842
37.647
43.8722
59.7476
92.1089
151.123
235.542
230.809
136.813
67.8782
24.9806
-2.38956
-21.5397
-36.5543
-49.6545
-62.0863
-74.5606
-87.4432
-100.994
-116.893
-147.365
-196.509
-261.796
-356.403
-505.405
-748.81
-1120.06
740.424
294.712
147.268
89.904
63.1498
48.4305
39.2353
32.9573
28.4041
24.9627
22.287
20.1679
18.4724
17.1132
16.0324
15.1925
14.5707
14.1573
13.9543
13.9778
14.2614
14.8646
15.8889
17.5088
20.0392
24.0898
30.9623
43.7789
71.0211
138.572
333.421
970.099
971.172
336.768
144.612
80.6051
58.5243
54.0711
62.5292
90.983
169.275
401.485
1165.89
1165.21
399.357
165.456
84.9597
53.2915
39.5334
33.93
33.6872
39.5519
57.0836
105.129
248.132
719.801
718.865
245.281
100.227
49.8707
29.5861
20.2134
15.597
13.7078
14.2067
18.1589
29.4749
60.7051
154.439
464.971
463.374
149.61
52.5229
17.7199
2.48558
-5.91077
-11.6626
-16.3261
-20.519
-24.3434
-27.1037
-25.6036
-7.30598
-18.4484
-61.0825
-94.5028
-142.998
-241.899
-493.776
-1254.33
-903.08
-956.905
-1007.99
-1055.82
-1099.96
-1140.14
-1176.17
-1207.98
-1235.56
-1258.96
-1278.26
-1293.55
-1304.92
-1312.46
-1316.21
-905.142
-959.596
-1011.21
-1059.45
-1103.88
-1144.23
-1180.34
-1212.15
-1239.68
-1263
-1282.2
-1297.4
-1308.7
-1316.18
-1319.9
-909.335
-965.08
-1017.77
-1066.83
-1111.83
-1152.51
-1188.76
-1220.55
-1247.96
-1271.1
-1290.1
-1305.11
-1316.24
-1323.6
-1327.26
-915.811
-973.572
-1027.92
-1078.22
-1124.04
-1165.18
-1201.57
-1233.28
-1260.46
-1283.28
-1301.94
-1316.62
-1327.48
-1334.65
-1338.22
-924.823
-985.433
-1042.07
-1094.03
-1140.9
-1182.54
-1219.01
-1250.49
-1277.25
-1299.56
-1317.7
-1331.9
-1342.36
-1349.26
-1352.68
-936.765
-1001.22
-1060.85
-1114.87
-1162.93
-1205.01
-1241.37
-1272.37
-1298.43
-1319.96
-1337.33
-1350.84
-1360.76
-1367.27
-1370.5
-952.24
-1021.78
-1085.2
-1141.63
-1190.87
-1233.16
-1269.04
-1299.13
-1324.08
-1344.46
-1360.74
-1373.32
-1382.51
-1388.51
-1391.48
-972.187
-1048.4
-1116.48
-1175.54
-1225.7
-1267.67
-1302.43
-1330.98
-1354.25
-1372.99
-1387.79
-1399.14
-1407.37
-1412.73
-1415.37
-998.111
-1083.12
-1156.74
-1218.31
-1268.66
-1309.32
-1341.96
-1368.07
-1388.89
-1405.37
-1418.24
-1428
-1435.04
-1439.6
-1441.84
-1032.53
-1129.18
-1208.99
-1272.23
-1321.24
-1358.94
-1387.96
-1410.39
-1427.8
-1441.32
-1451.72
-1459.53
-1465.12
-1468.73
-1470.49
-1079.95
-1192.01
-1277.77
-1340.31
-1385.09
-1417.18
-1440.47
-1457.66
-1470.55
-1480.32
-1487.71
-1493.21
-1497.11
-1499.62
-1500.85
-1149.22
-1281.07
-1369.71
-1426.11
-1461.55
-1484.15
-1499.02
-1509.17
-1516.37
-1521.63
-1525.53
-1528.4
-1530.43
-1531.74
-1532.38
-1259.77
-1413.27
-1493.85
-1532.8
-1550.78
-1558.8
-1562.21
-1563.56
-1564.06
-1564.23
-1564.31
-1564.36
-1564.41
-1564.45
-1564.48
-1461.12
-1618.35
-1659.54
-1660.37
-1649.93
-1637.97
-1627.37
-1618.74
-1612
-1606.87
-1603.03
-1600.25
-1598.33
-1597.11
-1596.53
-1903.22
-1939.38
-1865.51
-1799.15
-1750.53
-1715.7
-1690.48
-1671.97
-1658.28
-1648.12
-1640.63
-1635.21
-1631.45
-1629.08
-1627.93
1110.51
1109.81
1108.43
1106.46
1104.02
1101.33
1098.79
1097.06
1097.31
1101.64
1114.01
1142.45
1205.95
1361.19
1828.44
1134.41
1133.82
1132.65
1130.98
1128.92
1126.66
1124.58
1123.3
1123.95
1128.63
1141.28
1169.41
1227.4
1339.89
1521.54
1158.69
1158.18
1157.18
1155.73
1153.9
1151.84
1149.77
1148.15
1147.75
1150.05
1157.74
1175.59
1210.96
1270.51
1341.37
1183.29
1182.85
1181.98
1180.69
1179.01
1176.96
1174.62
1172.11
1169.64
1167.68
1167.1
1169.58
1177.67
1193.22
1211.01
1208.15
1207.78
1207.03
1205.89
1204.32
1202.25
1199.55
1195.99
1191.14
1184.29
1174.29
1159.63
1139.15
1114.33
1093.61
1233.22
1232.92
1232.32
1231.35
1229.94
1227.93
1225.03
1220.72
1214
1203.05
1184.67
1153.69
1103.61
1032.54
962.432
1258.45
1258.24
1257.8
1257.07
1255.93
1254.18
1251.46
1247.08
1239.74
1226.92
1203.75
1160.97
1082.61
950.034
783.177
1283.79
1283.68
1283.45
1283.02
1282.29
1281.06
1278.99
1275.45
1269.24
1257.94
1236.41
1192.91
1099.23
891.295
488.664
1309.16
1309.17
1309.18
1309.13
1308.94
1308.47
1307.5
1305.64
1302.22
1296
1284.29
1259.65
1195.15
967.723
-84.8294
1334.47
1334.62
1334.91
1335.3
1335.75
1336.2
1336.58
1336.85
1337.1
1337.84
1341.11
1354.02
1404.18
1617.12
2659.32
1359.64
1359.93
1360.51
1361.37
1362.5
1363.92
1365.69
1368.04
1371.57
1377.88
1391.18
1422.47
1500.12
1690.57
2079.96
1384.55
1384.99
1385.87
1387.2
1389.01
1391.35
1394.36
1398.37
1404.07
1413.01
1428.7
1458.69
1517.67
1625.81
1771.7
1409.12
1409.7
1410.87
1412.65
1415.09
1418.25
1422.3
1427.48
1434.26
1443.4
1456.23
1474.73
1501.02
1534.78
1565.46
1433.25
1433.96
1435.4
1437.6
1440.6
1444.5
1449.39
1455.44
1462.75
1471.18
1479.79
1485.29
1479.14
1445.83
1381.24
1456.82
1457.66
1459.35
1461.93
1465.45
1469.99
1475.64
1482.47
1490.4
1498.78
1505.46
1503.89
1476.05
1378.57
1152.88
1479.78
1480.72
1482.64
1485.56
1489.54
1494.66
1501.02
1508.7
1517.67
1527.52
1536.81
1540.68
1521.28
1400.28
768.509
1502.02
1503.07
1505.17
1508.39
1512.77
1518.41
1525.44
1533.99
1544.27
1556.58
1571.86
1593.59
1637.01
1776.63
2417.65
1523.49
1524.62
1526.89
1530.35
1535.07
1541.16
1548.74
1558.04
1569.4
1583.54
1602.38
1631.37
1685.88
1804.74
2041.19
1544.14
1545.33
1547.73
1551.39
1556.38
1562.8
1570.8
1580.61
1592.53
1607.17
1625.81
1651.36
1690
1751.12
1829.7
1563.91
1565.14
1567.64
1571.45
1576.63
1583.29
1591.57
1601.65
1613.73
1627.97
1644.38
1662.22
1678.46
1685.31
1673.55
1582.76
1584.03
1586.59
1590.49
1595.79
1602.59
1611.03
1621.25
1633.35
1647.2
1661.91
1674.12
1673.38
1632.36
1510
1600.69
1601.98
1604.56
1608.5
1613.85
1620.71
1629.21
1639.5
1651.71
1665.78
1681.11
1694.96
1696.21
1635.84
1262.25
1617.68
1618.96
1621.55
1625.47
1630.8
1637.63
1646.09
1656.37
1668.7
1683.43
1701.3
1724.48
1761.78
1856.78
2251.5
1633.73
1634.99
1637.54
1641.41
1646.65
1653.36
1661.66
1671.76
1683.96
1698.83
1717.74
1744.14
1787.24
1869.5
2020.01
1648.85
1650.08
1652.56
1656.33
1661.42
1667.92
1675.94
1685.65
1697.31
1711.38
1728.92
1752.14
1785.45
1834.75
1893.83
1663.06
1664.25
1666.64
1670.27
1675.15
1681.37
1688.99
1698.12
1708.9
1721.47
1736.1
1753.07
1772.49
1793.17
1809.48
1676.39
1677.53
1679.81
1683.26
1687.91
1693.78
1700.93
1709.41
1719.18
1730.09
1741.59
1752.24
1758.59
1754.56
1737.25
1688.89
1689.96
1692.12
1695.38
1699.74
1705.25
1711.91
1719.73
1728.62
1738.22
1747.63
1754.33
1751.85
1725.1
1653.8
1700.58
1701.59
1703.61
1706.65
1710.73
1715.85
1722.03
1729.27
1737.49
1746.44
1755.48
1762.74
1761.89
1726.54
1521.63
1711.52
1712.46
1714.34
1717.16
1720.93
1725.66
1731.36
1738.07
1745.79
1754.53
1764.52
1776.73
1795.84
1845.66
2057.93
1721.76
1722.62
1724.35
1726.94
1730.39
1734.73
1739.95
1746.12
1753.31
1761.7
1771.95
1785.85
1808.4
1851.92
1932.48
1731.35
1732.13
1733.7
1736.06
1739.19
1743.11
1747.84
1753.41
1759.92
1767.53
1776.8
1788.92
1806.34
1832.39
1863.79
1740.34
1741.05
1742.46
1744.57
1747.38
1750.88
1755.08
1760.01
1765.69
1772.17
1779.61
1788.23
1798.22
1809.09
1817.71
1748.79
1749.42
1750.67
1752.55
1755.03
1758.11
1761.77
1766.03
1770.83
1776.07
1781.53
1786.54
1789.45
1787.28
1778.42
1756.75
1757.3
1758.4
1760.04
1762.2
1764.86
1768.01
1771.61
1775.6
1779.78
1783.72
1786.23
1784.15
1770.05
1733.79
1764.27
1764.75
1765.7
1767.11
1768.96
1771.22
1773.87
1776.88
1780.17
1783.59
1786.85
1789.05
1787.14
1768.14
1664.8
1771.41
1771.82
1772.62
1773.82
1775.37
1777.25
1779.43
1781.89
1784.58
1787.47
1790.65
1794.66
1801.96
1824.73
1929.14
1778.21
1778.55
1779.22
1780.21
1781.48
1783.01
1784.75
1786.69
1788.79
1791.08
1793.82
1797.92
1805.98
1824.57
1862.49
1784.72
1785
1785.55
1786.35
1787.36
1788.56
1789.89
1791.32
1792.81
1794.32
1796
1798.36
1802.63
1810.94
1822.96
1790.99
1791.21
1791.65
1792.27
1793.05
1793.95
1794.91
1795.87
1796.74
1797.38
1797.66
1797.4
1796.42
1794.68
1792.59
1797.05
1797.22
1797.56
1798.03
1798.61
1799.24
1799.87
1800.43
1800.77
1800.64
1799.64
1796.89
1790.68
1778.6
1761.56
1802.93
1803.06
1803.31
1803.65
1804.06
1804.47
1804.84
1805.08
1805.05
1804.46
1802.78
1798.71
1788.97
1765.9
1719.5
1808.68
1808.77
1808.95
1809.18
1809.43
1809.67
1809.84
1809.87
1809.65
1808.98
1807.53
1804.41
1796.46
1769.34
1646.01
1814.31
1814.37
1814.48
1814.63
1814.77
1814.87
1814.89
1814.78
1814.49
1813.98
1813.39
1813.41
1817.21
1839.55
1958.58
1819.84
1819.88
1819.94
1820.01
1820.06
1820.06
1819.97
1819.77
1819.43
1818.99
1818.75
1819.74
1825.02
1842.54
1883.69
1825.3
1825.32
1825.34
1825.36
1825.34
1825.25
1825.08
1824.8
1824.37
1823.81
1823.22
1823.02
1824.27
1829.08
1838.15
1830.7
1830.7
1830.69
1830.66
1830.59
1830.45
1830.22
1829.87
1829.36
1828.58
1827.36
1825.22
1821
1812.61
1799.7
1836.04
1836.03
1836
1835.94
1835.83
1835.65
1835.38
1835
1834.46
1833.6
1832.09
1828.82
1820.58
1799.21
1753.08
1841.34
1841.32
1841.28
1841.2
1841.06
1840.86
1840.57
1840.2
1839.71
1839.03
1837.98
1835.8
1829.23
1802.94
1675.2
1846.6
1846.57
1846.52
1846.43
1846.28
1846.06
1845.77
1845.42
1845.02
1844.66
1844.61
1845.78
1851.51
1877.07
2003.66
1851.82
1851.79
1851.74
1851.64
1851.49
1851.26
1850.97
1850.62
1850.26
1850.01
1850.34
1852.52
1859.98
1880.99
1926.54
1857.01
1856.98
1856.93
1856.83
1856.68
1856.46
1856.16
1855.78
1855.34
1854.9
1854.73
1855.54
1858.98
1867.81
1881.84
1862.16
1862.14
1862.09
1862
1861.86
1861.64
1861.34
1860.94
1860.37
1859.55
1858.38
1856.66
1854.19
1850.95
1847.67
1867.28
1867.27
1867.22
1867.15
1867.03
1866.83
1866.55
1866.15
1865.51
1864.4
1862.35
1858.25
1849.89
1834.07
1811.99
1872.37
1872.35
1872.33
1872.27
1872.18
1872.03
1871.81
1871.47
1870.91
1869.86
1867.69
1862.75
1850.72
1821.47
1761.76
1877.4
1877.4
1877.39
1877.36
1877.31
1877.22
1877.08
1876.89
1876.59
1876.04
1874.91
1872.11
1863.45
1829.98
1670.83
1882.39
1882.4
1882.41
1882.42
1882.41
1882.39
1882.35
1882.34
1882.37
1882.56
1883.24
1885.47
1893.35
1925.7
2083.17
1887.33
1887.34
1887.38
1887.42
1887.46
1887.5
1887.56
1887.69
1887.99
1888.69
1890.43
1894.87
1906.21
1934.47
1992.63
1892.19
1892.23
1892.28
1892.36
1892.45
1892.55
1892.67
1892.88
1893.27
1894.03
1895.71
1899.4
1907.28
1922.42
1943.25
1896.99
1897.04
1897.12
1897.23
1897.37
1897.51
1897.68
1897.9
1898.21
1898.7
1899.53
1900.97
1903.26
1906.38
1909.08
1901.71
1901.77
1901.88
1902.04
1902.22
1902.41
1902.6
1902.8
1902.98
1903.07
1902.89
1901.88
1898.6
1890.59
1877.56
1906.33
1906.41
1906.56
1906.76
1907
1907.24
1907.47
1907.66
1907.74
1907.57
1906.79
1904.31
1897.18
1878.22
1837.75
1910.84
1910.94
1911.14
1911.41
1911.72
1912.03
1912.32
1912.53
1912.62
1912.45
1911.8
1909.91
1903.93
1880.74
1770.6
1915.23
1915.36
1915.62
1915.96
1916.37
1916.78
1917.16
1917.45
1917.61
1917.61
1917.61
1918.31
1922.56
1943.6
2051.39
1919.48
1919.65
1919.97
1920.42
1920.95
1921.5
1922.01
1922.41
1922.65
1922.72
1922.89
1924.17
1929.49
1946.17
1984.14
1923.55
1923.77
1924.19
1924.77
1925.46
1926.19
1926.88
1927.44
1927.74
1927.7
1927.36
1927.17
1928.48
1933.88
1944.06
1927.42
1927.7
1928.23
1928.98
1929.88
1930.85
1931.79
1932.58
1933.02
1932.82
1931.66
1929.08
1924.58
1918.21
1911.82
1931.05
1931.4
1932.07
1933.02
1934.18
1935.47
1936.77
1937.92
1938.66
1938.57
1936.9
1932.24
1921.94
1902.49
1875.94
1934.39
1934.82
1935.66
1936.85
1938.34
1940.03
1941.8
1943.48
1944.82
1945.34
1944.17
1939.27
1925.61
1891.64
1822.41
1937.38
1937.9
1938.93
1940.42
1942.3
1944.47
1946.83
1949.23
1951.48
1953.24
1953.99
1952.31
1943.33
1905.21
1721.61
1939.95
1940.58
1941.84
1943.66
1945.99
1948.73
1951.78
1955.04
1958.4
1961.79
1965.42
1970.37
1981.24
2019.75
2202.25
1942.02
1942.78
1944.29
1946.49
1949.33
1952.7
1956.53
1960.73
1965.23
1970.11
1975.89
1984.25
1999.89
2034.23
2102.29
1943.51
1944.41
1946.2
1948.83
1952.22
1956.31
1960.98
1966.15
1971.74
1977.75
1984.52
1993.02
2005.48
2025.25
2050.42
1944.32
1945.37
1947.47
1950.56
1954.58
1959.44
1965.03
1971.23
1977.89
1984.81
1991.88
1998.97
2005.96
2012.44
2016.84
1944.33
1945.56
1947.99
1951.59
1956.29
1962
1968.6
1975.94
1983.78
1991.72
1999.16
2004.93
2006.72
2001.01
1987.15
1943.45
1944.85
1947.65
1951.8
1957.24
1963.88
1971.61
1980.26
1989.52
1998.91
2007.55
2013.57
2012.64
1995.19
1948.66
1941.53
1943.13
1946.31
1951.04
1957.28
1964.95
1973.94
1984.08
1995.11
2006.56
2017.71
2026.99
2029.98
2009.5
1878.68
1938.45
1940.25
1943.83
1949.18
1956.27
1965.04
1975.41
1987.24
2000.33
2014.36
2029.11
2044.7
2063.56
2100.36
2239.11
1934.08
1936.07
1940.06
1946.05
1954.02
1963.96
1975.81
1989.48
2004.81
2021.62
2039.86
2060.06
2084.62
2120.36
2176.33
1928.26
1930.45
1934.85
1941.48
1950.35
1961.49
1974.89
1990.5
2008.21
2027.82
2049.18
2072.35
2097.84
2126.26
2153.27
1920.87
1923.25
1928.04
1935.28
1945.04
1957.39
1972.37
1990.01
2010.21
2032.74
2057.19
2082.95
2108.96
2133.06
2149.81
1911.77
1914.32
1919.46
1927.28
1937.88
1951.39
1967.96
1987.69
2010.54
2036.25
2064.24
2093.31
2121.35
2144.91
2158.84
1900.84
1903.53
1908.97
1917.28
1928.62
1943.22
1961.31
1983.14
2008.8
2038.13
2070.48
2104.32
2136.79
2163.38
2178.39
1888
1890.79
1896.44
1905.11
1917.04
1932.55
1952.02
1975.87
2004.45
2037.84
2075.61
2116.21
2156.23
2189.83
2209.22
1873.17
1875.99
1881.74
1890.62
1902.91
1919.07
1939.62
1965.26
1996.68
2034.45
2078.73
2128.45
2180.08
2226.07
2254.36
1856.32
1859.12
1864.83
1873.68
1886.05
1902.46
1923.66
1950.58
1984.42
2026.48
2078
2139.28
2207.78
2274.53
2320.01
1837.48
1840.17
1845.67
1854.25
1866.31
1882.48
1903.65
1931.06
1966.39
2011.88
2070.43
2145.02
2236.62
2337.71
2418.08
1816.72
1819.21
1824.33
1832.33
1843.65
1858.97
1879.26
1905.97
1941.22
1988.16
2051.67
2138.88
2258.81
2415.2
2572.81
1794.18
1796.38
1800.92
1808.04
1818.17
1831.95
1850.37
1874.91
1907.86
1952.89
2016.38
2109.94
2255.61
2491.76
2837.84
1770.05
1771.89
1775.67
1781.61
1790.08
1801.65
1817.17
1837.96
1866.03
1904.73
1960.15
2044.76
2189.5
2491.92
3344.03
-3141.95
-2334.47
-2047.34
-1910.01
-1830.06
-1778.07
-1742.1
-1716.29
-1697.39
-1683.42
-1673.13
-1665.67
-1660.48
-1657.19
-1655.6
-2660.03
-2332.21
-2108.55
-1970.89
-1882.89
-1823.6
-1781.92
-1751.72
-1729.46
-1712.92
-1700.66
-1691.72
-1685.48
-1681.53
-1679.61
-2406.56
-2257.55
-2109.97
-1997.22
-1915.72
-1856.83
-1813.69
-1781.6
-1757.52
-1739.39
-1725.81
-1715.85
-1708.85
-1704.4
-1702.23
-2257.38
-2181.82
-2087.13
-2001.79
-1932.79
-1879.08
-1837.71
-1805.88
-1781.39
-1762.63
-1748.4
-1737.86
-1730.4
-1725.63
-1723.3
-2161.47
-2119.32
-2057.73
-1994.94
-1939.19
-1892.7
-1855.05
-1824.99
-1801.24
-1782.67
-1768.38
-1757.66
-1750.02
-1745.11
-1742.7
-2095.65
-2070.25
-2029.1
-1983.13
-1939.11
-1900.12
-1867.04
-1839.67
-1817.44
-1799.69
-1785.81
-1775.28
-1767.7
-1762.79
-1760.39
-2048.28
-2032.05
-2003.75
-1969.91
-1935.47
-1903.39
-1875.01
-1850.72
-1830.48
-1813.97
-1800.85
-1790.78
-1783.46
-1778.7
-1776.35
-2012.98
-2002.18
-1982.2
-1957.03
-1930.15
-1904.02
-1880.06
-1858.92
-1840.86
-1825.85
-1813.73
-1804.3
-1797.39
-1792.87
-1790.63
-1986.01
-1978.6
-1964.2
-1945.27
-1924.26
-1903.1
-1883.07
-1864.93
-1849.08
-1835.66
-1824.66
-1816.01
-1809.61
-1805.4
-1803.31
-1964.99
-1959.83
-1949.27
-1934.89
-1918.42
-1901.32
-1884.71
-1869.3
-1855.56
-1843.74
-1833.91
-1826.09
-1820.26
-1816.4
-1814.48
-1948.37
-1944.76
-1936.92
-1925.91
-1912.95
-1899.16
-1885.44
-1872.45
-1860.67
-1850.36
-1841.69
-1834.73
-1829.49
-1826.01
-1824.26
-1935.08
-1932.57
-1926.71
-1918.23
-1908
-1896.88
-1885.59
-1874.72
-1864.69
-1855.8
-1848.23
-1842.1
-1837.46
-1834.35
-1832.79
-1924.34
-1922.64
-1918.25
-1911.7
-1903.62
-1894.66
-1885.4
-1876.34
-1867.86
-1860.26
-1853.72
-1848.37
-1844.3
-1841.56
-1840.18
-1915.61
-1914.51
-1911.24
-1906.18
-1899.79
-1892.58
-1885.01
-1877.49
-1870.37
-1863.92
-1858.31
-1853.69
-1850.16
-1847.76
-1846.55
-1908.47
-1907.82
-1905.41
-1901.51
-1896.47
-1890.69
-1884.52
-1878.32
-1872.37
-1866.93
-1862.16
-1858.21
-1855.16
-1853.09
-1852.04
-1902.59
-1902.29
-1900.56
-1897.58
-1893.62
-1889
-1884
-1878.9
-1873.97
-1869.41
-1865.39
-1862.03
-1859.43
-1857.65
-1856.75
-1897.73
-1897.71
-1896.51
-1894.26
-1891.18
-1887.51
-1883.48
-1879.32
-1875.25
-1871.46
-1868.1
-1865.26
-1863.06
-1861.55
-1860.78
-1893.7
-1893.9
-1893.12
-1891.47
-1889.1
-1886.21
-1882.99
-1879.61
-1876.29
-1873.16
-1870.37
-1868
-1866.15
-1864.88
-1864.23
-1890.34
-1890.72
-1890.28
-1889.11
-1887.32
-1885.08
-1882.53
-1879.82
-1877.13
-1874.58
-1872.28
-1870.32
-1868.78
-1867.72
-1867.18
-1887.53
-1888.06
-1887.9
-1887.11
-1885.8
-1884.1
-1882.11
-1879.97
-1877.81
-1875.75
-1873.89
-1872.28
-1871.02
-1870.14
-1869.7
-1885.16
-1885.81
-1885.88
-1885.42
-1884.51
-1883.25
-1881.74
-1880.08
-1878.38
-1876.74
-1875.25
-1873.95
-1872.93
-1872.21
-1871.85
-1883.17
-1883.92
-1884.17
-1883.98
-1883.4
-1882.52
-1881.41
-1880.16
-1878.85
-1877.58
-1876.4
-1875.38
-1874.56
-1873.99
-1873.69
-1881.47
-1882.3
-1882.72
-1882.75
-1882.45
-1881.89
-1881.12
-1880.21
-1879.24
-1878.28
-1877.39
-1876.6
-1875.96
-1875.51
-1875.28
-1880.02
-1880.92
-1881.46
-1881.69
-1881.63
-1881.34
-1880.86
-1880.25
-1879.57
-1878.89
-1878.23
-1877.65
-1877.17
-1876.84
-1876.66
-1878.76
-1879.71
-1880.38
-1880.77
-1880.91
-1880.85
-1880.63
-1880.28
-1879.86
-1879.41
-1878.97
-1878.56
-1878.23
-1877.99
-1877.86
-1877.65
-1878.66
-1879.42
-1879.96
-1880.28
-1880.43
-1880.43
-1880.3
-1880.1
-1879.87
-1879.62
-1879.37
-1879.16
-1879
-1878.92
-1876.66
-1877.72
-1878.57
-1879.23
-1879.71
-1880.05
-1880.24
-1880.32
-1880.32
-1880.28
-1880.19
-1880.09
-1879.99
-1879.92
-1879.87
-1875.76
-1876.86
-1877.79
-1878.57
-1879.2
-1879.7
-1880.08
-1880.34
-1880.53
-1880.65
-1880.72
-1880.75
-1880.75
-1880.75
-1880.74
-1874.91
-1876.05
-1877.06
-1877.95
-1878.71
-1879.37
-1879.92
-1880.36
-1880.72
-1881
-1881.22
-1881.37
-1881.46
-1881.52
-1881.55
-1874.09
-1875.27
-1876.36
-1877.35
-1878.25
-1879.06
-1879.78
-1880.38
-1880.9
-1881.34
-1881.69
-1881.96
-1882.14
-1882.26
-1882.32
-1873.28
-1874.49
-1875.66
-1876.77
-1877.8
-1878.76
-1879.64
-1880.41
-1881.09
-1881.68
-1882.16
-1882.54
-1882.81
-1882.99
-1883.08
-1872.44
-1873.69
-1874.94
-1876.16
-1877.34
-1878.47
-1879.51
-1880.45
-1881.29
-1882.03
-1882.65
-1883.13
-1883.49
-1883.73
-1883.84
-1871.54
-1872.84
-1874.18
-1875.53
-1876.87
-1878.16
-1879.39
-1880.51
-1881.52
-1882.41
-1883.15
-1883.75
-1884.2
-1884.49
-1884.63
-1870.55
-1871.91
-1873.36
-1874.86
-1876.36
-1877.85
-1879.27
-1880.58
-1881.77
-1882.82
-1883.71
-1884.42
-1884.95
-1885.3
-1885.47
-1869.44
-1870.87
-1872.44
-1874.11
-1875.82
-1877.53
-1879.17
-1880.69
-1882.07
-1883.29
-1884.32
-1885.15
-1885.76
-1886.17
-1886.37
-1868.15
-1869.66
-1871.39
-1873.27
-1875.23
-1877.19
-1879.08
-1880.83
-1882.42
-1883.82
-1885.01
-1885.96
-1886.67
-1887.14
-1887.37
-1866.63
-1868.25
-1870.18
-1872.32
-1874.57
-1876.84
-1879.02
-1881.03
-1882.85
-1884.45
-1885.8
-1886.87
-1887.68
-1888.21
-1888.47
-1864.8
-1866.57
-1868.76
-1871.24
-1873.86
-1876.48
-1879
-1881.32
-1883.39
-1885.2
-1886.71
-1887.92
-1888.82
-1889.41
-1889.7
-1862.56
-1864.53
-1867.08
-1870
-1873.08
-1876.15
-1879.06
-1881.71
-1884.06
-1886.09
-1887.78
-1889.12
-1890.11
-1890.76
-1891.09
-1859.77
-1862.03
-1865.07
-1868.59
-1872.26
-1875.87
-1879.23
-1882.25
-1884.9
-1887.16
-1889.03
-1890.49
-1891.58
-1892.29
-1892.64
-1856.23
-1858.93
-1862.69
-1867
-1871.44
-1875.69
-1879.58
-1883
-1885.96
-1888.45
-1890.49
-1892.08
-1893.25
-1894.01
-1894.39
-1851.64
-1855.02
-1859.85
-1865.28
-1870.68
-1875.71
-1880.17
-1884.02
-1887.29
-1890
-1892.19
-1893.89
-1895.13
-1895.95
-1896.35
-1845.51
-1850.06
-1856.53
-1863.51
-1870.14
-1876.05
-1881.13
-1885.4
-1888.94
-1891.85
-1894.17
-1895.96
-1897.26
-1898.11
-1898.53
-1837.03
-1843.72
-1852.8
-1861.93
-1870.05
-1876.91
-1882.59
-1887.22
-1890.99
-1894.04
-1896.46
-1898.31
-1899.65
-1900.52
-1900.95
-1824.73
-1835.64
-1848.97
-1860.98
-1870.77
-1878.54
-1884.69
-1889.58
-1893.49
-1896.62
-1899.08
-1900.95
-1902.31
-1903.19
-1903.62
-1805.67
-1825.83
-1845.99
-1861.51
-1872.85
-1881.24
-1887.62
-1892.57
-1896.48
-1899.59
-1902.03
-1903.89
-1905.24
-1906.11
-1906.53
-1773.43
-1815.96
-1846.18
-1864.89
-1876.92
-1885.28
-1891.46
-1896.22
-1899.99
-1902.98
-1905.34
-1907.13
-1908.43
-1909.28
-1909.69
-1712.45
-1814.58
-1854.3
-1872.83
-1883.5
-1890.76
-1896.22
-1900.52
-1903.97
-1906.75
-1908.96
-1910.66
-1911.89
-1912.69
-1913.09
-1775.89
-1856.48
-1877.08
-1886.16
-1892.39
-1897.45
-1901.73
-1905.34
-1908.36
-1910.87
-1912.88
-1914.45
-1915.59
-1916.33
-1916.7
-2083.88
-1940
-1907.8
-1901.43
-1902.03
-1904.62
-1907.63
-1910.51
-1913.07
-1915.26
-1917.06
-1918.47
-1919.5
-1920.19
-1920.52
-1998.32
-1945.9
-1920.52
-1911.79
-1910.24
-1911.45
-1913.57
-1915.85
-1917.98
-1919.87
-1921.44
-1922.69
-1923.61
-1924.22
-1924.52
-1949.94
-1932.97
-1921.63
-1917.11
-1916.47
-1917.58
-1919.34
-1921.23
-1923.03
-1924.63
-1925.99
-1927.07
-1927.88
-1928.42
-1928.68
-1914.13
-1916.08
-1917.94
-1919.69
-1921.43
-1923.21
-1924.96
-1926.62
-1928.15
-1929.51
-1930.66
-1931.59
-1932.28
-1932.74
-1932.97
-1877.75
-1899.19
-1914.28
-1922.21
-1926.33
-1928.79
-1930.58
-1932.05
-1933.34
-1934.47
-1935.43
-1936.21
-1936.79
-1937.18
-1937.37
-1827.25
-1886.66
-1915.52
-1927.33
-1932.32
-1934.79
-1936.36
-1937.56
-1938.58
-1939.49
-1940.27
-1940.9
-1941.38
-1941.7
-1941.85
-1736.28
-1895.28
-1928.56
-1937.13
-1940
-1941.38
-1942.32
-1943.13
-1943.87
-1944.55
-1945.15
-1945.64
-1946.02
-1946.27
-1946.39
-2148.69
-1991.14
-1958.72
-1950.82
-1948.67
-1948.2
-1948.33
-1948.69
-1949.14
-1949.61
-1950.04
-1950.41
-1950.69
-1950.88
-1950.97
-2058.25
-2000.06
-1971.79
-1960.46
-1956.12
-1954.55
-1954.11
-1954.13
-1954.34
-1954.63
-1954.92
-1955.17
-1955.37
-1955.5
-1955.56
-2008.99
-1988.17
-1973.03
-1965.19
-1961.59
-1960.07
-1959.51
-1959.38
-1959.45
-1959.6
-1959.77
-1959.92
-1960.03
-1960.11
-1960.14
-1974.96
-1972.26
-1969.16
-1966.92
-1965.57
-1964.87
-1964.56
-1964.45
-1964.45
-1964.5
-1964.57
-1964.63
-1964.67
-1964.69
-1964.7
-1943.56
-1956.6
-1964.64
-1967.97
-1969.06
-1969.35
-1969.4
-1969.38
-1969.36
-1969.34
-1969.32
-1969.29
-1969.26
-1969.23
-1969.21
-1903.87
-1944.35
-1963.34
-1970.51
-1973.06
-1973.94
-1974.22
-1974.26
-1974.21
-1974.13
-1974.02
-1973.9
-1973.79
-1973.71
-1973.66
-1836.83
-1946.99
-1970.19
-1976.22
-1978.16
-1978.88
-1979.14
-1979.16
-1979.05
-1978.87
-1978.66
-1978.44
-1978.25
-1978.11
-1978.03
-2117.72
-2009.95
-1988.93
-1984.7
-1984.05
-1984.1
-1984.17
-1984.09
-1983.87
-1983.58
-1983.24
-1982.91
-1982.62
-1982.41
-1982.29
-2050.58
-2012.6
-1995.95
-1990.65
-1989.4
-1989.26
-1989.24
-1989.06
-1988.71
-1988.26
-1987.76
-1987.29
-1986.88
-1986.58
-1986.42
-2010.58
-2000.41
-1995.02
-1993.72
-1993.92
-1994.29
-1994.36
-1994.09
-1993.56
-1992.91
-1992.21
-1991.56
-1991
-1990.6
-1990.39
-1978.44
-1984.82
-1991.2
-1995.7
-1998.28
-1999.45
-1999.66
-1999.23
-1998.46
-1997.53
-1996.58
-1995.69
-1994.96
-1994.44
-1994.17
-1942.65
-1969.19
-1988.64
-1998.93
-2003.58
-2005.24
-2005.32
-2004.57
-2003.42
-2002.12
-2000.83
-1999.67
-1998.72
-1998.05
-1997.7
-1889.21
-1958.43
-1992.39
-2006.03
-2010.91
-2012.05
-2011.5
-2010.14
-2008.43
-2006.64
-2004.93
-2003.43
-2002.22
-2001.38
-2000.95
-1788.51
-1972.09
-2010.2
-2019.14
-2020.78
-2019.99
-2018.18
-2015.89
-2013.44
-2011.04
-2008.83
-2006.93
-2005.42
-2004.37
-2003.84
-2269.26
-2086.74
-2048.2
-2037.28
-2032.28
-2028.58
-2025.12
-2021.69
-2018.36
-2015.25
-2012.46
-2010.09
-2008.23
-2006.95
-2006.3
-2169.42
-2101.34
-2066.95
-2051.25
-2042.81
-2036.95
-2031.97
-2027.38
-2023.09
-2019.18
-2015.73
-2012.83
-2010.58
-2009.05
-2008.26
-2117.68
-2092.48
-2072.66
-2060.11
-2051.51
-2044.63
-2038.5
-2032.79
-2027.51
-2022.72
-2018.55
-2015.07
-2012.39
-2010.56
-2009.63
-2084.26
-2079.82
-2073.26
-2066.17
-2058.95
-2051.74
-2044.67
-2037.86
-2031.52
-2025.79
-2020.82
-2016.7
-2013.54
-2011.39
-2010.3
-2054.75
-2068.56
-2074.18
-2072.25
-2066.33
-2058.71
-2050.58
-2042.56
-2035.04
-2028.28
-2022.43
-2017.61
-2013.92
-2011.43
-2010.17
-2016.47
-2062.94
-2080.28
-2081.05
-2074.83
-2065.96
-2056.34
-2046.85
-2037.99
-2030.07
-2023.25
-2017.67
-2013.42
-2010.55
-2009.11
-1946.76
-2077.49
-2097.83
-2094.63
-2085.1
-2073.68
-2061.95
-2050.65
-2040.25
-2031.02
-2023.16
-2016.75
-2011.89
-2008.63
-2006.99
-2307.5
-2168.65
-2131.66
-2112.54
-2096.64
-2081.56
-2067.18
-2053.77
-2041.63
-2030.98
-2021.98
-2014.7
-2009.21
-2005.53
-2003.68
-2245.1
-2189
-2153.02
-2128.14
-2107.55
-2088.9
-2071.68
-2055.95
-2041.91
-2029.74
-2019.54
-2011.35
-2005.19
-2001.09
-1999.04
-2222.5
-2195.33
-2166.6
-2140.69
-2117.05
-2095.18
-2075.07
-2056.89
-2040.85
-2027.08
-2015.63
-2006.51
-1999.7
-1995.18
-1992.92
-2219.63
-2202.67
-2178.16
-2151.61
-2125.25
-2100.17
-2077.05
-2056.29
-2038.16
-2022.75
-2010.05
-2000.01
-1992.56
-1987.64
-1985.19
-2229.4
-2215.17
-2191.07
-2162.34
-2132.5
-2103.75
-2077.32
-2053.82
-2033.52
-2016.47
-2002.56
-1991.65
-1983.61
-1978.32
-1975.69
-2249.89
-2234.47
-2207.14
-2173.76
-2138.95
-2105.66
-2075.47
-2049.06
-2026.58
-2007.95
-1992.92
-1981.24
-1972.69
-1967.09
-1964.32
-2281.96
-2261.96
-2227.34
-2186.1
-2144.27
-2105.35
-2070.94
-2041.5
-2016.93
-1996.86
-1980.89
-1968.6
-1959.67
-1953.85
-1950.98
-2328.76
-2299.54
-2252.07
-2198.8
-2147.51
-2101.84
-2062.89
-2030.51
-2004.08
-1982.88
-1966.23
-1953.56
-1944.42
-1938.5
-1935.59
-2396.71
-2349.72
-2280.77
-2210.04
-2146.78
-2093.62
-2050.21
-2015.32
-1987.55
-1965.69
-1948.76
-1936.01
-1926.89
-1921.01
-1918.13
-2498.14
-2415.08
-2310.64
-2216.02
-2138.99
-2078.54
-2031.57
-1995.12
-1966.85
-1945.01
-1928.32
-1915.88
-1907.05
-1901.38
-1898.61
-2658.1
-2495.22
-2333.62
-2209.71
-2119.63
-2054.04
-2005.56
-1969.19
-1941.63
-1920.68
-1904.88
-1893.2
-1884.95
-1879.68
-1877.11
-2932.02
-2574.39
-2330.36
-2179.85
-2083.18
-2017.6
-1971.09
-1937.08
-1911.75
-1892.74
-1878.51
-1868.07
-1860.73
-1856.05
-1853.78
-3455.12
-2574.6
-2262.09
-2112.52
-2025.1
-1967.84
-1927.87
-1898.89
-1877.44
-1861.41
-1849.47
-1840.72
-1834.6
-1830.71
-1828.82
1742.06
1743.4
1746.17
1750.53
1756.75
1765.24
1776.59
1791.69
1811.83
1838.92
1875.92
1927.06
1996.26
2072.1
2028.61
1710.1
1710.83
1712.33
1714.7
1718.04
1722.57
1728.5
1736.12
1745.66
1757.14
1769.83
1780.52
1778.7
1733.36
1564.21
1677.34
1677.41
1677.56
1677.79
1678.09
1678.41
1678.65
1678.54
1677.46
1674.09
1665.66
1646.4
1604.6
1518.35
1354.62
1644.43
1643.84
1642.64
1640.74
1638.02
1634.26
1629.09
1621.86
1611.47
1596.01
1572.25
1534.74
1474.88
1380.74
1240.89
1612.05
1610.83
1608.33
1604.44
1598.93
1591.46
1581.51
1568.27
1550.47
1526.17
1492.51
1445.37
1379.37
1288.8
1170.53
1580.81
1579.02
1575.36
1569.68
1561.72
1551.07
1537.17
1519.17
1495.89
1465.64
1426.2
1374.8
1308.38
1224.49
1122.98
1551.3
1549.01
1544.34
1537.13
1527.11
1513.87
1496.85
1475.3
1448.19
1414.22
1371.79
1319.18
1254.78
1177.77
1088.9
1524.02
1521.31
1515.8
1507.34
1495.65
1480.38
1461.01
1436.92
1407.3
1371.18
1327.52
1275.28
1213.75
1142.84
1063.53
1499.39
1496.34
1490.15
1480.69
1467.71
1450.9
1429.84
1404.02
1372.84
1335.64
1291.75
1240.63
1182.05
1116.25
1044.2
1477.75
1474.43
1467.72
1457.49
1443.54
1425.61
1403.37
1376.43
1344.35
1306.72
1263.15
1213.4
1157.51
1095.87
1029.35
1459.38
1455.85
1448.74
1437.94
1423.29
1404.57
1381.53
1353.89
1321.36
1283.68
1240.66
1192.27
1138.66
1080.31
1017.98
1444.46
1440.79
1433.39
1422.19
1407.04
1387.79
1364.24
1336.19
1303.47
1265.92
1223.51
1176.29
1124.52
1068.67
1009.45
1433.16
1429.39
1421.79
1410.31
1394.84
1375.24
1351.38
1323.11
1290.33
1252.98
1211.09
1164.8
1114.41
1060.38
1003.35
1425.58
1421.74
1414.02
1402.37
1386.7
1366.9
1342.86
1314.48
1281.71
1244.54
1203.03
1157.37
1107.89
1055.03
999.409
1421.77
1417.9
1410.13
1398.4
1382.63
1362.73
1338.62
1310.2
1277.44
1240.36
1199.06
1153.72
1104.69
1052.42
997.478
1336.05
528.365
261.368
157.594
109.229
82.6078
65.9333
54.4849
46.1039
39.6793
34.5826
30.4311
26.9781
24.0572
21.5524
19.3798
17.4777
15.7992
14.3082
12.9763
11.7809
10.7035
9.72901
8.8448
8.04021
7.30617
6.63484
6.01941
5.45391
4.93304
4.45209
4.00683
3.59343
3.20841
2.84859
2.51103
2.19303
1.89204
1.6057
1.33175
1.06807
0.812617
0.563408
0.318529
0.0760974
-0.165749
-0.408866
-0.65512
-0.906406
-1.16466
-1.43187
-1.71012
-2.00157
-2.3085
-2.63335
-2.9787
-3.34732
-3.74223
-4.16669
-4.62427
-5.11892
-5.65499
-6.23733
-6.87139
-7.56335
-8.32022
-9.15008
-10.0623
-11.0679
-12.1799
-13.4139
-14.7889
-16.3284
-18.0617
-20.0261
-22.2699
-24.8571
-27.8741
-31.441
-35.7296
-40.9947
-47.6318
-56.2904
-68.1181
-85.3456
-112.851
-162.821
-270.042
-545.911
-1380.44
1200.63
806.484
549.051
392.986
296.373
233.496
190.271
159.035
135.492
117.124
102.385
90.2862
80.1667
71.5716
64.1777
57.7492
52.1103
47.1269
42.6949
38.7319
35.1722
31.9619
29.0566
26.4193
24.0187
21.8279
19.8237
17.9861
16.2972
14.7414
13.3047
11.9744
10.7393
9.5888
8.51358
7.50484
6.55448
5.65496
4.79917
3.98042
3.19234
2.42882
1.68396
0.952048
0.227444
-0.495412
-1.22206
-1.95809
-2.70915
-3.48102
-4.27967
-5.11127
-5.98232
-6.89963
-7.87043
-8.90244
-10.004
-11.184
-12.4522
-13.8193
-15.2969
-16.8981
-18.6372
-20.5305
-22.5963
-24.8552
-27.3312
-30.0521
-33.05
-36.3634
-40.038
-44.1293
-48.7055
-53.8516
-59.675
-66.3143
-73.9512
-82.8292
-93.2824
-105.781
-121.007
-139.982
-164.305
-196.576
-241.234
-306.196
-406.015
-567.26
-833.243
-1240.48
1123.89
887.7
690.737
542.752
434.922
356.077
297.336
252.502
217.423
189.336
166.383
147.287
131.156
117.353
105.41
94.9792
85.7968
77.6586
70.4041
63.9053
58.0588
52.7796
47.9971
43.652
39.694
36.0798
32.772
29.7377
26.9482
24.3777
22.0034
19.8046
17.7626
15.8604
14.0825
12.4142
10.8425
9.35464
7.93909
6.58474
5.28108
4.01802
2.78582
1.57499
0.376255
-0.819592
-2.02172
-3.23934
-4.48181
-5.75869
-7.07982
-8.45543
-9.89621
-11.4134
-13.019
-14.7257
-16.5472
-18.4982
-20.5948
-22.8544
-25.2964
-27.9418
-30.8144
-33.9405
-37.35
-41.0765
-45.1588
-49.6415
-54.5765
-60.0252
-66.0603
-72.7696
-80.2601
-88.6638
-98.1466
-108.919
-121.255
-135.513
-152.175
-171.901
-195.613
-224.628
-260.868
-307.187
-367.874
-449.334
-560.74
-713.635
-917.133
-1161.16
1075.65
912.384
761.863
634.671
531.713
449.69
384.363
331.909
289.275
254.149
224.817
200.01
178.79
160.45
144.459
130.407
117.976
106.914
97.0219
88.1368
80.126
72.8797
66.3055
60.3254
54.8725
49.8891
45.3248
41.1357
37.2825
33.7305
30.4484
27.4081
24.5839
21.9526
19.4926
17.1842
15.009
12.9498
10.9905
9.1158
7.31114
5.56261
3.85675
2.18046
0.520878
-1.13471
-2.79897
-4.48468
-6.20475
-7.97239
-9.80123
-11.7054
-13.6996
-15.7995
-18.0215
-20.3831
-22.9032
-25.6021
-28.5017
-31.6262
-35.0017
-38.6573
-42.6252
-46.9411
-51.6455
-56.7838
-62.4079
-68.5773
-75.3612
-82.84
-91.1091
-100.282
-110.496
-121.919
-134.756
-149.269
-165.785
-184.728
-206.648
-232.273
-262.574
-298.861
-342.905
-397.096
-464.587
-549.328
-655.697
-787.106
-942.618
-1111.3
1042.51
918.672
799.363
691.665
598.337
519.24
452.837
397.161
350.302
310.609
276.724
247.562
222.265
200.159
180.711
163.496
148.178
134.482
122.185
111.105
101.089
92.0087
83.7557
76.237
69.3725
63.0925
57.3357
52.048
47.1815
42.6931
38.5439
34.699
31.1265
27.797
24.6837
21.7617
19.0079
16.4007
13.9196
11.5456
9.26004
7.04551
4.88493
2.76175
0.65971
-1.43728
-3.54526
-5.68036
-7.85892
-10.0977
-12.4138
-14.8251
-17.3504
-20.0091
-22.8221
-25.8114
-29.0008
-32.4157
-36.0838
-40.035
-44.3022
-48.9215
-53.9328
-59.3804
-65.314
-71.7891
-78.869
-86.6256
-95.1418
-104.513
-114.852
-126.291
-138.987
-153.13
-168.949
-186.728
-206.815
-229.648
-255.778
-285.902
-320.905
-361.909
-410.316
-467.835
-536.436
-618.153
-714.573
-825.839
-949.102
-1077.05
1018.31
918.391
820.106
727.937
644.44
570.488
505.846
449.696
400.996
358.692
321.818
289.536
261.137
236.032
213.736
193.848
176.036
160.027
145.592
132.537
120.7
109.943
100.145
91.2032
83.0279
75.5397
68.6684
62.3517
56.5341
51.1652
46.1997
41.5964
37.3176
33.3289
29.5982
26.096
22.7949
19.6691
16.6942
13.8472
11.1063
8.45038
5.85904
3.31248
0.791221
-1.72399
-4.25236
-6.81321
-9.42612
-12.1111
-14.8887
-17.7803
-20.8082
-23.9957
-27.3678
-30.9506
-34.7724
-38.8635
-43.2566
-47.9872
-53.0939
-58.6193
-64.6099
-71.1176
-78.1997
-85.9205
-94.3522
-103.577
-113.687
-124.789
-137.007
-150.485
-165.389
-181.92
-200.314
-220.853
-243.881
-269.811
-299.145
-332.491
-370.581
-414.283
-464.592
-522.6
-589.38
-665.779
-752.04
-847.26
-948.8
-1052.03
999.918
915.715
832.007
751.691
676.769
608.303
546.606
491.484
442.462
398.939
360.286
325.905
295.253
267.851
243.285
221.2
201.292
183.301
167.003
152.209
138.752
126.489
115.296
105.062
95.6904
87.0951
79.1993
71.9343
65.2379
59.0541
53.3318
48.0246
43.0896
38.4876
34.1822
30.1397
26.3286
22.7192
19.2837
15.9956
12.8298
9.76184
6.76841
3.8266
0.91397
-1.99169
-4.91253
-7.87084
-10.8892
-13.9906
-17.1988
-20.5385
-24.0351
-27.7157
-31.6087
-35.7444
-40.1549
-44.8749
-49.9416
-55.3956
-61.2805
-67.6444
-74.5399
-82.0246
-90.1625
-99.0246
-108.69
-119.248
-130.798
-143.453
-157.343
-172.616
-189.443
-208.02
-228.579
-251.387
-276.758
-305.06
-336.721
-372.235
-412.161
-457.12
-507.761
-564.705
-628.443
-699.173
-776.573
-859.546
-946.024
-1033.01
985.589
912.285
838.986
767.644
699.77
636.347
577.872
524.466
475.991
432.155
392.587
356.89
324.675
295.573
269.252
245.409
223.779
204.126
186.243
169.948
155.078
141.491
129.061
117.675
107.231
97.6394
88.8186
80.6947
73.2008
66.2758
59.8641
53.9146
48.3802
43.2175
38.3863
33.849
29.5705
25.5179
21.66
17.9673
14.4116
10.9656
7.60312
4.29851
1.02662
-2.23746
-5.51858
-8.84171
-12.2322
-15.7158
-19.3191
-23.0697
-26.9962
-31.1287
-35.499
-40.1408
-45.09
-50.385
-56.0671
-62.1809
-68.7749
-75.9014
-83.6181
-91.9875
-101.079
-110.968
-121.739
-133.485
-146.311
-160.333
-175.681
-192.504
-210.967
-231.26
-253.596
-278.218
-305.403
-335.46
-368.735
-405.607
-446.478
-491.759
-541.833
-597.002
-657.41
-722.93
-793.049
-866.749
-942.473
-1018.2
974.286
908.808
843.11
778.57
716.331
657.236
601.813
550.323
502.819
459.206
419.295
382.847
349.598
319.28
291.636
266.42
243.409
222.394
203.19
185.626
169.549
154.821
141.318
128.924
117.539
107.07
97.4306
88.5446
80.3411
72.7555
65.7282
59.2044
53.1334
47.4683
42.1655
37.1841
32.4859
28.0351
23.7976
19.7411
15.8347
12.0486
8.35413
4.72311
1.12796
-2.45863
-6.06392
-9.71528
-13.4405
-17.2679
-21.2265
-25.3465
-29.6594
-34.198
-38.9969
-44.093
-49.5253
-55.3355
-61.5684
-68.2723
-75.4993
-83.3057
-91.7527
-100.907
-110.842
-121.636
-133.378
-146.162
-160.096
-175.295
-191.889
-210.021
-229.848
-251.546
-275.309
-301.349
-329.899
-361.212
-395.554
-433.202
-474.427
-519.477
-568.547
-621.735
-678.988
-740.037
-804.332
-871.005
-938.874
-1006.52
965.354
905.606
845.531
786.145
728.336
672.808
620.063
570.417
524.022
480.904
441
404.181
370.284
339.125
310.509
284.247
260.151
238.046
217.765
199.155
182.071
166.383
151.968
138.717
126.525
115.3
104.954
95.4076
86.5883
78.4281
70.8644
63.8395
57.2999
51.1955
45.4799
40.1096
35.0437
30.2439
25.6734
21.2978
17.0838
12.9993
9.01336
5.09581
1.21689
-2.65281
-6.54266
-10.4822
-14.5012
-18.6302
-22.9006
-27.3447
-31.9964
-36.8909
-42.0654
-47.5592
-53.4142
-59.6749
-66.389
-73.6077
-81.3862
-89.7838
-98.8649
-108.699
-119.362
-130.935
-143.509
-157.179
-172.052
-188.242
-205.875
-225.087
-246.025
-268.849
-293.731
-320.851
-350.403
-382.585
-417.596
-455.626
-496.845
-541.383
-589.307
-640.59
-695.075
-752.436
-812.155
-873.502
-935.561
-997.283
958.365
902.834
846.923
791.416
737.024
684.34
633.825
585.805
540.483
497.956
458.24
421.29
387.013
355.289
325.981
298.941
274.017
251.061
229.926
210.475
192.575
176.102
160.938
146.976
134.114
122.258
111.32
101.22
91.8827
83.2381
75.2217
67.7733
60.8369
54.3605
48.2951
42.5949
37.2171
32.1208
27.2677
22.621
18.1455
13.8074
9.57376
5.41264
1.29248
-2.81791
-6.94967
-11.1341
-15.4028
-19.7883
-24.3235
-29.043
-33.9824
-39.179
-44.6722
-50.5034
-56.7167
-63.3589
-70.4802
-78.134
-86.378
-95.274
-104.888
-115.293
-126.566
-138.789
-152.054
-166.457
-182.103
-199.103
-217.579
-237.658
-259.477
-283.179
-308.915
-336.839
-367.106
-399.869
-435.272
-473.437
-514.46
-558.387
-605.204
-654.807
-706.988
-761.41
-817.597
-874.936
-932.693
-990.058
953.037
900.569
847.695
795.049
743.22
692.72
643.967
597.284
552.894
510.937
471.48
434.529
400.047
367.961
338.173
310.573
285.037
261.44
239.654
219.554
201.017
183.927
168.171
153.645
140.248
127.888
116.476
105.93
96.1753
87.14
78.7577
70.9667
63.7092
56.9312
50.5821
44.6144
38.9832
33.6463
28.5635
23.6965
19.0086
14.4643
10.0293
5.67021
1.35392
-2.95215
-7.28059
-11.6641
-16.1359
-20.7297
-25.4803
-30.4234
-35.5965
-41.0385
-46.7903
-52.8953
-59.3991
-66.3505
-73.8014
-81.8073
-90.4274
-99.7254
-109.77
-120.633
-132.395
-145.138
-158.954
-173.939
-190.195
-207.831
-226.964
-247.713
-270.205
-294.569
-320.936
-349.438
-380.2
-413.337
-448.951
-487.115
-527.87
-571.208
-617.06
-665.282
-715.642
-767.808
-821.347
-875.73
-930.349
-984.549
949.179
898.849
848.1
797.471
747.47
698.552
651.103
605.433
561.777
520.296
481.088
444.196
409.614
377.305
347.202
319.218
293.253
269.199
246.943
226.37
207.367
189.822
173.627
158.681
144.885
132.146
120.378
109.497
99.4278
90.0975
81.4388
73.3887
65.8882
58.8818
52.3178
46.1472
40.3239
34.8045
29.5474
24.5132
19.6639
14.9631
10.3753
5.8658
1.40058
-3.05411
-7.5319
-12.0666
-16.6926
-21.4446
-26.3586
-31.4715
-36.822
-42.4501
-48.3981
-54.7105
-61.4345
-68.6201
-76.3205
-84.5925
-93.4968
-103.098
-113.466
-124.675
-136.804
-149.937
-164.164
-179.582
-196.291
-214.397
-234.011
-255.248
-278.225
-303.06
-329.871
-358.768
-389.855
-423.222
-458.938
-497.042
-537.538
-580.383
-625.477
-672.651
-721.665
-772.196
-823.846
-876.146
-928.57
-980.56
946.669
897.696
848.297
798.954
750.129
702.238
655.647
610.656
567.502
526.36
487.343
450.514
415.891
383.457
353.163
324.941
298.705
274.359
251.798
230.917
211.608
193.763
177.279
162.054
147.993
135.002
122.996
111.891
101.612
92.084
83.2401
75.0163
67.3527
60.193
53.4846
47.1777
41.2254
35.5832
30.209
25.0624
20.1047
15.2986
10.608
5.99735
1.43195
-3.12268
-7.70093
-12.3374
-17.0669
-21.9254
-26.9492
-32.1763
-37.646
-43.3992
-49.4791
-55.9309
-62.8027
-70.1455
-78.0132
-86.4637
-95.5584
-105.363
-115.948
-127.387
-139.76
-153.153
-167.654
-183.359
-200.367
-218.782
-238.712
-260.267
-283.558
-308.695
-335.785
-364.928
-396.212
-429.708
-465.466
-503.503
-543.802
-586.298
-630.872
-677.344
-725.471
-774.94
-825.376
-876.346
-927.376
-977.965
945.431
897.117
848.374
799.658
751.408
704.023
657.857
613.206
570.307
529.339
490.425
453.635
418.999
386.509
356.126
327.79
301.423
276.933
254.224
233.191
213.73
195.737
179.108
163.745
149.551
136.435
124.31
113.093
102.708
93.0816
84.1448
75.8339
68.0884
60.8518
54.0709
47.6956
41.6784
35.9746
30.5415
25.3384
20.3262
15.4673
10.7249
6.06347
1.44772
-3.15715
-7.7859
-12.4734
-17.2551
-22.167
-27.2461
-32.5306
-38.0601
-43.8762
-50.0223
-56.5441
-63.4902
-70.9118
-78.8636
-87.4036
-96.5938
-106.5
-117.193
-128.748
-141.244
-154.766
-169.404
-185.252
-202.408
-220.977
-241.063
-262.774
-286.219
-311.504
-338.73
-367.99
-399.366
-432.92
-468.691
-506.687
-546.881
-589.196
-633.506
-679.627
-727.315
-776.261
-826.103
-876.425
-926.777
-976.686
-2095.98
-2140.85
-2062.44
-1990.93
-1938.09
-1899.85
-1871.86
-1851.08
-1835.49
-1823.77
-1815
-1808.59
-1804.1
-1801.24
-1799.86
-1616.11
-1790.85
-1837.67
-1839.52
-1828.47
-1815.36
-1803.49
-1793.64
-1785.78
-1779.66
-1774.99
-1771.53
-1769.1
-1767.56
-1766.81
-1399.53
-1568.68
-1657.78
-1700.95
-1720.84
-1729.54
-1733.02
-1734.14
-1734.26
-1734.02
-1733.68
-1733.38
-1733.15
-1733
-1732.93
-1282.01
-1426.49
-1523.74
-1585.58
-1624.32
-1648.86
-1664.83
-1675.57
-1683.04
-1688.39
-1692.27
-1695.08
-1697.05
-1698.3
-1698.91
-1209.3
-1331.48
-1425.05
-1493.23
-1541.93
-1576.7
-1601.79
-1620.19
-1633.87
-1644.15
-1651.86
-1657.56
-1661.59
-1664.17
-1665.43
-1160.16
-1265.03
-1351.69
-1420.3
-1473.41
-1514.14
-1545.39
-1569.45
-1588.04
-1602.4
-1613.4
-1621.63
-1627.5
-1631.29
-1633.14
-1124.94
-1216.75
-1296.31
-1362.83
-1417.19
-1461.01
-1496.11
-1524.12
-1546.38
-1563.96
-1577.63
-1587.99
-1595.44
-1600.27
-1602.64
-1098.72
-1180.65
-1253.91
-1317.47
-1371.43
-1416.54
-1453.85
-1484.46
-1509.34
-1529.34
-1545.12
-1557.19
-1565.94
-1571.63
-1574.44
-1078.75
-1153.17
-1221.15
-1281.67
-1334.47
-1379.81
-1418.25
-1450.46
-1477.13
-1498.88
-1516.24
-1529.65
-1539.43
-1545.82
-1548.98
-1063.39
-1132.11
-1195.79
-1253.53
-1304.91
-1349.92
-1388.8
-1421.93
-1449.76
-1472.74
-1491.26
-1505.67
-1516.25
-1523.18
-1526.62
-1051.64
-1116.03
-1176.31
-1231.68
-1281.68
-1326.12
-1365.04
-1398.65
-1427.2
-1451
-1470.34
-1485.47
-1496.63
-1503.98
-1507.62
-1042.82
-1104.01
-1161.7
-1215.17
-1263.95
-1307.77
-1346.55
-1380.35
-1409.32
-1433.65
-1453.54
-1469.19
-1480.77
-1488.41
-1492.21
-1036.52
-1095.43
-1151.25
-1203.3
-1251.12
-1294.4
-1332.98
-1366.84
-1396.03
-1420.69
-1440.93
-1456.92
-1468.78
-1476.62
-1480.52
-1032.45
-1089.91
-1144.51
-1195.62
-1242.79
-1285.66
-1324.07
-1357.92
-1387.23
-1412.07
-1432.52
-1448.71
-1460.75
-1468.72
-1472.68
-1030.45
-1087.2
-1141.2
-1191.85
-1238.68
-1281.35
-1319.66
-1353.5
-1382.85
-1407.76
-1428.32
-1444.6
-1456.72
-1464.75
-1468.75
)
;

boundaryField
{
    hot
    {
        type            calculated;
        value           nonuniform List<scalar> 
120
(
854.74
857.158
861.989
869.214
878.809
890.732
904.923
921.301
939.757
960.157
982.337
1006.11
1031.27
1057.6
1084.92
1110.69
1134.56
1158.82
1183.4
1208.24
1233.29
1258.5
1283.81
1309.15
1334.43
1359.56
1384.45
1408.98
1433.07
1456.62
1479.54
1501.76
1523.21
1543.84
1563.6
1582.45
1600.37
1617.36
1633.41
1648.54
1662.76
1676.11
1688.62
1700.33
1711.29
1721.54
1731.15
1740.16
1748.63
1756.61
1764.15
1771.3
1778.12
1784.65
1790.93
1797
1802.9
1808.66
1814.29
1819.83
1825.3
1830.7
1836.04
1841.34
1846.6
1851.82
1857.01
1862.17
1867.29
1872.37
1877.4
1882.39
1887.32
1892.19
1896.98
1901.69
1906.3
1910.81
1915.2
1919.43
1923.5
1927.35
1930.97
1934.28
1937.24
1939.79
1941.83
1943.28
1944.05
1944.03
1943.09
1941.13
1938
1933.58
1927.71
1920.27
1911.13
1900.17
1887.31
1872.47
1855.63
1836.81
1816.1
1793.63
1769.6
1741.72
1709.92
1677.32
1644.58
1612.35
1581.25
1551.87
1524.7
1500.15
1478.58
1460.25
1445.38
1434.1
1426.53
1422.73
)
;
    }
    cold
    {
        type            calculated;
        value           nonuniform List<scalar> 
120
(
-1317.15
-1320.83
-1328.17
-1339.11
-1353.53
-1371.3
-1392.22
-1416.03
-1442.4
-1470.93
-1501.16
-1532.54
-1564.48
-1596.39
-1627.65
-1655.21
-1679.13
-1701.69
-1722.72
-1742.11
-1759.79
-1775.76
-1790.07
-1802.78
-1814
-1823.83
-1832.4
-1839.83
-1846.25
-1851.78
-1856.53
-1860.59
-1864.07
-1867.04
-1869.58
-1871.76
-1873.62
-1875.22
-1876.61
-1877.83
-1878.9
-1879.86
-1880.74
-1881.55
-1882.33
-1883.1
-1883.87
-1884.67
-1885.51
-1886.42
-1887.43
-1888.54
-1889.78
-1891.17
-1892.73
-1894.48
-1896.45
-1898.63
-1901.06
-1903.73
-1906.64
-1909.79
-1913.18
-1916.79
-1920.6
-1924.6
-1928.75
-1933.03
-1937.42
-1941.89
-1946.42
-1950.99
-1955.58
-1960.15
-1964.7
-1969.21
-1973.65
-1978.01
-1982.26
-1986.38
-1990.34
-1994.1
-1997.61
-2000.84
-2003.7
-2006.14
-2008.07
-2009.4
-2010.03
-2009.85
-2008.74
-2006.58
-2003.22
-1998.53
-1992.36
-1984.57
-1975.04
-1963.64
-1950.27
-1934.87
-1917.41
-1897.92
-1876.48
-1853.22
-1828.35
-1799.52
-1766.62
-1732.91
-1699.06
-1665.74
-1633.6
-1603.23
-1575.14
-1549.77
-1527.47
-1508.53
-1493.15
-1481.5
-1473.67
-1469.74
)
;
    }
    interface_left
    {
        type            calculated;
        value           nonuniform List<scalar> 
90
(
2184.35
1629.51
1375.82
1219.07
1085.94
932.746
698.352
229.598
-957.504
3528.5
2334.41
1848.57
1577.73
1342.45
1000.9
238.693
2949.3
2195.27
1870.8
1662.08
1423.09
944.293
2575.22
2115.67
1923.5
1815.41
1725.48
1604.53
1348.39
2232.63
1983.88
1879.58
1820.82
1772.39
1708.89
1577.9
2015.76
1887.32
1829.51
1791.55
1752.37
1689.3
1543.98
2058.76
1911.6
1843.6
1792.37
1722.37
1568.71
2109.36
1956.76
1889.72
1846.18
1800.13
1722.73
1538.53
2214.48
2030.7
1954.27
1910.05
1870.09
1810.97
1679.05
2141.73
2009.67
1950.12
1909.04
1861.88
1777.26
1568.85
2354.1
2146.51
2063.43
2018.22
1978.53
1916.62
1767.45
2351.86
2210.39
2165.29
2155.36
2162.63
2182.24
2214.31
2262.32
2334.21
2447.31
2643.38
3037.23
3986.73
)
;
    }
    interface_right
    {
        type            calculated;
        value           nonuniform List<scalar> 
90
(
-3750.62
-2848.87
-2473.33
-2284.92
-2174.68
-2102.81
-2052.5
-2015.6
-1987.67
-1966.04
-1949.01
-1935.42
-1924.48
-1915.59
-1908.32
-1902.35
-1897.42
-1893.33
-1889.93
-1887.08
-1884.69
-1882.67
-1880.95
-1879.48
-1878.2
-1877.09
-1876.08
-1875.17
-1874.31
-1873.49
-1872.66
-1871.81
-1870.9
-1869.9
-1868.77
-1867.45
-1865.9
-1864.04
-1861.74
-1858.88
-1855.21
-1850.42
-1843.92
-1834.68
-1820.6
-1796.71
-1749.6
-1637.99
-1710.29
-2201.45
-2032.29
-1959.14
-1913.16
-1866.11
-1788.33
-1604.03
-2280.01
-2096.33
-2020.02
-1975.92
-1936.09
-1877.09
-1745.28
-2208.06
-2076.1
-2016.65
-1975.66
-1928.59
-1844.06
-1635.76
-2421.11
-2213.64
-2130.7
-2085.64
-2046.14
-1984.46
-1835.55
-2420.27
-2279.19
-2234.57
-2225.24
-2233.27
-2253.86
-2287.22
-2336.99
-2411.4
-2528.36
-2731.04
-3138.07
-4119.24
)
;
    }
    interface_top
    {
        type            calculated;
        value           nonuniform List<scalar> 
90
(
1336.05
528.365
261.368
157.594
109.229
82.6078
65.9333
54.4849
46.1039
39.6793
34.5826
30.4311
26.9781
24.0572
21.5524
19.3798
17.4777
15.7992
14.3082
12.9763
11.7809
10.7035
9.72901
8.8448
8.04021
7.30617
6.63484
6.01941
5.45391
4.93304
4.45209
4.00683
3.59343
3.20841
2.84859
2.51103
2.19303
1.89204
1.6057
1.33175
1.06807
0.812617
0.563408
0.318529
0.0760974
-0.165749
-0.408866
-0.65512
-0.906406
-1.16466
-1.43187
-1.71012
-2.00157
-2.3085
-2.63335
-2.9787
-3.34732
-3.74223
-4.16669
-4.62427
-5.11892
-5.65499
-6.23733
-6.87139
-7.56335
-8.32022
-9.15008
-10.0623
-11.0679
-12.1799
-13.4139
-14.7889
-16.3284
-18.0617
-20.0261
-22.2699
-24.8571
-27.8741
-31.441
-35.7296
-40.9947
-47.6318
-56.2904
-68.1181
-85.3456
-112.851
-162.821
-270.042
-545.911
-1380.44
)
;
    }
    interface_bottom
    {
        type            calculated;
        value           nonuniform List<scalar> 
90
(
740.424
294.712
147.268
89.904
63.1498
48.4305
39.2353
32.9573
28.4041
24.9627
22.287
20.1679
18.4724
17.1132
16.0324
15.1925
14.5707
14.1573
13.9543
13.9778
14.2614
14.8646
15.8889
17.5088
20.0392
24.0898
30.9623
43.7789
71.0211
138.572
333.421
970.099
971.172
336.768
144.612
80.6051
58.5243
54.0711
62.5292
90.983
169.275
401.485
1165.89
1165.21
399.357
165.456
84.9597
53.2915
39.5334
33.93
33.6872
39.5519
57.0836
105.129
248.132
719.801
718.865
245.281
100.227
49.8707
29.5861
20.2134
15.597
13.7078
14.2067
18.1589
29.4749
60.7051
154.439
464.971
463.374
149.61
52.5229
17.7199
2.48558
-5.91077
-11.6626
-16.3261
-20.519
-24.3434
-27.1037
-25.6036
-7.30598
-18.4484
-61.0825
-94.5028
-142.998
-241.899
-493.776
-1254.33
)
;
    }
    defaultFaces
    {
        type            empty;
    }
}


// ************************************************************************* //
