/*--------------------------------*- C++ -*----------------------------------*\
| =========                 |                                                 |
| \\      /  F ield         | OpenFOAM: The Open Source CFD Toolbox           |
|  \\    /   O peration     | Version:  5.x                                   |
|   \\  /    A nd           | Web:      www.OpenFOAM.org                      |
|    \\/     M anipulation  |                                                 |
\*---------------------------------------------------------------------------*/
FoamFile
{
    version     2.0;
    format      ascii;
    class       volScalarField;
    location    "15.1";
    object      gradTy;
}
// * * * * * * * * * * * * * * * * * * * * * * * * * * * * * * * * * * * * * //

dimensions      [0 -1 0 1 0 0 0];

internalField   nonuniform List<scalar> 
6300
(
1009.08
1027.21
1045.27
1063.18
1080.9
1098.38
1115.56
1132.39
1148.81
1164.77
1180.24
1195.15
1209.48
1223.18
1236.24
0.040425
0.121268
0.202073
0.282761
0.363176
0.443037
0.521895
0.59908
0.673656
0.744379
0.809693
0.867763
0.916578
0.954113
0.978552
0.0673817
0.202148
0.336904
0.471559
0.605894
0.739493
0.871665
1.00135
1.12702
1.24662
1.35751
1.45652
1.54011
1.60466
1.64689
0.094333
0.283036
0.471825
0.660658
0.849322
1.03735
1.22389
1.40759
1.58641
1.75752
1.91715
2.06065
2.18264
2.2775
2.33999
0.12124
0.363825
0.606688
0.849902
1.09336
1.33665
1.57892
1.81866
2.05348
2.27985
2.49288
2.68622
2.85226
2.98267
3.06944
0.148041
0.444322
0.741172
1.03887
1.33752
1.63693
1.93642
2.23458
2.52892
2.81544
3.0882
3.339
3.5574
3.73135
3.84869
0.174639
0.524237
0.874784
1.22685
1.58088
1.93707
2.29519
2.65426
3.01211
3.3647
3.70538
4.02408
4.30688
4.53648
4.69429
0.200906
0.60318
1.00684
1.41282
1.82201
2.23521
2.65292
3.07508
3.50044
3.92574
4.34439
4.74489
5.10937
5.41319
5.62739
0.226703
0.68071
1.13655
1.59553
2.05908
2.52875
3.00613
3.49258
3.9887
4.49328
5.00137
5.50152
5.97227
6.37926
6.67656
0.251892
0.756387
1.26307
1.77361
2.28996
2.81451
3.35015
3.90027
4.46837
5.05712
5.66606
6.28732
6.89865
7.45473
7.88228
0.27636
0.829845
1.38571
1.94583
2.51257
3.08907
3.67958
4.28982
4.92721
5.60055
6.31817
7.08275
7.87999
8.65844
9.30463
0.300055
0.900898
1.50404
2.11135
2.72533
3.34952
3.98914
4.65203
5.34989
6.09946
6.92303
7.8452
8.87983
9.9941
11.0346
0.323007
0.969625
1.61814
2.27013
2.92779
3.5944
4.27526
4.9791
5.7206
6.52411
7.42898
8.49489
9.79971
11.4031
13.198
0.345345
1.03642
1.7287
2.42317
3.12119
3.82492
4.53822
5.26831
6.02905
6.84711
7.77361
8.90536
10.4206
12.6203
15.8523
0.367282
1.10198
1.83703
2.57259
3.30876
4.04572
4.7842
5.52664
6.27992
7.06139
7.91271
8.93203
10.3567
12.8046
18.1111
1247.6
1257.47
1266.86
1275.8
1284.3
1292.35
1299.99
1307.24
1314.12
1320.66
1326.89
1332.83
1338.52
1344
1349.28
1354.41
1359.41
1364.31
1369.15
1373.95
1378.74
1383.54
1388.38
1393.28
1398.26
1403.35
1408.54
1413.87
1419.32
1424.92
1430.67
1436.55
1442.58
1448.75
1455.04
1461.44
1467.96
1474.56
1481.24
1487.98
1494.75
1501.55
1508.33
1515.08
1521.76
1528.37
1534.86
1541.21
1547.41
1553.42
1559.22
1564.79
1570.11
1575.14
1579.87
1584.26
1588.27
1591.89
1595.06
1597.76
1599.94
1601.57
1602.61
1603.01
1602.73
1601.72
1599.91
1597.26
1593.69
1589.14
1583.53
1576.77
1568.78
1559.46
1548.72
1536.46
1522.57
1506.94
1489.47
1470.04
1448.54
1424.86
1398.9
1370.57
1339.78
1306.45
1270.53
1232
1190.83
1147.05
0.98771
0.985573
0.972957
0.950219
0.918051
0.877414
0.829449
0.775385
0.716456
0.653839
0.588603
0.521694
0.453921
0.385966
0.318404
0.251721
0.186347
0.122682
0.0611208
0.00208136
-0.0539801
-0.106557
-0.155091
-0.198987
-0.237635
-0.270455
-0.296952
-0.31677
-0.329751
-0.335967
-0.335716
-0.329483
-0.317841
-0.301339
-0.280389
-0.255193
-0.225739
-0.191867
-0.153408
-0.110335
-0.0629107
-0.0117657
0.0421128
0.0974999
0.153132
0.20794
0.261254
0.312932
0.363372
0.413432
0.464259
0.517075
0.572966
0.63271
0.696682
0.764851
0.836884
0.912325
0.9908
1.07221
1.15688
1.24555
1.33939
1.43986
1.54852
1.6669
1.79629
1.93762
2.09136
2.25755
2.43583
2.62554
2.82586
3.03587
3.25459
3.48093
3.71358
3.95078
4.19017
4.4286
4.66192
4.88501
5.09178
5.27542
5.42872
5.54457
5.61653
5.6394
5.60977
5.52642
1.66286
1.65935
1.63778
1.59878
1.54365
1.47411
1.39221
1.30014
1.20006
1.09398
0.983753
0.870945
0.756899
0.642725
0.529342
0.417518
0.307924
0.201181
0.0979138
-0.00121372
-0.0954577
-0.183974
-0.265815
-0.339943
-0.405277
-0.460767
-0.505491
-0.538771
-0.560291
-0.570172
-0.568988
-0.557688
-0.537412
-0.509254
-0.474014
-0.432036
-0.383188
-0.326998
-0.262931
-0.190717
-0.110666
-0.023853
0.0678912
0.162209
0.256625
0.349034
0.43812
0.523615
0.606323
0.68794
0.770711
0.857012
0.948927
1.0479
1.15456
1.2687
1.38947
1.51579
1.64672
1.78191
1.92181
2.06774
2.22183
2.38677
2.56546
2.76071
2.97488
3.20964
3.46582
3.74338
4.04155
4.35906
4.69438
5.04596
5.41224
5.79161
6.18215
6.58127
6.98535
7.38933
7.78641
8.16793
8.52343
8.84099
9.10782
9.31119
9.4394
9.48295
9.43554
9.29484
2.36391
2.35907
2.32759
2.27052
2.18991
2.08852
1.96957
1.83639
1.69224
1.5401
1.3826
1.22198
1.06006
0.898354
0.738045
0.580117
0.42541
0.274698
0.128768
-0.0115151
-0.145154
-0.270974
-0.387611
-0.493525
-0.587058
-0.666544
-0.730467
-0.777666
-0.807549
-0.820268
-0.816788
-0.798776
-0.768294
-0.727329
-0.677304
-0.618738
-0.551175
-0.473442
-0.384153
-0.282352
-0.168129
-0.0430127
0.0899912
0.226801
0.363032
0.494931
0.620174
0.738326
0.850859
0.960798
1.07209
1.18888
1.31474
1.45205
1.6017
1.763
1.93409
2.11261
2.29653
2.48485
2.67804
2.87818
3.08867
3.31388
3.55856
3.82727
4.12381
4.45083
4.80949
5.19952
5.61941
6.06689
6.53947
7.03484
7.551
8.08617
8.63831
9.20458
9.78064
10.3599
10.9332
11.4883
12.0097
12.4795
12.8782
13.1859
13.3841
13.4574
13.3955
13.1947
3.10322
3.09717
3.05426
2.97617
2.86609
2.72826
2.56744
2.38849
2.19598
1.994
1.78604
1.57496
1.36305
1.15209
0.943451
0.738219
0.537288
0.341481
0.151652
-0.0312191
-0.205935
-0.371018
-0.524664
-0.664745
-0.788872
-0.89453
-0.979319
-1.04129
-1.07931
-1.09348
-1.0853
-1.0576
-1.01405
-0.958229
-0.892675
-0.818174
-0.733589
-0.636308
-0.523171
-0.391658
-0.24106
-0.0733099
0.106832
0.292445
0.475896
0.650628
0.812655
0.961341
1.09934
1.23191
1.36578
1.50791
1.66425
1.83866
2.03228
2.24343
2.46823
2.70188
2.94022
3.18096
3.4245
3.6739
3.93451
4.21315
4.51726
4.85393
5.22907
5.64664
6.1082
6.61285
7.15771
7.73875
8.35192
8.99392
9.66254
10.3564
11.0742
11.8139
12.5713
13.3393
14.1065
14.8571
15.5702
16.2205
16.7798
17.2185
17.5085
17.6263
17.5557
17.2901
3.89531
3.88819
3.83143
3.72772
3.58207
3.40092
3.19125
2.95993
2.71318
2.45635
2.19381
1.929
1.66454
1.40236
1.14385
0.890035
0.641705
0.399582
0.164446
-0.0627263
-0.280643
-0.487578
-0.68129
-0.858977
-1.01731
-1.15259
-1.26106
-1.3394
-1.38544
-1.39889
-1.38192
-1.33929
-1.2775
-1.20317
-1.12096
-1.03217
-0.934324
-0.822053
-0.688704
-0.528508
-0.338756
-0.121523
0.115715
0.361118
0.601228
0.824521
1.02424
1.19963
1.35553
1.50102
1.64743
1.80635
1.9876
2.19747
2.43749
2.70405
2.98945
3.28426
3.58026
3.87289
4.16233
4.45331
4.75418
5.07555
5.42885
5.825
6.27302
6.77888
7.34462
7.96807
8.64365
9.36409
10.1226
10.9144
11.7375
12.5918
13.4784
14.3974
15.3465
16.3193
17.3034
18.2795
19.2206
20.0923
20.8545
21.4646
21.8805
22.0663
21.9961
21.6593
4.75853
4.75053
4.676
4.53948
4.34899
4.11442
3.84602
3.55334
3.24465
2.92666
2.60459
2.28231
1.96254
1.64715
1.33731
1.03377
0.737017
0.447464
0.16563
-0.107698
-0.371288
-0.623296
-0.861101
-1.08118
-1.27904
-1.44935
-1.58626
-1.68412
-1.73859
-1.74815
-1.71558
-1.64864
-1.55911
-1.45953
-1.35883
-1.25928
-1.15594
-1.03825
-0.893014
-0.708048
-0.476169
-0.198697
0.112677
0.437238
0.750588
1.03216
1.27067
1.46576
1.6265
1.76855
1.91082
2.07237
2.26946
2.5126
2.80418
3.13724
3.49685
3.86461
4.22485
4.56911
4.89761
5.21815
5.544
5.8916
6.27838
6.72098
7.23328
7.82452
8.49751
9.24779
10.0646
10.9342
11.8448
12.7894
13.7668
14.7803
15.8354
16.9369
18.0871
19.2823
20.5111
21.7517
22.9702
24.1209
25.1479
25.9894
26.5833
26.874
26.8199
26.4022
5.71709
5.70841
5.60956
5.42867
5.17912
4.87639
4.53549
4.16957
3.78923
3.40257
3.01541
2.63171
2.25399
1.88369
1.52147
1.16752
0.821752
0.484038
0.154382
-0.166861
-0.478772
-0.779617
-1.06658
-1.33549
-1.58056
-1.79432
-1.96781
-2.09141
-2.15651
-2.15821
-2.09883
-1.99063
-1.8553
-1.71762
-1.59517
-1.49198
-1.39834
-1.29427
-1.15468
-0.955301
-0.679416
-0.32489
0.0904314
0.529268
0.945465
1.30154
1.57937
1.78106
1.92414
2.0355
2.14614
2.28693
2.48467
2.75766
3.1108
3.53184
3.99215
4.45543
4.89205
5.28765
5.64395
5.97493
6.30213
6.65079
7.04712
7.51614
8.07941
8.75195
9.53864
10.4312
11.4089
12.4448
13.5175
14.6165
15.7435
16.9084
18.1247
19.4059
20.7621
22.1963
23.7012
25.2548
26.8168
28.3269
29.7074
30.8698
31.7219
32.1772
32.1666
31.6546
6.8053
6.79586
6.661
6.41646
6.08563
5.69315
5.26093
4.80651
4.34291
3.8792
3.42123
2.9725
2.53477
2.1086
1.69376
1.28953
0.894964
0.50909
0.131117
-0.239354
-0.602065
-0.955789
-1.29792
-1.62397
-1.927
-2.19709
-2.42102
-2.58277
-2.66551
-2.65604
-2.5522
-2.37152
-2.15468
-1.95363
-1.80358
-1.71077
-1.65561
-1.60127
-1.50224
-1.31255
-0.995742
-0.538479
0.0344502
0.654008
1.22701
1.68368
1.9978
2.18085
2.26754
2.30359
2.33817
2.41961
2.59164
2.88738
3.31973
3.86997
4.4832
5.0847
5.61834
6.06281
6.42677
6.73718
7.02939
7.3414
7.71122
8.17563
8.7682
9.51503
10.4273
11.4921
12.6691
13.9027
15.152
16.4032
17.6658
18.9622
20.3203
21.7668
23.3245
25.0084
26.821
28.7456
30.7378
32.7193
34.5808
36.1965
37.4318
38.1511
38.2348
37.6109
8.07535
8.06367
7.87021
7.52833
7.08075
6.56701
6.01825
5.45667
4.89686
4.34767
3.81392
3.29765
2.79912
2.31743
1.85101
1.39789
0.955936
0.523061
0.0973563
-0.322694
-0.737959
-1.1483
-1.55204
-1.94521
-2.3205
-2.66592
-2.96334
-3.18749
-3.30688
-3.28933
-3.11582
-2.80407
-2.4309
-2.1158
-1.92917
-1.87493
-1.91129
-1.97222
-1.97996
-1.85243
-1.51391
-0.918224
-0.0882844
0.84616
1.67645
2.27145
2.60533
2.71973
2.68421
2.57417
2.46311
2.42227
2.52087
2.82079
3.35929
4.1178
4.99153
5.81207
6.47341
6.95425
7.28707
7.526
7.72852
7.94912
8.23952
8.65097
9.23524
10.0403
11.0965
12.3919
13.8482
15.3382
16.7839
18.174
19.5394
20.9277
22.3886
23.9678
25.7055
27.6352
29.7795
32.1392
34.6744
37.2844
39.8083
42.0708
43.8846
45.0403
45.3218
44.5682
9.61469
9.59302
9.29294
8.79222
8.17093
7.49097
6.79367
6.10387
5.43508
4.79353
4.18105
3.59691
3.03888
2.50398
1.98883
1.48988
1.00358
0.52647
0.0552353
-0.413125
-0.881128
-1.35048
-1.82153
-2.29233
-2.75713
-3.20398
-3.61126
-3.94315
-4.14553
-4.14729
-3.87858
-3.32516
-2.62358
-2.09312
-1.86421
-1.90874
-2.13172
-2.41991
-2.65265
-2.69631
-2.40257
-1.63551
-0.361739
1.18803
2.46444
3.23491
3.52864
3.47414
3.20784
2.84584
2.48653
2.22371
2.15984
2.41023
3.08164
4.19926
5.57603
6.76822
7.58794
8.05835
8.28208
8.36673
8.40106
8.45578
8.59291
8.87689
9.38381
10.2033
11.4206
13.0593
14.9782
16.8367
18.4951
19.9795
21.3791
22.7878
24.2858
25.9397
27.809
29.952
32.4269
35.2789
38.5021
41.9723
45.411
48.5901
51.2837
53.1872
53.8981
53.0211
11.5908
11.5228
11.0042
10.2293
9.3452
8.43963
7.55803
6.7206
5.93384
5.1973
4.5072
3.85837
3.24518
2.66196
2.10319
1.56356
1.03795
0.521362
0.00894414
-0.504079
-1.02234
-1.5502
-2.09134
-2.64803
-3.2195
-3.79892
-4.36765
-4.88515
-5.27292
-5.39458
-5.05119
-4.05948
-2.56978
-1.63613
-1.40545
-1.68558
-2.25818
-2.94735
-3.59752
-4.02597
-3.97275
-3.08239
-1.03262
1.92349
3.98085
4.88472
4.95322
4.53341
3.86914
3.11353
2.37094
1.73857
1.34618
1.39335
2.16135
3.90743
6.42613
8.2605
9.20521
9.51741
9.47712
9.27967
9.04401
8.84354
8.73462
8.78156
9.08207
9.79302
11.1378
13.323
16.1948
18.623
20.4565
21.9068
23.2052
24.5189
25.958
27.6008
29.5176
31.7904
34.5308
37.8832
41.9736
46.7047
51.3867
55.8077
59.8198
63.0502
64.7598
63.9136
14.3925
14.101
13.0838
11.8232
10.55
9.35343
8.25853
7.26417
6.36018
5.53411
4.77387
4.06851
3.40834
2.78476
2.19005
1.61715
1.0594
0.510378
-0.0363314
-0.587322
-1.14956
-1.73058
-2.33854
-2.98219
-3.67017
-4.40896
-5.19748
-6.01365
-6.78313
-7.31119
-7.157
-5.51062
-1.71499
-0.166692
-0.210943
-1.04104
-2.21655
-3.53071
-4.86136
-6.04891
-6.74805
-6.19849
-3.00839
3.95323
7.15833
7.73747
7.08097
5.94469
4.66202
3.3626
2.09676
0.908053
-0.100236
-0.661327
-0.167164
2.50314
8.26175
11.0339
11.7333
11.484
10.8984
10.2476
9.63632
9.09954
8.65195
8.32118
8.18942
8.47008
9.645
12.5978
18.0502
21.2656
22.9693
24.0526
25.0093
26.0691
27.3364
28.8674
30.7133
32.9552
35.7529
39.4245
44.5219
51.5072
57.7378
63.6131
69.4806
75.1023
79.3011
79.4242
19.1769
17.7239
15.5133
13.4348
11.6439
10.1205
8.81379
7.67721
6.67392
5.77577
4.96119
4.2133
3.51855
2.86575
2.24531
1.64872
1.06812
0.495918
-0.0755639
-0.654463
-1.24983
-1.8722
-2.53438
-3.25253
-4.04763
-4.94734
-5.98738
-7.20927
-8.64082
-10.2101
-11.4114
-10.0566
2.37587
3.59592
2.11508
0.100825
-1.9753
-4.0903
-6.33121
-8.77506
-11.3214
-13.1169
-10.4152
11.3921
14.1168
12.3691
9.89923
7.56644
5.47871
3.56301
1.71128
-0.182457
-2.19077
-4.23569
-5.62947
-3.34853
14.3975
16.7914
15.6269
13.9344
12.4132
11.1582
10.1209
9.22666
8.40067
7.57388
6.70251
5.85906
5.59158
8.27295
23.1262
26.0842
26.3748
26.3802
26.6639
27.3198
28.3344
29.6796
31.3378
33.319
35.7158
38.9115
44.3507
57.3952
64.5991
71.4286
79.4937
89.2016
99.7094
106.016
30.4053
22.4372
17.752
14.6315
12.3523
10.5751
9.12382
7.89811
6.83608
5.89697
5.05238
4.28147
3.56831
2.90012
2.26622
1.6573
1.06481
0.480501
-0.104013
-0.697766
-1.31106
-1.95631
-2.64941
-3.41181
-4.27421
-5.28332
-6.51508
-8.10261
-10.2998
-13.6382
-19.3463
-30.5537
22.6126
11.2478
5.20921
1.33189
-1.67786
-4.46831
-7.50844
-11.3532
-16.9753
-26.5106
-45.3336
46.3097
27.5151
18.0404
12.5199
8.83518
6.04764
3.67133
1.38643
-1.1078
-4.2283
-8.74735
-16.383
-31.4696
42.64
27.6727
20.2803
16.138
13.5444
11.7552
10.3993
9.25552
8.15058
6.8908
5.17553
2.41879
-2.70803
-13.5793
45.3309
34.7437
30.1903
28.3069
27.7819
28.0538
28.8559
30.0407
31.4968
33.0837
34.5278
35.1674
33.2275
71.6927
71.9984
77.4635
87.1402
102.148
126.166
168.577
1096.05
1036.81
974.111
908.159
839.184
767.44
693.199
616.737
538.334
458.268
376.81
294.226
210.775
126.71
42.2772
5.37686
5.14321
4.84874
4.50566
4.12706
3.72554
3.31213
2.89565
2.48255
2.07696
1.68092
1.29481
0.917687
0.547616
0.182027
9.03965
8.63948
8.1352
7.54889
6.90394
6.22252
5.52368
4.8224
4.12931
3.45101
2.79052
2.14806
1.52164
0.907711
0.301673
12.8242
12.2398
11.5037
10.6507
9.71726
8.73689
7.73767
6.74095
5.7613
4.80722
3.88207
2.98523
2.11307
1.25989
0.418616
16.7887
15.9918
14.9889
13.8329
12.5774
11.2701
9.94913
8.64241
7.36774
6.13449
4.9453
3.79767
2.68549
1.60016
0.531501
21.0026
19.9493
18.6268
17.1143
15.4891
13.8166
12.1462
10.5117
8.93271
7.41772
5.96694
4.57464
3.23103
1.92371
0.638726
25.5529
24.1756
22.454
20.508
18.4478
16.3605
14.3072
12.3253
10.4335
8.63667
6.9301
5.30291
3.74025
2.22492
0.738414
30.5534
28.7456
26.5049
24.0155
21.4331
18.8699
16.3962
14.0484
11.8391
9.76519
7.81383
5.96663
4.20212
2.49729
0.828424
36.1601
33.7482
30.8042
27.6157
24.3989
21.2896
18.3589
15.6327
13.1091
10.7709
8.59326
6.5476
4.60429
2.73367
0.906417
42.5958
39.2827
35.3481
31.244
27.2569
23.5309
20.1172
17.014
14.1932
11.6159
9.24056
7.02613
4.93373
2.92665
0.969992
50.1919
45.4374
40.0604
34.7547
29.8529
25.4594
21.5648
18.1127
15.0335
12.2588
9.72675
7.38253
5.17779
3.06919
1.01688
59.4547
52.2138
44.7004
37.8608
31.9398
26.8885
22.5694
18.8381
15.5689
12.6589
10.025
7.59934
5.32566
3.15539
1.04522
71.0936
59.2623
48.6661
40.0477
33.1567
27.585
22.9858
19.101
15.7449
12.7827
10.1147
7.66413
5.37004
3.18145
1.05383
85.4746
65.0741
50.6533
40.5063
33.0535
27.3087
22.6874
18.835
15.5265
12.6121
9.98666
7.57238
5.30884
3.1465
1.04248
97.8457
64.9048
48.3661
38.27
31.2415
25.9085
21.6199
18.0246
14.9138
12.1525
9.64734
7.32979
5.14638
3.05319
1.01205
0.387265
1.16171
1.93578
2.70886
3.47975
4.24637
5.00558
5.75313
6.4843
7.1963
7.89504
8.61198
9.44557
10.6626
12.9458
0.405483
1.21625
2.02623
2.83429
3.63821
4.43404
5.21507
5.97039
6.68275
7.3255
7.85788
8.21484
8.27247
7.69311
5.17895
0.423833
1.27131
2.11798
2.96252
3.8022
4.63186
5.44225
6.2173
6.92934
7.5312
7.9424
8.02529
7.54145
6.06703
2.85891
0.442308
1.32689
2.21116
3.09406
3.97305
4.84293
5.69383
6.50776
7.25226
7.86912
8.25469
8.22906
7.49822
5.64463
2.28167
0.460793
1.38268
2.30525
3.22826
4.15015
5.06705
5.97093
6.84626
7.66364
8.36742
8.85225
8.92232
8.23452
6.27027
2.53795
0.479064
1.43795
2.39899
3.36315
4.33061
5.30007
6.26767
7.22483
8.15375
9.01756
9.73753
10.1417
9.85695
8.1236
3.72721
0.496796
1.4917
2.4905
3.49569
4.50957
5.53423
6.57148
7.62279
8.68891
9.76738
10.8417
11.8394
12.485
11.826
7.03999
0.513606
1.54271
2.57753
3.62211
4.68094
5.7595
6.86531
8.01025
9.21528
10.5199
11.9987
13.7814
16.0187
18.3941
16.8067
0.529094
1.58971
2.65773
3.73856
4.83852
5.9657
7.13176
8.35572
9.67227
11.1512
12.9442
15.4075
19.456
27.7137
48.8133
0.542883
1.63153
2.72897
3.84165
4.97708
6.14475
7.35781
8.63662
10.0163
11.5641
13.4237
15.9322
19.9698
28.1146
48.9721
0.554659
1.6672
2.78956
3.92885
5.09315
6.29212
7.53802
8.84725
10.2431
11.7604
13.4523
15.3947
17.6309
19.6864
17.3356
0.564185
1.69601
2.83832
3.99859
5.18502
6.40677
7.67405
8.99748
10.3854
11.8349
13.3067
14.6526
15.4169
14.3176
8.14339
0.571301
1.71749
2.87454
4.05008
5.25223
6.48964
7.77089
9.10272
10.4845
11.8938
13.2483
14.3138
14.4969
12.4725
5.97361
0.575914
1.73138
2.89784
4.08298
5.29485
6.54189
7.83241
9.17301
10.5644
11.9903
13.3901
14.5876
15.1095
13.7344
7.58722
0.577989
1.73758
2.90812
4.09721
5.31291
6.56379
7.85895
9.20783
10.6199
12.1047
13.672
15.3301
17.0391
18.3099
15.4696
0.57754
1.73615
2.90545
4.09288
5.30641
6.55477
7.84798
9.19852
10.6248
12.1614
13.8904
16.0369
19.2726
25.7397
42.8647
0.574627
1.72726
2.89011
4.07033
5.27559
6.51444
7.79699
9.13637
10.5527
12.0843
13.8186
15.987
19.2616
25.7677
42.892
0.569355
1.71122
2.86265
4.03029
5.22131
6.44362
7.70632
9.02049
10.4005
11.866
13.445
15.1684
17.006
18.4211
15.5893
0.561879
1.68851
2.82385
3.97394
5.14519
6.34458
7.57972
8.85869
10.1884
11.5687
12.9708
14.27
15.0435
14.0233
7.97158
0.552392
1.65972
2.77476
3.90279
5.04942
6.22056
7.4225
8.66137
9.94109
11.256
12.5677
13.7363
14.3263
13.1193
7.22265
0.541121
1.62555
2.71656
3.81866
4.9365
6.07501
7.23944
8.43548
9.66904
10.9452
12.2638
13.6041
14.8566
15.4716
12.4101
0.528319
1.58676
2.65061
3.72351
4.80913
5.91131
7.03426
8.18333
9.36721
10.6045
11.9445
13.5325
15.8293
20.3765
32.7077
0.514255
1.54418
2.57832
3.61943
4.67015
5.73304
6.81076
7.90682
9.02806
10.1924
11.4525
12.9686
15.2387
19.8755
32.4899
0.499197
1.49863
2.50114
3.5086
4.5226
5.54433
6.57436
7.61263
8.65877
9.71355
10.7826
11.8806
13.0043
13.8341
11.6512
0.483405
1.45092
2.42047
3.39314
4.3696
5.34972
6.33206
7.31276
8.28328
9.2246
10.0922
10.7744
10.9738
9.88436
5.4784
0.467114
1.40176
2.33756
3.27499
4.21397
5.15346
6.09073
7.01979
7.92785
8.78659
9.53046
10.0034
9.83802
8.23758
3.85468
0.450523
1.35176
2.25348
3.1557
4.05789
4.95862
5.85495
6.74124
7.60648
8.42815
9.15661
9.67524
9.69859
8.52287
4.54093
0.433788
1.30139
2.16901
3.03636
3.90273
4.76672
5.62603
6.47714
7.31519
8.13424
8.92824
9.69089
10.3916
10.7567
8.76867
0.417023
1.25099
2.08467
2.91764
3.74913
4.57798
5.40267
6.22195
7.03695
7.85757
8.7214
9.74937
11.3174
14.6246
23.7943
0.4003
1.20077
2.00079
2.79988
3.59729
4.39202
5.18293
5.96959
6.75463
7.55074
8.40037
9.43258
11.0352
14.4208
23.7176
0.383659
1.15083
1.91751
2.68322
3.44724
4.2086
4.96603
5.71822
6.46448
7.20659
7.95235
8.71944
9.51468
10.1117
8.5203
0.367113
1.10121
1.83486
2.56766
3.29898
4.02782
4.75266
5.47081
6.17707
6.85974
7.48935
7.98654
8.13156
7.32212
4.05139
0.35065
1.05186
1.75278
2.4531
3.15235
3.84975
4.54382
5.23153
5.9059
6.5496
7.11815
7.49802
7.4111
6.24161
2.93797
0.334242
1.0027
1.67106
2.33921
3.00695
3.6739
4.33929
5.0014
5.6559
6.29149
6.8778
7.3335
7.44224
6.64303
3.6108
0.317845
0.953582
1.58946
2.22557
2.86204
3.49905
4.13695
4.77643
5.41893
6.06745
6.72801
7.40977
8.10375
8.59499
7.19285
0.30141
0.904348
1.50766
2.11163
2.71669
3.32351
3.93342
4.54926
5.17765
5.83493
6.56332
7.47741
8.90587
11.8616
19.7911
0.284885
0.854838
1.42536
1.9969
2.57006
3.14576
3.72568
4.31327
4.91622
5.55291
6.26953
7.18771
8.64718
11.674
19.7202
0.268226
0.804915
1.34233
1.88101
2.42161
2.965
3.51254
4.06651
4.63123
5.21529
5.83561
6.52195
7.29985
8.00048
6.96267
0.251398
0.754472
1.25839
1.76374
2.27116
2.78131
3.29485
3.81219
4.33272
4.85236
5.35573
5.79245
6.00604
5.53401
3.15466
0.234371
0.703427
1.17343
1.64501
2.11877
2.59521
3.07445
3.55555
4.03474
4.50063
4.92203
5.21776
5.18824
4.39196
2.07574
0.21712
0.65171
1.08735
1.52473
1.96449
2.40712
2.85268
3.30017
3.74591
4.1797
4.5755
4.86883
4.90278
4.30534
2.27125
0.199622
0.599252
1.00004
1.40276
1.80817
2.21693
2.62952
3.04595
3.46529
3.88505
4.30001
4.69994
5.05568
5.21629
4.20867
0.181853
0.545978
0.911371
1.2789
1.64947
2.02404
2.40364
2.78962
3.18433
3.59365
4.03488
4.56164
5.34396
6.93842
11.2916
0.163788
0.491813
0.821198
1.1529
1.48798
1.82761
2.17329
2.52716
2.89316
3.28004
3.71024
4.24578
5.06815
6.74461
11.2211
0.145409
0.436693
0.729398
1.02455
1.32328
1.62694
1.93718
2.25623
2.58742
2.93627
3.31236
3.73066
4.19912
4.60617
3.98478
0.126702
0.380577
0.635888
0.893682
1.15515
1.42167
1.69492
1.97682
2.26937
2.57353
2.88511
3.18061
3.37265
3.18183
1.85127
0.107667
0.323457
0.540641
0.760251
0.983474
1.21171
1.44661
1.68996
1.94319
2.2056
2.46896
2.70233
2.81199
2.5489
1.36494
0.088314
0.265361
0.443698
0.624297
0.808301
0.997104
1.1924
1.39621
1.6106
1.83695
2.07359
2.30991
2.51012
2.55543
1.95214
0.0686682
0.206365
0.345176
0.485965
0.629781
0.777963
0.93227
1.09507
1.26968
1.46112
1.6784
1.94251
2.31577
3.01231
4.83167
0.0487709
0.14659
0.245276
0.345523
0.448217
0.554554
0.666218
0.785714
0.91705
1.06731
1.25065
1.4993
1.89687
2.68939
4.7022
0.02868
0.0862113
0.144287
0.203375
0.264116
0.327434
0.394711
0.468116
0.551262
0.650526
0.777525
0.952627
1.20367
1.51901
1.51823
0.00846973
0.0254532
0.0425928
0.0600758
0.0782217
0.0975587
0.118938
0.143742
0.17427
0.214472
0.270977
0.353206
0.465789
0.568121
0.442368
-0.0117712
-0.0354136
-0.0593394
-0.0836832
-0.108499
-0.133736
-0.159214
-0.184614
-0.209442
-0.232905
-0.253438
-0.2673
-0.264977
-0.224383
-0.106435
-0.0319423
-0.0960824
-0.16098
-0.227111
-0.294924
-0.364857
-0.437415
-0.513361
-0.594098
-0.682308
-0.78248
-0.899037
-1.02231
-1.0706
-0.721153
-0.0519353
-0.156223
-0.261759
-0.369365
-0.479869
-0.594146
-0.713254
-0.838769
-0.97355
-1.12339
-1.30013
-1.52608
-1.83171
-2.19299
-2.09478
-0.0716375
-0.215494
-0.361094
-0.509599
-0.662183
-0.820065
-0.984627
-1.15772
-1.34252
-1.54575
-1.78357
-2.09777
-2.60241
-3.63442
-6.30959
-0.0909345
-0.273549
-0.458403
-0.64699
-0.840803
-1.04133
-1.25005
-1.46852
-1.69867
-1.94404
-2.21395
-2.53715
-3.00682
-3.93468
-6.42473
-0.109711
-0.330044
-0.553111
-0.780738
-1.01474
-1.25688
-1.50868
-1.77117
-2.04421
-2.32526
-2.60727
-2.87474
-3.09298
-3.14998
-2.47159
-0.127854
-0.384635
-0.644639
-0.91004
-1.18302
-1.46568
-1.75985
-2.06646
-2.38413
-2.70576
-3.01062
-3.24647
-3.29103
-2.87592
-1.48005
-0.14525
-0.436978
-0.732406
-1.03406
-1.34454
-1.66647
-2.00235
-2.35402
-2.72126
-3.09786
-3.46182
-3.75098
-3.80821
-3.28288
-1.57476
-0.161791
-0.486742
-0.815835
-1.15194
-1.49808
-1.85753
-2.23382
-2.63073
-3.05181
-3.49865
-3.96488
-4.41646
-4.72988
-4.51114
-2.67039
-0.177377
-0.533621
-0.894379
-1.26281
-1.64235
-2.03685
-2.45094
-2.8906
-3.36441
-3.88591
-4.47803
-5.17779
-6.02099
-6.86569
-6.19654
-0.191925
-0.577354
-0.967574
-1.36596
-1.77619
-2.20252
-2.65024
-3.1267
-3.64381
-4.22405
-4.91633
-5.8394
-7.31093
-10.2714
-17.8642
-0.205372
-0.617749
-1.03508
-1.46085
-1.89882
-2.3533
-2.82951
-3.3345
-3.87928
-4.48431
-5.19424
-6.12
-7.56673
-10.4599
-17.9361
-0.217679
-0.654692
-1.09671
-1.54723
-2.00995
-2.48894
-2.98874
-3.51459
-4.07283
-4.67161
-5.32216
-6.03868
-6.8179
-7.4655
-6.43147
-0.228833
-0.688144
-1.15242
-1.6251
-2.10974
-2.61007
-3.1298
-3.67211
-4.23814
-4.82287
-5.40417
-5.91367
-6.16032
-5.63874
-3.14119
-0.238842
-0.718133
-1.20228
-1.69462
-2.19859
-2.71768
-3.25512
-3.81308
-4.39036
-4.9764
-5.53592
-5.97105
-6.03612
-5.18404
-2.47919
-0.247728
-0.744735
-1.24643
-1.75604
-2.27691
-2.81248
-3.36612
-3.94055
-4.5364
-5.14825
-5.75392
-6.28531
-6.54869
-6.01588
-3.38208
-0.255532
-0.768067
-1.28506
-1.8096
-2.34496
-2.89468
-3.46261
-4.05306
-4.67124
-5.32427
-6.02337
-6.78556
-7.61402
-8.30662
-7.15322
-0.262309
-0.788292
-1.31842
-1.8556
-2.403
-2.96418
-3.54337
-4.14622
-4.78178
-5.4682
-6.24886
-7.23966
-8.77352
-11.8791
-20.0583
-0.268133
-0.805624
-1.34685
-1.89447
-2.45143
-3.02111
-3.60763
-4.21658
-4.85692
-5.54657
-6.3283
-7.31648
-8.84136
-11.9281
-20.0768
-0.273099
-0.820349
-1.37081
-1.92682
-2.49097
-3.06628
-3.65624
-4.26503
-4.8977
-5.5609
-6.26421
-7.02045
-7.82437
-8.46162
-7.21328
-0.277329
-0.832827
-1.3909
-1.95346
-2.52272
-3.1012
-3.69171
-4.29679
-4.91717
-5.54726
-6.16324
-6.69115
-6.92296
-6.3044
-3.50117
-0.280972
-0.843499
-1.40784
-1.97543
-2.54801
-3.12771
-3.71697
-4.31784
-4.92978
-5.54331
-6.1233
-6.56732
-6.61196
-5.66417
-2.70505
-0.284203
-0.852892
-1.4225
-1.99389
-2.56829
-3.14752
-3.73409
-4.33112
-4.94118
-5.56254
-6.17763
-6.72072
-6.99001
-6.42057
-3.61096
-0.28723
-0.861627
-1.4359
-2.01021
-2.58517
-3.16215
-3.74388
-4.33524
-4.94462
-5.586
-6.28183
-7.06414
-7.95034
-8.73252
-7.5809
-0.290296
-0.87043
-1.44924
-2.02605
-2.60058
-3.17343
-3.7469
-4.32675
-4.92575
-5.57155
-6.32582
-7.33528
-8.98275
-12.3872
-21.28
-0.293672
-0.880131
-1.46395
-2.04343
-2.61711
-3.18419
-3.74539
-4.30487
-4.87427
-5.48165
-6.19246
-7.16321
-8.79485
-12.2303
-21.2156
-0.297656
-0.891648
-1.48163
-2.06478
-2.63817
-3.19897
-3.74499
-4.27599
-4.79632
-5.31983
-5.87843
-6.53205
-7.35408
-8.21922
-7.36261
-0.302551
-0.905932
-1.50402
-2.09286
-2.66792
-3.22394
-3.75493
-4.25444
-4.71603
-5.13353
-5.4983
-5.78378
-5.88323
-5.40357
-3.14047
-0.308635
-0.923872
-1.53279
-2.13047
-2.71084
-3.26622
-3.78664
-4.25911
-4.66627
-4.98372
-5.17313
-5.16458
-4.81442
-3.82632
-1.70843
-0.316124
-0.946175
-1.56935
-2.18004
-2.77106
-3.33269
-3.85157
-4.30903
-4.67871
-4.92272
-4.9853
-4.78249
-4.18852
-3.03357
-1.17839
-0.32513
-0.973235
-1.61452
-2.24323
-2.85162
-3.42878
-3.95906
-4.41982
-4.77831
-4.98759
-4.98164
-4.67193
-3.95208
-2.72702
-0.99668
-0.335626
-1.00501
-1.66839
-2.32048
-2.9538
-3.55735
-4.11475
-4.60152
-4.98144
-5.20182
-5.18879
-4.84611
-4.06638
-2.77129
-0.997599
-0.347415
-1.04092
-1.73007
-2.41072
-3.07659
-3.7179
-4.31938
-4.85732
-5.29525
-5.57802
-5.62474
-5.32366
-4.53847
-3.14785
-1.15232
-0.360118
-1.07982
-1.79761
-2.51117
-3.21636
-3.90601
-4.56803
-5.18244
-5.71667
-6.11799
-6.30206
-6.13726
-5.43088
-3.94441
-1.52166
-0.373184
-1.12002
-1.86805
-2.61738
-3.36686
-4.11323
-4.84963
-5.56312
-6.23024
-6.80868
-7.22147
-7.32678
-6.8649
-5.39106
-2.3219
-0.385917
-1.15936
-1.93755
-2.72343
-3.51945
-4.32728
-5.14702
-5.97586
-6.80522
-7.61422
-8.35421
-8.91
-9.0015
-7.94546
-4.21553
-0.397525
-1.19537
-2.00168
-2.82236
-3.66378
-4.53297
-5.43797
-6.3881
-7.39415
-8.46746
-9.61462
-10.8154
-11.9348
-12.3566
-9.3736
-0.407184
-1.22548
-2.05577
-2.90684
-3.78875
-4.71372
-5.69746
-6.76131
-7.93612
-9.26915
-10.8376
-12.7772
-15.3519
-19.132
-25.4788
68.9715
51.4914
40.9125
33.6335
28.1428
23.7383
20.0525
16.8705
14.0556
11.5139
9.17738
6.99381
4.92108
2.92358
0.969753
25.2118
32.8879
31.3447
27.971
24.4645
21.2016
18.2345
15.5361
13.0635
10.7746
8.63196
6.60282
4.65822
2.77207
0.920251
11.1376
20.6864
23.0477
22.4002
20.6169
18.4593
16.2298
14.0448
11.9437
9.9336
8.00763
6.15304
4.3547
2.59669
0.862878
5.90094
13.4759
16.8397
17.618
17.0289
15.7666
14.1939
12.4949
10.7605
9.03408
7.33366
5.66413
4.02314
2.40449
0.799901
3.59958
9.18968
12.4272
13.7851
13.9082
13.2892
12.2457
10.9694
9.57179
8.11637
6.63816
5.15533
3.67602
2.2025
0.733591
2.41557
6.53712
9.31965
10.8095
11.3029
11.1063
10.459
9.52801
8.42308
7.2144
5.94581
4.64402
3.32486
1.99727
0.666078
1.72428
4.81436
7.10971
8.52587
9.17654
9.23614
8.86932
8.20728
7.3463
6.35397
5.27644
4.14474
2.9795
1.79451
0.59923
1.28193
3.64344
5.51022
6.77369
7.46053
7.66204
7.48452
7.02459
6.36066
5.55262
4.64464
3.66869
2.64783
1.59888
0.534584
0.980103
2.81603
4.32965
5.42186
6.08148
6.35104
6.29574
5.98348
5.47503
4.82062
4.05997
3.22379
2.33565
1.41389
0.473313
0.764562
2.21243
3.44165
4.37038
4.97321
5.26557
5.28533
5.07856
4.6907
4.16234
3.52772
2.81494
2.04678
1.24195
0.416239
0.605442
1.76062
2.76229
3.54517
4.08048
4.36933
4.43218
4.29932
4.00389
3.57779
3.04972
2.4445
1.78336
1.08448
0.363861
0.485
1.41539
2.23483
2.89182
3.35886
3.62997
3.7149
3.63293
3.40776
3.06402
2.62524
2.11287
1.54612
0.942108
0.316409
0.39206
1.14719
1.82015
2.37036
2.77327
3.01986
3.11347
3.06594
2.89394
2.61622
2.25183
1.81899
1.33472
0.814786
0.273897
0.31925
0.936024
1.4907
1.95115
2.29621
2.51594
2.61003
2.58535
2.45348
2.22859
1.92592
1.5608
1.14808
0.702002
0.236178
0.261523
0.767973
1.22668
1.61204
1.90614
2.09924
2.18903
2.17917
2.07759
1.89494
1.64337
1.33564
0.9846
0.60292
0.202992
0.215316
0.633068
1.01357
1.3363
1.5862
1.75426
1.83721
1.83667
1.75798
1.60913
1.39979
1.14053
0.842386
0.516501
0.17401
0.178053
0.524025
0.840566
1.11112
1.32308
1.46836
1.54336
1.5484
1.48706
1.36532
1.19085
0.972417
0.719424
0.441609
0.148863
0.147827
0.435412
0.699491
0.926609
1.10624
1.23126
1.29806
1.30622
1.25807
1.1581
1.01243
0.828291
0.61369
0.377079
0.127174
0.123204
0.363119
0.584076
0.775071
0.927299
1.03458
1.09346
1.10312
1.06504
0.982608
0.860698
0.705312
0.523235
0.321775
0.108569
0.103087
0.303989
0.489459
0.650445
0.779569
0.871486
0.923033
0.933173
0.902812
0.834516
0.732207
0.600861
0.446232
0.274624
0.092695
0.0866305
0.25557
0.411839
0.547939
0.657666
0.73642
0.781347
0.791337
0.766912
0.710033
0.623872
0.51257
0.381015
0.234635
0.079223
0.0731741
0.215947
0.348222
0.46374
0.557265
0.624837
0.663913
0.673389
0.653539
0.605877
0.532987
0.438337
0.326088
0.200917
0.0678566
0.0621999
0.183611
0.296236
0.394808
0.474878
0.533034
0.567025
0.575799
0.559472
0.519231
0.457206
0.37632
0.28013
0.172676
0.0583313
0.0533008
0.157373
0.254006
0.338719
0.407704
0.458007
0.487641
0.495633
0.482004
0.447706
0.394518
0.324926
0.241991
0.149217
0.0504152
0.0461573
0.1363
0.22005
0.293548
0.353498
0.397326
0.42328
0.430474
0.418884
0.389294
0.343216
0.282793
0.210682
0.12994
0.0439076
0.0405216
0.119664
0.193211
0.257782
0.310484
0.349053
0.37194
0.378355
0.368259
0.342325
0.301872
0.248773
0.185365
0.114337
0.0386371
0.0362053
0.106912
0.172604
0.230254
0.27728
0.311665
0.332035
0.337697
0.328626
0.305435
0.269305
0.22191
0.165335
0.101977
0.0344593
0.0330719
0.0976406
0.157578
0.210101
0.252851
0.284004
0.30234
0.307264
0.298796
0.277526
0.244556
0.20142
0.150013
0.0925032
0.0312542
0.0310318
0.0915839
0.147699
0.196732
0.236472
0.26524
0.281953
0.286127
0.277851
0.257739
0.226862
0.186671
0.138927
0.0856251
0.028923
0.030041
0.0886072
0.142735
0.189815
0.227707
0.254844
0.270271
0.27363
0.265121
0.245425
0.215632
0.177165
0.1317
0.0811066
0.0273858
0.0301025
0.0887113
0.142664
0.189274
0.226408
0.252577
0.266964
0.269372
0.260155
0.240118
0.210424
0.172514
0.128031
0.0787588
0.026578
0.0312719
0.0920473
0.147689
0.195312
0.232718
0.258489
0.27197
0.273183
0.2627
0.241512
0.210918
0.172427
0.127685
0.0784296
0.0264471
0.0336689
0.0989466
0.158282
0.208442
0.247105
0.272931
0.285493
0.285113
0.272673
0.249434
0.216893
0.176676
0.130473
0.0799927
0.0269489
0.0374959
0.109971
0.175242
0.229553
0.270402
0.296579
0.307997
0.305413
0.290141
0.263812
0.228194
0.18508
0.136228
0.0833346
0.0280432
0.04307
0.125996
0.199811
0.260009
0.303882
0.330472
0.340221
0.334519
0.315283
0.284636
0.244696
0.197466
0.144786
0.0883403
0.0296889
0.0508751
0.148347
0.233834
0.301797
0.34936
0.376056
0.38317
0.373018
0.348344
0.311908
0.266258
0.213633
0.155956
0.0948762
0.0318383
0.0616506
0.179018
0.280021
0.357747
0.409324
0.43523
0.438102
0.421597
0.389568
0.345574
0.292659
0.233305
0.169486
0.10277
0.0344306
0.0765459
0.221049
0.342368
0.43185
0.487108
0.510394
0.506483
0.480949
0.439095
0.385431
0.323527
0.256073
0.185026
0.111789
0.0373846
0.0974042
0.279176
0.426818
0.52971
0.587086
0.604436
0.58987
0.551627
0.496817
0.431004
0.358245
0.281332
0.202083
0.121616
0.0405913
0.127314
0.361
0.542336
0.659169
0.714847
0.72063
0.689688
0.633799
0.562172
0.481395
0.395844
0.308211
0.219982
0.131828
0.0439069
0.171763
0.479171
0.702637
0.831085
0.877241
0.862318
0.806814
0.726884
0.633871
0.535095
0.434885
0.3355
0.237825
0.141877
0.0471474
0.241292
0.655626
0.928908
1.06013
1.08203
1.03217
0.940889
0.829036
0.709558
0.589781
0.473348
0.361597
0.254467
0.151078
0.0500851
0.358212
0.93002
1.25381
1.36509
1.33663
1.23078
1.08923
0.936466
0.785436
0.642132
0.508552
0.384479
0.268509
0.158612
0.0524512
0.575554
1.37663
1.72628
1.76705
1.64495
1.45416
1.24535
1.04267
0.855931
0.687718
0.537144
0.401731
0.27833
0.16355
0.0539427
1.03596
2.13671
2.4132
2.28208
2.00094
1.69001
1.3972
1.13779
0.913543
0.721042
0.5552
0.410635
0.28216
0.164895
0.0542378
2.17079
3.46913
3.38314
2.90126
2.37757
1.91325
1.52582
1.20847
0.949089
0.735838
0.55847
0.408361
0.278201
0.16165
0.0530171
5.41894
5.76283
4.62796
3.5494
2.71294
2.08307
1.60574
1.23887
0.952583
0.725702
0.542802
0.392226
0.264789
0.152905
0.0499912
15.9545
9.08332
5.83358
4.02935
2.90478
2.14692
1.60894
1.21328
0.914803
0.685009
0.504676
0.360018
0.240571
0.13793
0.0449289
18.9971
9.88878
6.03527
4.03723
2.84191
2.05803
1.51326
1.12019
0.829307
0.609957
0.441768
0.310296
0.204681
0.116259
0.0376834
9.34331
7.04488
4.94832
3.48758
2.49327
1.80306
1.31221
0.956129
0.694117
0.499367
0.353354
0.242614
0.156849
0.0877475
0.0282095
3.27929
4.06063
3.41974
2.61396
1.9334
1.40963
1.01753
0.726722
0.512207
0.354925
0.24044
0.157586
0.097444
0.0525943
0.0165696
1.22719
2.06398
2.00559
1.65334
1.26461
0.924724
0.65248
0.444323
0.290543
0.180759
0.105557
0.0567844
0.0274189
0.0113128
0.00292609
0.298386
0.688944
0.795469
0.718022
0.561895
0.392829
0.242916
0.124155
0.0383212
-0.0174242
-0.0476807
-0.0574936
-0.0518131
-0.0353288
-0.0124771
-0.487216
-0.488859
-0.286901
-0.162666
-0.131845
-0.152371
-0.188284
-0.218877
-0.234794
-0.233306
-0.215113
-0.182529
-0.138545
-0.0863906
-0.0293399
-1.94835
-1.80803
-1.31529
-0.978473
-0.789919
-0.686881
-0.623169
-0.57209
-0.519987
-0.460783
-0.392535
-0.315476
-0.230949
-0.14085
-0.0473331
-6.21294
-3.3719
-2.23536
-1.69129
-1.38859
-1.19407
-1.04926
-0.925993
-0.810096
-0.694529
-0.576067
-0.453602
-0.327218
-0.197679
-0.0661234
-6.35882
-3.75202
-2.74394
-2.23646
-1.91209
-1.6667
-1.46038
-1.27475
-1.09995
-0.930269
-0.762369
-0.59444
-0.425671
-0.255905
-0.0853924
-2.42593
-3.02183
-2.90482
-2.65443
-2.38069
-2.11218
-1.8571
-1.61595
-1.38623
-1.16475
-0.948673
-0.73585
-0.524809
-0.314644
-0.104849
-1.4485
-2.78667
-3.15825
-3.08855
-2.8456
-2.54828
-2.2441
-1.94917
-1.66674
-1.39545
-1.1327
-0.876008
-0.623328
-0.37312
-0.124235
-1.55356
-3.22268
-3.71804
-3.64293
-3.34821
-2.98907
-2.62465
-2.27368
-1.93949
-1.62017
-1.3125
-1.01336
-0.720117
-0.430671
-0.143332
-2.65721
-4.47372
-4.67391
-4.34974
-3.89547
-3.43348
-2.99578
-2.58648
-2.20188
-1.83678
-1.48636
-1.1466
-0.814256
-0.48675
-0.161958
-6.18992
-6.84709
-5.99384
-5.14678
-4.44801
-3.86093
-3.34714
-2.88207
-2.45066
-2.04315
-1.65279
-1.27466
-0.905022
-0.540933
-0.179974
-17.8632
-10.2692
-7.30933
-5.84073
-4.92288
-4.23743
-3.66457
-3.15423
-2.6828
-2.23757
-1.81069
-1.3968
-0.991918
-0.592933
-0.197285
-17.9404
-10.4729
-7.58905
-6.15209
-5.23624
-4.53565
-3.93852
-3.39928
-2.89668
-2.41919
-1.95955
-1.51267
-1.0747
-0.642605
-0.213842
-6.44083
-7.4934
-6.86378
-6.10143
-5.40001
-4.76193
-4.17219
-3.61881
-3.09307
-2.58837
-2.09951
-1.62231
-1.15338
-0.689952
-0.229646
-3.15574
-5.68189
-6.23053
-6.00833
-5.51967
-4.95456
-4.38053
-3.81906
-3.27478
-2.7465
-2.23132
-1.72617
-1.22823
-0.735116
-0.244742
-2.49929
-5.24351
-6.13245
-6.10016
-5.69228
-5.15328
-4.58006
-4.0073
-3.44532
-2.89547
-2.35614
-1.82498
-1.29972
-0.778361
-0.259215
-3.40832
-6.09341
-6.67397
-6.4527
-5.95584
-5.37566
-4.77918
-4.18797
-3.60735
-3.03709
-2.47524
-1.91967
-1.36847
-0.820055
-0.273188
-7.18643
-8.40465
-7.77221
-6.99646
-6.27713
-5.60924
-4.97453
-4.36119
-3.76214
-3.17279
-2.58994
-2.0113
-1.43525
-0.860663
-0.286814
-20.0995
-12.0009
-8.9698
-7.50091
-6.56257
-5.81968
-5.15494
-4.52439
-3.91011
-3.30392
-2.70168
-2.1011
-1.50098
-0.900745
-0.300283
-20.1275
-12.0778
-9.08234
-7.63674
-6.71216
-5.97574
-5.31151
-4.67621
-4.05237
-3.43225
-2.81221
-2.19056
-1.56676
-0.940971
-0.313818
-7.27532
-8.64446
-8.11843
-7.41062
-6.73095
-6.08154
-5.44788
-4.81998
-4.19197
-3.56047
-2.9238
-2.28147
-1.63389
-0.982129
-0.327683
-3.57677
-6.52705
-7.2806
-7.1648
-6.72858
-6.17631
-5.58015
-4.96374
-4.3339
-3.69221
-3.03927
-2.37599
-1.70391
-1.02513
-0.342184
-2.79709
-5.93501
-7.04633
-7.14137
-6.80665
-6.30145
-5.72636
-5.11675
-4.48397
-3.8317
-3.16187
-2.47658
-1.77854
-1.07102
-0.357663
-3.72309
-6.75021
-7.51768
-7.41626
-7.00297
-6.47501
-5.89645
-5.28575
-4.6475
-3.98331
-3.29514
-2.58598
-1.85973
-1.12094
-0.374502
-7.7178
-9.13449
-8.59229
-7.90756
-7.27881
-6.6836
-6.08875
-5.47379
-4.82896
-4.15151
-3.44293
-2.70719
-1.9496
-1.17615
-0.393118
-21.4477
-12.8789
-9.76573
-8.35985
-7.53121
-6.89184
-6.29491
-5.68247
-5.033
-4.34127
-3.60953
-2.84353
-2.05045
-1.238
-0.413951
-21.4221
-12.8346
-9.75334
-8.41113
-7.65204
-7.07048
-6.51176
-5.91676
-5.26632
-4.55873
-3.79987
-2.99862
-2.16472
-1.30787
-0.437453
-7.61856
-8.96609
-8.53313
-8.0573
-7.64947
-7.23315
-6.75369
-6.18948
-5.53924
-4.81173
-4.01959
-3.17634
-2.29489
-1.38714
-0.464061
-3.46042
-6.33389
-7.34253
-7.65613
-7.65266
-7.43954
-7.05437
-6.52184
-5.86577
-5.10954
-4.27477
-3.38054
-2.44327
-1.47704
-0.494158
-2.1129
-4.9966
-6.63446
-7.47503
-7.80131
-7.76532
-7.45725
-6.9399
-6.2618
-5.46185
-4.57119
-3.61459
-2.61174
-1.57848
-0.528017
-1.69735
-4.52438
-6.47997
-7.65094
-8.2014
-8.27993
-8.00534
-7.46945
-6.74236
-5.8771
-4.91336
-3.88073
-2.80129
-1.69185
-0.565732
-1.67598
-4.65727
-6.87026
-8.25765
-8.92907
-9.03967
-8.73475
-8.13163
-7.31878
-6.36068
-5.30335
-4.17934
-3.01164
-1.81678
-0.607152
-1.91202
-5.32362
-7.8338
-9.36146
-10.046
-10.0879
-9.67113
-8.93926
-7.99593
-6.91309
-5.73962
-4.50826
-3.24082
-1.95195
-0.651814
-2.43444
-6.6159
-9.47953
-11.0507
-11.6092
-11.4546
-10.8263
-9.89358
-8.76979
-7.52833
-6.21604
-4.86222
-3.48488
-2.09492
-0.698898
-3.43421
-8.82325
-12.0227
-13.443
-13.6672
-13.1502
-12.1927
-10.9805
-9.62519
-8.19266
-6.72123
-5.23246
-3.73769
-2.24208
-0.747211
-5.46128
-12.551
-15.8013
-16.6659
-16.2398
-15.1516
-13.7359
-12.1667
-10.5341
-8.88387
-7.2384
-5.60684
-3.99105
-2.38871
-0.795214
-10.15
-18.9449
-21.2363
-20.785
-19.2717
-17.3803
-15.3856
-13.3968
-11.455
-9.57171
-7.74584
-5.97023
-4.23503
-2.52919
-0.841084
-22.8281
-29.855
-28.5759
-25.6413
-22.5658
-19.6807
-17.031
-14.5942
-12.335
-10.2196
-8.2183
-6.3055
-4.45862
-2.65733
-0.88283
-62.3321
-46.5327
-37.0649
-30.5951
-25.7277
-21.8172
-18.5285
-15.6681
-13.115
-10.788
-8.62925
-6.59496
-4.65051
-2.76685
-0.918435
-0.41446
-1.24837
-2.09757
-2.97346
-3.88943
-4.86223
-5.91411
-7.07635
-8.39574
-9.9469
-11.8577
-14.3683
-17.987
-23.9649
-35.9897
-0.417775
-1.25916
-2.11843
-3.00897
-3.94653
-4.95083
-6.04791
-7.27397
-8.6819
-10.3526
-12.4153
-15.0843
-18.7224
-23.9081
-31.2553
-0.415245
-1.252
-2.10797
-2.99738
-3.93677
-4.94646
-6.05245
-7.28941
-8.70499
-10.3659
-12.3659
-14.8309
-17.9093
-21.6886
-25.8847
-0.406434
-1.2256
-2.06401
-2.9357
-3.85659
-4.84559
-5.92575
-7.12592
-8.48239
-10.04
-11.8507
-13.9635
-16.3947
-19.0513
-21.5808
-0.391314
-1.17992
-1.98672
-2.82471
-3.70819
-4.65334
-5.67876
-6.8058
-8.05833
-9.46083
-11.033
-12.7772
-14.6543
-16.5408
-18.1812
-0.370203
-1.11602
-1.8782
-2.66815
-3.49798
-4.38064
-5.32991
-6.35991
-7.48393
-8.71149
-10.0425
-11.4576
-12.9036
-14.2755
-15.4086
-0.343679
-1.03572
-1.74185
-2.47164
-3.23482
-4.04116
-4.90008
-5.8198
-6.80585
-7.85832
-8.96734
-10.1066
-11.2263
-12.2481
-13.0684
-0.312469
-0.941302
-1.5818
-2.24166
-2.92837
-3.64892
-4.4092
-5.21315
-6.06129
-6.94866
-7.86173
-8.77473
-9.64691
-10.4222
-11.0349
-0.277363
-0.835213
-1.40237
-1.98479
-2.58801
-3.21675
-3.87436
-4.56193
-5.27724
-6.01318
-6.756
-7.48348
-8.16416
-8.75868
-9.22463
-0.239131
-0.71981
-1.20765
-1.7071
-2.22209
-2.75563
-3.30932
-3.88265
-4.47216
-5.07045
-5.66526
-6.23863
-6.76709
-7.22325
-7.5792
-0.198479
-0.597235
-1.00129
-1.41386
-1.8376
-2.27432
-2.72454
-3.18699
-3.65799
-4.1309
-4.59559
-5.03827
-5.44189
-5.78751
-6.05665
-0.156022
-0.469342
-0.786409
-1.10943
-1.44012
-1.7795
-2.12751
-2.48269
-2.84179
-3.19939
-3.54773
-3.87672
-4.17441
-4.42796
-4.62523
-0.11228
-0.337683
-0.565549
-0.797292
-1.03396
-1.27606
-1.52332
-1.77448
-2.02705
-2.27707
-2.51913
-2.74638
-2.95094
-3.12457
-3.25963
-0.0676883
-0.203543
-0.340788
-0.480206
-0.622352
-0.767444
-0.915236
-1.06489
-1.21484
-1.36273
-1.50533
-1.63871
-1.75838
-1.85975
-1.9386
-1016.51
-1049.48
-1082.31
-1114.91
-1147.19
-1179.04
-1210.38
-1241.1
-1271.1
-1300.28
-1328.54
-1355.78
-1381.92
-1406.86
-1430.55
-61.7795
-45.6555
-36.3059
-30.1801
-25.7859
-22.4264
-19.741
-17.5258
-15.6565
-14.0522
-12.6577
-11.4335
-10.3508
-9.3873
-8.52593
-7.753
-7.05742
-6.43008
-5.86334
-5.35079
-4.88693
-4.46702
-4.08698
-3.74321
-3.43259
-3.15236
-2.90008
-2.67361
-2.47104
-2.2907
-2.13113
-1.99102
-1.86926
-1.76487
-1.67702
-1.60503
-1.54833
-1.50646
-1.4791
-1.46604
-1.46717
-1.4825
-1.51213
-1.5563
-1.61534
-1.6897
-1.77995
-1.88678
-2.01101
-2.15358
-2.3156
-2.49832
-2.70312
-2.93161
-3.18554
-3.46689
-3.77785
-4.12085
-4.49859
-4.91405
-5.37055
-5.87176
-6.42175
-7.02503
-7.68663
-8.41215
-9.20787
-10.0808
-11.0389
-12.0912
-13.2478
-14.5206
-15.9232
-17.4713
-19.1839
-21.0833
-23.1967
-25.5578
-28.2085
-31.2031
-34.6127
-38.5338
-43.1017
-48.5144
-55.0769
-63.2891
-74.0346
-89.0232
-111.915
-151.419
-38.5722
-35.926
-31.6897
-27.7126
-24.3226
-21.4822
-19.0905
-17.0546
-15.3017
-13.777
-12.4393
-11.257
-10.2061
-9.26738
-8.42574
-7.66879
-6.98638
-6.37002
-5.81258
-5.30795
-4.85092
-4.43694
-4.06206
-3.72282
-3.41619
-3.13947
-2.8903
-2.66657
-2.46642
-2.28821
-2.1305
-1.99202
-1.87166
-1.76847
-1.68163
-1.61046
-1.5544
-1.51301
-1.48596
-1.47306
-1.47418
-1.48934
-1.51865
-1.56234
-1.62073
-1.69427
-1.78353
-1.88918
-2.01204
-2.15303
-2.31326
-2.49394
-2.69647
-2.92241
-3.1735
-3.45169
-3.75914
-4.09825
-4.47168
-4.88237
-5.33358
-5.82892
-6.37239
-6.96842
-7.62194
-8.33843
-9.124
-9.98552
-10.9307
-11.9682
-13.1079
-14.3611
-15.7407
-17.2618
-18.942
-20.8022
-22.8673
-25.1676
-27.7405
-30.6325
-33.9032
-37.6292
-41.9118
-46.8854
-52.7281
-59.6675
-67.9509
-77.6692
-88.0176
-94.4576
-28.7523
-28.4847
-26.6988
-24.3988
-22.0667
-19.891
-17.9268
-16.175
-14.6177
-13.2321
-11.9963
-10.8909
-9.89923
-9.00728
-8.20317
-7.47688
-6.81986
-6.22481
-5.68545
-5.19631
-4.75265
-4.35029
-3.98558
-3.65527
-3.3565
-3.08673
-2.8437
-2.62539
-2.43004
-2.25605
-2.10204
-1.96678
-1.84921
-1.74839
-1.66354
-1.594
-1.53922
-1.49878
-1.47236
-1.45975
-1.46086
-1.4757
-1.50437
-1.5471
-1.6042
-1.67611
-1.76339
-1.8667
-1.98683
-2.12469
-2.28134
-2.45799
-2.65599
-2.87686
-3.12231
-3.39422
-3.6947
-4.02609
-4.39097
-4.79218
-5.2329
-5.71661
-6.24717
-6.82885
-7.46638
-8.16501
-8.93056
-9.76954
-10.6892
-11.6977
-12.8042
-14.0191
-15.3541
-16.8228
-18.4406
-20.2256
-22.1987
-24.3846
-26.8122
-29.5162
-32.5371
-35.9226
-39.7264
-44.0038
-48.7991
-54.1094
-59.7996
-65.4065
-69.7472
-70.3571
-23.0703
-23.2288
-22.4472
-21.1303
-19.5846
-17.9945
-16.4564
-15.0149
-13.6858
-12.4709
-11.3651
-10.3605
-9.44842
-8.62031
-7.86822
-7.1849
-6.56382
-5.99916
-5.48575
-5.01897
-4.59469
-4.20926
-3.85939
-3.54215
-3.25492
-2.99536
-2.76137
-2.55106
-2.36278
-2.19503
-2.04649
-1.916
-1.80255
-1.70525
-1.62336
-1.55622
-1.50334
-1.4643
-1.4388
-1.42665
-1.42774
-1.44209
-1.46981
-1.51111
-1.56629
-1.63579
-1.72013
-1.81996
-1.93603
-2.06924
-2.22059
-2.39125
-2.58253
-2.79588
-3.03295
-3.29555
-3.5857
-3.90564
-4.25784
-4.64503
-5.07023
-5.53674
-6.04823
-6.60874
-7.22272
-7.89507
-8.63123
-9.4372
-10.3196
-11.2859
-12.3443
-13.5039
-14.7749
-16.1687
-17.6983
-19.3778
-21.2234
-23.2528
-25.4857
-27.9428
-30.6456
-33.6132
-36.858
-40.376
-44.1275
-48.0037
-51.7673
-54.9663
-56.848
-56.4196
-19.1093
-19.3259
-18.966
-18.1905
-17.1661
-16.0225
-14.8468
-13.6924
-12.5892
-11.5525
-10.588
-9.69678
-8.87659
-8.12383
-7.43423
-6.80329
-6.22655
-5.69978
-5.219
-4.78051
-4.38092
-4.01715
-3.68635
-3.38597
-3.11367
-2.86735
-2.64511
-2.44522
-2.26616
-2.10655
-1.96516
-1.84092
-1.73286
-1.64017
-1.56214
-1.49817
-1.44778
-1.41058
-1.38628
-1.37471
-1.37578
-1.38949
-1.41596
-1.45537
-1.50803
-1.57435
-1.65483
-1.75008
-1.86082
-1.9879
-2.13229
-2.29508
-2.47752
-2.681
-2.90706
-3.15743
-3.43403
-3.73896
-4.07455
-4.44338
-4.84826
-5.2923
-5.77891
-6.31183
-6.89516
-7.53341
-8.23152
-8.99489
-9.82945
-10.7417
-11.7387
-12.8282
-14.0187
-15.3194
-16.7399
-18.2909
-19.9833
-21.8282
-23.836
-26.0157
-28.3724
-30.9042
-33.5962
-36.4113
-39.276
-42.0594
-44.5473
-46.422
-47.2744
-46.7099
-16.0502
-16.2522
-16.0822
-15.6081
-14.9185
-14.0958
-13.2056
-12.2953
-11.3964
-10.5291
-9.70495
-8.93013
-8.20706
-7.53587
-6.91527
-6.34313
-5.81687
-5.33374
-4.8909
-4.48561
-4.11519
-3.77716
-3.46915
-3.18899
-2.93467
-2.70434
-2.49632
-2.30908
-2.14123
-1.99153
-1.85886
-1.74223
-1.64076
-1.5537
-1.4804
-1.4203
-1.37295
-1.338
-1.31518
-1.30432
-1.30535
-1.31828
-1.34319
-1.38029
-1.42986
-1.49227
-1.568
-1.65762
-1.76182
-1.88138
-2.01722
-2.17035
-2.34195
-2.53332
-2.74589
-2.98129
-3.24128
-3.52784
-3.84312
-4.18951
-4.5696
-4.98625
-5.44258
-5.94199
-6.48819
-7.08523
-7.73748
-8.4497
-9.22703
-10.075
-10.9995
-12.0068
-13.1036
-14.2968
-15.5932
-16.9999
-18.5231
-20.1682
-21.9382
-23.833
-25.8466
-27.9639
-30.1562
-32.3745
-34.5409
-36.5395
-38.2096
-39.3488
-39.7404
-39.2174
-13.5389
-13.7135
-13.6352
-13.3352
-12.8615
-12.2654
-11.5928
-10.8808
-10.1575
-9.44281
-8.7502
-8.08831
-7.46221
-6.87448
-6.32596
-5.81635
-5.34459
-4.90916
-4.50828
-4.14001
-3.8024
-3.4935
-3.21143
-2.9544
-2.72072
-2.50882
-2.31724
-2.14465
-1.98981
-1.85163
-1.72911
-1.62135
-1.52758
-1.4471
-1.37932
-1.32374
-1.27995
-1.24762
-1.22653
-1.2165
-1.21748
-1.22948
-1.25257
-1.28695
-1.33288
-1.3907
-1.46085
-1.54387
-1.64039
-1.75112
-1.87692
-2.01872
-2.17761
-2.35477
-2.55154
-2.76939
-3.00995
-3.27502
-3.56657
-3.88676
-4.23795
-4.62271
-5.04385
-5.50439
-6.00764
-6.55713
-7.15667
-7.81034
-8.52246
-9.2976
-10.1405
-11.0561
-12.0493
-13.1248
-14.2873
-15.5405
-16.887
-18.3276
-19.8602
-21.4787
-23.1706
-24.9147
-26.678
-28.4116
-30.0467
-31.4923
-32.6358
-33.3518
-33.5228
-33.0721
-11.3919
-11.5391
-11.5073
-11.3122
-10.9809
-10.5452
-10.0367
-9.48276
-8.90628
-8.32479
-7.75132
-7.19509
-6.66229
-6.15681
-5.68084
-5.2353
-4.82024
-4.43512
-4.07898
-3.75059
-3.44859
-3.17154
-2.918
-2.68654
-2.47578
-2.28441
-2.11121
-1.95503
-1.81481
-1.68959
-1.5785
-1.48076
-1.39567
-1.32263
-1.26109
-1.21063
-1.17087
-1.14152
-1.12237
-1.11328
-1.1142
-1.12513
-1.14615
-1.17743
-1.21922
-1.27181
-1.33563
-1.41114
-1.49891
-1.59961
-1.714
-1.84294
-1.98738
-2.14842
-2.32725
-2.52521
-2.74375
-2.98449
-3.24919
-3.53978
-3.85835
-4.20719
-4.58875
-5.0057
-5.46087
-5.95733
-6.49829
-7.08716
-7.7275
-8.42294
-9.1772
-9.9939
-10.8765
-11.8281
-12.8511
-13.9469
-15.1154
-16.3545
-17.6588
-19.0189
-20.4194
-21.8379
-23.2426
-24.5902
-25.8252
-26.8797
-27.6771
-28.1393
-28.1999
-27.8209
-9.5001
-9.62229
-9.61451
-9.48515
-9.25023
-8.92994
-8.54554
-8.11708
-7.6621
-7.19511
-6.72754
-6.26807
-5.82298
-5.39665
-4.99189
-4.61036
-4.25283
-3.91942
-3.60977
-3.32323
-3.05892
-2.81583
-2.59289
-2.38899
-2.20304
-2.03399
-1.88081
-1.74257
-1.61836
-1.50736
-1.40885
-1.32213
-1.24661
-1.18175
-1.12711
-1.08229
-1.04698
-1.02091
-1.00391
-0.995856
-0.996692
-1.00643
-1.02515
-1.05299
-1.09018
-1.13698
-1.19375
-1.26093
-1.33901
-1.42859
-1.53034
-1.64501
-1.77346
-1.91664
-2.07562
-2.25156
-2.44576
-2.65962
-2.8947
-3.15266
-3.43534
-3.7447
-4.08286
-4.45209
-4.85481
-5.29356
-5.77103
-6.28999
-6.85326
-7.4637
-8.12404
-8.83689
-9.60447
-10.4285
-11.3099
-12.2485
-13.2424
-14.2876
-15.3772
-16.5005
-17.6423
-18.7811
-19.8891
-20.9308
-21.8631
-22.6371
-23.2007
-23.5045
-23.5096
-23.1955
-7.79235
-7.892
-7.89612
-7.80949
-7.64189
-7.40634
-7.11728
-6.789
-6.43467
-6.0657
-5.69158
-5.31981
-4.95619
-4.60494
-4.26904
-3.95043
-3.65027
-3.36907
-3.1069
-2.86349
-2.63833
-2.43075
-2.24
-2.06524
-1.90564
-1.76036
-1.6286
-1.50957
-1.40255
-1.30687
-1.22189
-1.14706
-1.08188
-1.02588
-0.978695
-0.939984
-0.90948
-0.886967
-0.872288
-0.865342
-0.866083
-0.874523
-0.89073
-0.914829
-0.947004
-0.987499
-1.03662
-1.09474
-1.16229
-1.23977
-1.32777
-1.42695
-1.53802
-1.66183
-1.79927
-1.95134
-2.11916
-2.30392
-2.50694
-2.72965
-2.97359
-3.24042
-3.5319
-3.84993
-4.19651
-4.57371
-4.98368
-5.42864
-5.91076
-6.43219
-6.99491
-7.60064
-8.25073
-8.9459
-9.68607
-10.47
-11.2949
-12.1561
-13.0464
-13.9553
-14.8687
-15.7683
-16.6308
-17.4284
-18.1287
-18.697
-19.0978
-19.2995
-19.2782
-19.0225
-6.21952
-6.29866
-6.30782
-6.24982
-6.13079
-5.95924
-5.74491
-5.49788
-5.22777
-4.94322
-4.6517
-4.35936
-4.0711
-3.79067
-3.52084
-3.26352
-3.01998
-2.79091
-2.57662
-2.37708
-2.19204
-2.02109
-1.86371
-1.71931
-1.58727
-1.46694
-1.35771
-1.25896
-1.17011
-1.09063
-1.02002
-0.957812
-0.903602
-0.857028
-0.817771
-0.785562
-0.76018
-0.741449
-0.729239
-0.723467
-0.724099
-0.731143
-0.744657
-0.764746
-0.791563
-0.825312
-0.866247
-0.914676
-0.97096
-1.03552
-1.10884
-1.19145
-1.28397
-1.38709
-1.50154
-1.62816
-1.76785
-1.92162
-2.09053
-2.27577
-2.47857
-2.7003
-2.94239
-3.20635
-3.49378
-3.80631
-4.14562
-4.51341
-4.91131
-5.34086
-5.80345
-6.30015
-6.83166
-7.39809
-7.99877
-8.63201
-9.29479
-9.98243
-10.6882
-11.4029
-12.1146
-12.8082
-13.4655
-14.0654
-14.5842
-14.9975
-15.2814
-15.4152
-15.3841
-15.1812
-4.7456
-4.80576
-4.81587
-4.77766
-4.695
-4.57338
-4.41931
-4.23971
-4.04134
-3.83049
-3.61273
-3.39277
-3.17448
-2.96091
-2.75438
-2.55657
-2.36863
-2.19128
-2.0249
-1.8696
-1.72528
-1.59172
-1.46857
-1.35544
-1.25187
-1.1574
-1.07158
-0.99394
-0.924052
-0.861501
-0.805905
-0.756913
-0.714209
-0.677512
-0.646575
-0.621191
-0.601185
-0.586423
-0.576802
-0.572259
-0.572766
-0.578333
-0.589004
-0.604862
-0.626029
-0.652665
-0.684971
-0.723188
-0.767603
-0.818545
-0.876393
-0.941572
-1.01456
-1.0959
-1.18617
-1.28602
-1.39616
-1.51738
-1.6505
-1.79644
-1.95617
-2.13074
-2.32124
-2.52884
-2.75474
-3.00018
-3.2664
-3.55465
-3.86609
-4.2018
-4.56267
-4.94935
-5.36211
-5.80074
-6.26436
-6.75124
-7.25861
-7.78235
-8.31683
-8.8546
-9.38621
-9.9001
-10.3827
-10.8186
-11.1914
-11.484
-11.6807
-11.7681
-11.7368
-11.5829
-3.34256
-3.38482
-3.39345
-3.36946
-3.31522
-3.23417
-3.13044
-3.0085
-2.87284
-2.7277
-2.5769
-2.42377
-2.27107
-2.12103
-1.97538
-1.83543
-1.70207
-1.5759
-1.45728
-1.34636
-1.24311
-1.14742
-1.05909
-0.977862
-0.903437
-0.835507
-0.773752
-0.717858
-0.667522
-0.622454
-0.582385
-0.547067
-0.516275
-0.48981
-0.467497
-0.449187
-0.434756
-0.424107
-0.417169
-0.413895
-0.414267
-0.418291
-0.425999
-0.437453
-0.452739
-0.471973
-0.495301
-0.522896
-0.554964
-0.591744
-0.633508
-0.680562
-0.733251
-0.791959
-0.857108
-0.929166
-1.00864
-1.09609
-1.19211
-1.29736
-1.41251
-1.53833
-1.67557
-1.82507
-1.98766
-2.1642
-2.35556
-2.56256
-2.786
-3.02655
-3.28479
-3.56104
-3.85537
-4.16745
-4.49648
-4.84101
-5.19884
-5.56682
-5.94073
-6.31512
-6.68323
-7.03696
-7.36695
-7.66283
-7.91366
-8.10853
-8.23736
-8.29181
-8.26618
-8.1581
-1.98722
-2.0123
-2.018
-2.00483
-1.97409
-1.92765
-1.86782
-1.7971
-1.71805
-1.6331
-1.54451
-1.45422
-1.3639
-1.2749
-1.18829
-1.10487
-1.02524
-0.949766
-0.878705
-0.812165
-0.750165
-0.69265
-0.639515
-0.590617
-0.545789
-0.504853
-0.467622
-0.433914
-0.403547
-0.376352
-0.352169
-0.330849
-0.312259
-0.296279
-0.282805
-0.271748
-0.263033
-0.256602
-0.252413
-0.250437
-0.250664
-0.253098
-0.257758
-0.264681
-0.27392
-0.285544
-0.299642
-0.316318
-0.335697
-0.357923
-0.383159
-0.411591
-0.443427
-0.478897
-0.518256
-0.561785
-0.609791
-0.662606
-0.720593
-0.784138
-0.853657
-0.929591
-1.0124
-1.10258
-1.20062
-1.30703
-1.42231
-1.54694
-1.68137
-1.82598
-1.98107
-2.1468
-2.32315
-2.50986
-2.70637
-2.91173
-3.12454
-3.34283
-3.564
-3.78475
-4.00102
-4.20802
-4.40029
-4.57187
-4.71651
-4.82809
-4.90103
-4.93076
-4.9142
-4.85008
-1451.06
-1468.77
-1485.53
-1501.34
-1516.21
-1530.15
-1543.19
-1555.34
-1566.64
-1577.13
-1586.85
-1595.84
-1604.14
-1611.79
-1618.83
-1625.31
-1631.25
-1636.71
-1641.71
-1646.29
-1650.47
-1654.29
-1657.77
-1660.93
-1663.81
-1666.41
-1668.76
-1670.88
-1672.78
-1674.47
-1675.98
-1677.3
-1678.44
-1679.43
-1680.26
-1680.94
-1681.48
-1681.87
-1682.13
-1682.25
-1682.24
-1682.09
-1681.81
-1681.39
-1680.83
-1680.12
-1679.27
-1678.25
-1677.07
-1675.72
-1674.18
-1672.44
-1670.5
-1668.33
-1665.92
-1663.26
-1660.31
-1657.07
-1653.5
-1649.58
-1645.28
-1640.56
-1635.4
-1629.75
-1623.57
-1616.82
-1609.45
-1601.4
-1592.61
-1583.04
-1572.6
-1561.22
-1548.84
-1535.36
-1520.71
-1504.79
-1487.5
-1468.75
-1448.43
-1426.45
-1402.7
-1377.09
-1349.5
-1319.86
-1288.09
-1254.12
-1217.89
-1179.37
-1138.55
-1095.44
-88.0807
-58.4234
-43.6135
-34.6166
-28.3702
-23.6303
-19.8075
-16.5861
-13.7799
-11.27
-8.97528
-6.83698
-4.80992
-2.85741
-0.947796
-76.4382
-58.3115
-45.4876
-36.4743
-29.8597
-24.7585
-20.6454
-17.2029
-14.2308
-11.5965
-9.20806
-6.9981
-4.91492
-2.91652
-0.966869
-63.2637
-52.8957
-43.5502
-35.9329
-29.8354
-24.898
-20.8124
-17.3491
-14.3436
-11.6771
-9.26217
-7.03235
-4.93505
-2.92685
-0.970019
-52.7179
-46.4563
-39.8839
-33.8711
-28.6505
-24.1854
-20.3565
-17.0372
-14.1171
-11.5059
-9.13106
-6.93398
-4.86603
-2.88577
-0.956364
-44.3947
-40.3271
-35.6575
-31.0166
-26.7098
-22.8361
-19.3907
-16.3259
-13.5814
-11.098
-8.82211
-6.70636
-4.70927
-2.79378
-0.926024
-37.6127
-34.7992
-31.402
-27.8275
-24.3353
-21.0581
-18.0441
-15.2939
-12.7844
-10.4826
-8.35286
-6.36001
-4.47083
-2.65403
-0.879967
-31.8931
-29.8544
-27.3233
-24.5556
-21.7455
-19.0165
-16.4333
-14.021
-11.7795
-9.69506
-7.74658
-5.90992
-4.15996
-2.47152
-0.819774
-26.9254
-25.4015
-23.4807
-21.3255
-19.0745
-16.8286
-14.6515
-12.577
-10.6175
-8.77139
-7.02836
-5.37307
-3.78751
-2.25227
-0.747379
-22.5042
-21.3451
-19.8723
-18.1908
-16.3979
-14.5716
-12.7668
-11.0178
-9.34193
-7.74453
-6.2223
-4.76644
-3.36467
-2.00264
-0.664837
-18.4875
-17.602
-16.4721
-15.167
-13.7546
-12.2929
-10.8262
-9.38519
-7.98781
-6.64238
-5.34978
-4.10564
-2.90204
-1.72875
-0.574148
-14.7724
-14.1029
-13.247
-12.2505
-11.1604
-10.0188
-8.85996
-7.7088
-6.58165
-5.48732
-4.42872
-3.40424
-2.40905
-1.43616
-0.477149
-11.2807
-10.79
-10.1621
-9.42738
-8.61745
-7.76196
-6.88587
-6.00832
-5.14256
-4.29647
-3.47349
-2.67349
-1.89375
-1.12967
-0.375439
-7.94998
-7.61403
-7.18413
-6.6793
-6.11996
-5.5256
-4.91314
-4.29597
-3.68371
-3.08246
-2.4952
-1.92245
-1.36275
-0.813306
-0.270362
-4.72808
-4.53195
-4.28098
-3.98566
-3.65741
-3.30729
-2.94507
-2.57864
-2.21382
-1.8544
-1.5024
-1.15831
-0.821492
-0.490436
-0.163057
-1045.53
-987.911
-927.244
-863.704
-797.489
-728.82
-657.933
-585.071
-510.481
-434.408
-357.091
-278.769
-199.67
-120.021
-40.0434
)
;

boundaryField
{
    hot
    {
        type            calculated;
        value           nonuniform List<scalar> 
120
(
1009.08
0.040425
0.0673817
0.094333
0.12124
0.148041
0.174639
0.200906
0.226703
0.251892
0.27636
0.300055
0.323007
0.345345
0.367282
0.387265
0.405483
0.423833
0.442308
0.460793
0.479064
0.496796
0.513606
0.529094
0.542883
0.554659
0.564185
0.571301
0.575914
0.577989
0.57754
0.574627
0.569355
0.561879
0.552392
0.541121
0.528319
0.514255
0.499197
0.483405
0.467114
0.450523
0.433788
0.417023
0.4003
0.383659
0.367113
0.35065
0.334242
0.317845
0.30141
0.284885
0.268226
0.251398
0.234371
0.21712
0.199622
0.181853
0.163788
0.145409
0.126702
0.107667
0.088314
0.0686682
0.0487709
0.02868
0.00846973
-0.0117712
-0.0319423
-0.0519353
-0.0716375
-0.0909345
-0.109711
-0.127854
-0.14525
-0.161791
-0.177377
-0.191925
-0.205372
-0.217679
-0.228833
-0.238842
-0.247728
-0.255532
-0.262309
-0.268133
-0.273099
-0.277329
-0.280972
-0.284203
-0.28723
-0.290296
-0.293672
-0.297656
-0.302551
-0.308635
-0.316124
-0.32513
-0.335626
-0.347415
-0.360118
-0.373184
-0.385917
-0.397525
-0.407184
-0.41446
-0.417775
-0.415245
-0.406434
-0.391314
-0.370203
-0.343679
-0.312469
-0.277363
-0.239131
-0.198479
-0.156022
-0.11228
-0.0676883
-1016.51
)
;
    }
    cold
    {
        type            calculated;
        value           nonuniform List<scalar> 
120
(
42.2772
0.182027
0.301673
0.418616
0.531501
0.638726
0.738414
0.828424
0.906417
0.969992
1.01688
1.04522
1.05383
1.04248
1.01205
0.969753
0.920251
0.862878
0.799901
0.733591
0.666078
0.59923
0.534584
0.473313
0.416239
0.363861
0.316409
0.273897
0.236178
0.202992
0.17401
0.148863
0.127174
0.108569
0.092695
0.079223
0.0678566
0.0583313
0.0504152
0.0439076
0.0386371
0.0344593
0.0312542
0.028923
0.0273858
0.026578
0.0264471
0.0269489
0.0280432
0.0296889
0.0318383
0.0344306
0.0373846
0.0405913
0.0439069
0.0471474
0.0500851
0.0524512
0.0539427
0.0542378
0.0530171
0.0499912
0.0449289
0.0376834
0.0282095
0.0165696
0.00292609
-0.0124771
-0.0293399
-0.0473331
-0.0661234
-0.0853924
-0.104849
-0.124235
-0.143332
-0.161958
-0.179974
-0.197285
-0.213842
-0.229646
-0.244742
-0.259215
-0.273188
-0.286814
-0.300283
-0.313818
-0.327683
-0.342184
-0.357663
-0.374502
-0.393118
-0.413951
-0.437453
-0.464061
-0.494158
-0.528017
-0.565732
-0.607152
-0.651814
-0.698898
-0.747211
-0.795214
-0.841084
-0.88283
-0.918435
-0.947796
-0.966869
-0.970019
-0.956364
-0.926024
-0.879967
-0.819774
-0.747379
-0.664837
-0.574148
-0.477149
-0.375439
-0.270362
-0.163057
-40.0434
)
;
    }
    interface_left
    {
        type            calculated;
        value           nonuniform List<scalar> 
90
(
12.9458
5.17895
2.85891
2.28167
2.53795
3.72721
7.03999
16.8067
48.8133
48.9721
17.3356
8.14339
5.97361
7.58722
15.4696
42.8647
42.892
15.5893
7.97158
7.22265
12.4101
32.7077
32.4899
11.6512
5.4784
3.85468
4.54093
8.76867
23.7943
23.7176
8.5203
4.05139
2.93797
3.6108
7.19285
19.7911
19.7202
6.96267
3.15466
2.07574
2.27125
4.20867
11.2916
11.2211
3.98478
1.85127
1.36494
1.95214
4.83167
4.7022
1.51823
0.442368
-0.106435
-0.721153
-2.09478
-6.30959
-6.42473
-2.47159
-1.48005
-1.57476
-2.67039
-6.19654
-17.8642
-17.9361
-6.43147
-3.14119
-2.47919
-3.38208
-7.15322
-20.0583
-20.0768
-7.21328
-3.50117
-2.70505
-3.61096
-7.5809
-21.28
-21.2156
-7.36261
-3.14047
-1.70843
-1.17839
-0.99668
-0.997599
-1.15232
-1.52166
-2.3219
-4.21553
-9.3736
-25.4788
)
;
    }
    interface_right
    {
        type            calculated;
        value           nonuniform List<scalar> 
90
(
68.9715
25.2118
11.1376
5.90094
3.59958
2.41557
1.72428
1.28193
0.980103
0.764562
0.605442
0.485
0.39206
0.31925
0.261523
0.215316
0.178053
0.147827
0.123204
0.103087
0.0866305
0.0731741
0.0621999
0.0533008
0.0461573
0.0405216
0.0362053
0.0330719
0.0310318
0.030041
0.0301025
0.0312719
0.0336689
0.0374959
0.04307
0.0508751
0.0616506
0.0765459
0.0974042
0.127314
0.171763
0.241292
0.358212
0.575554
1.03596
2.17079
5.41894
15.9545
18.9971
9.34331
3.27929
1.22719
0.298386
-0.487216
-1.94835
-6.21294
-6.35882
-2.42593
-1.4485
-1.55356
-2.65721
-6.18992
-17.8632
-17.9404
-6.44083
-3.15574
-2.49929
-3.40832
-7.18643
-20.0995
-20.1275
-7.27532
-3.57677
-2.79709
-3.72309
-7.7178
-21.4477
-21.4221
-7.61856
-3.46042
-2.1129
-1.69735
-1.67598
-1.91202
-2.43444
-3.43421
-5.46128
-10.15
-22.8281
-62.3321
)
;
    }
    interface_top
    {
        type            calculated;
        value           nonuniform List<scalar> 
90
(
-78.5837
-50.9939
-38.2699
-31.0385
-26.229
-22.6879
-19.911
-17.6438
-15.7422
-14.1164
-12.7068
-11.4718
-10.3807
-9.41088
-8.54445
-7.76744
-7.0685
-6.43836
-5.86928
-5.35472
-4.88913
-4.46773
-4.08638
-3.74148
-3.42985
-3.14874
-2.89568
-2.66851
-2.46534
-2.28447
-2.12442
-1.98391
-1.86179
-1.7571
-1.66901
-1.59681
-1.53994
-1.49795
-1.47052
-1.45742
-1.45855
-1.47392
-1.50363
-1.54792
-1.60712
-1.68169
-1.77219
-1.87931
-2.00389
-2.14686
-2.30933
-2.49255
-2.69793
-2.92705
-3.1817
-3.46384
-3.77568
-4.11965
-4.49847
-4.91514
-5.37297
-5.87565
-6.42727
-7.03237
-7.696
-8.4238
-9.22208
-10.0979
-11.0593
-12.1153
-13.2762
-14.5539
-15.9623
-17.5173
-19.2381
-21.1475
-23.2734
-25.6501
-28.3211
-31.3425
-34.7889
-38.7626
-43.4096
-48.9497
-55.7367
-64.3941
-76.1583
-93.8588
-125.029
-192.663
)
;
    }
    interface_bottom
    {
        type            calculated;
        value           nonuniform List<scalar> 
90
(
38.5255
25.0186
18.7025
15.047
12.5663
10.7006
9.20446
7.95299
6.87472
5.92461
5.07209
4.29519
3.57727
2.90512
2.26778
1.65571
1.06019
0.472783
-0.115076
-0.712666
-1.33063
-1.98193
-2.68335
-3.45797
-4.33971
-5.38226
-6.67851
-8.40754
-10.9624
-15.3364
-24.4066
-47.5113
39.4945
16.226
6.81094
1.87029
-1.54946
-4.58713
-7.92936
-12.4153
-19.8256
-35.1277
-74.3397
75.3057
36.1237
20.8861
13.5853
9.27621
6.22447
3.69628
1.26983
-1.44803
-5.07841
-11.0376
-23.3256
-54.8656
66.0544
34.6355
22.5944
17.0186
13.9265
11.9333
10.4721
9.25101
8.05502
6.63134
4.52471
0.648085
-8.10923
-31.8318
63.6578
40.2213
32.0413
29.0443
28.1371
28.2576
28.9853
30.1139
31.4869
32.8736
33.7181
32.3544
23.2181
82.5381
75.8081
79.703
89.8615
107.621
140.627
213.844
)
;
    }
    defaultFaces
    {
        type            empty;
    }
}


// ************************************************************************* //
