/*--------------------------------*- C++ -*----------------------------------*\
| =========                 |                                                 |
| \\      /  F ield         | OpenFOAM: The Open Source CFD Toolbox           |
|  \\    /   O peration     | Version:  5.x                                   |
|   \\  /    A nd           | Web:      www.OpenFOAM.org                      |
|    \\/     M anipulation  |                                                 |
\*---------------------------------------------------------------------------*/
FoamFile
{
    version     2.0;
    format      ascii;
    class       volScalarField;
    location    "10.2";
    object      gradTx;
}
// * * * * * * * * * * * * * * * * * * * * * * * * * * * * * * * * * * * * * //

dimensions      [0 -1 0 1 0 0 0];

internalField   nonuniform List<scalar> 
6300
(
162.293
161.814
160.854
159.414
157.493
155.092
152.212
148.859
145.044
140.783
136.101
131.035
125.631
119.95
114.063
162.765
162.286
161.327
159.888
157.966
155.563
152.678
149.315
145.483
141.196
136.479
131.366
125.903
120.151
114.183
163.707
163.229
162.273
160.835
158.914
156.508
153.613
150.232
146.369
142.034
137.247
132.04
126.457
120.561
114.428
165.12
164.644
163.691
162.258
160.34
157.932
155.028
151.625
147.719
143.317
138.429
133.083
127.319
121.201
114.813
167
166.528
165.583
164.158
162.249
159.845
156.936
153.511
149.56
145.077
140.064
134.536
128.529
122.106
115.359
169.343
168.878
167.944
166.536
164.644
162.255
159.352
155.916
151.926
147.361
142.206
136.462
130.15
123.33
116.103
172.144
171.688
170.772
169.39
167.528
165.17
162.294
158.869
154.859
150.227
144.932
138.948
132.272
124.953
117.101
175.392
174.949
174.059
172.714
170.9
168.597
165.776
162.397
158.409
153.748
148.34
142.117
135.033
127.102
118.44
179.075
178.649
177.793
176.499
174.754
172.534
169.807
166.527
162.624
158.007
152.557
146.141
138.633
129.977
120.265
183.175
182.77
181.957
180.728
179.072
176.969
174.385
171.27
167.545
163.09
157.734
151.249
143.375
133.9
122.823
187.671
187.29
186.527
185.376
183.83
181.875
179.485
176.615
173.187
169.066
164.031
157.738
149.711
139.421
126.566
192.539
192.184
191.475
190.41
188.989
187.208
185.056
182.511
179.514
175.949
171.578
165.953
158.305
147.5
132.397
197.753
197.424
196.769
195.791
194.498
192.901
191.013
188.847
186.401
183.63
180.371
176.185
170.046
159.869
142.344
203.287
202.982
202.375
201.477
200.301
198.875
197.239
195.454
193.604
191.789
190.081
188.36
185.818
179.577
161.646
209.116
208.831
208.265
207.43
206.346
205.05
203.605
202.116
200.762
199.833
199.796
201.347
205.278
210.965
206.316
108.558
103.517
98.4956
93.5454
88.7147
84.0482
79.5852
75.3593
71.3981
67.7228
64.3494
61.2883
58.5458
56.124
54.0219
52.2357
50.7593
49.5843
48.7005
48.0955
47.7551
47.6626
47.799
48.143
48.6705
49.3551
50.168
51.0793
52.0579
53.0733
54.0962
55.0995
56.0592
56.9544
57.7668
58.4808
59.0817
59.5556
59.8889
60.0678
60.0795
59.9132
59.5611
59.0195
58.2892
57.3756
56.2873
55.035
53.6293
52.0794
50.3914
48.5676
46.6066
44.5041
42.2533
39.8469
37.2779
34.5401
31.6289
28.5404
25.2705
21.8144
18.1645
14.3102
10.2369
5.92596
1.35519
-3.50043
-8.66758
-14.1734
-20.0443
-26.3049
-32.9777
-40.0821
-47.6351
-55.6504
-64.1386
-73.1067
-82.5571
-92.4864
-102.884
-113.729
-124.99
-136.625
-148.574
-160.767
-173.118
-185.531
-197.901
-210.12
108.599
103.483
98.3886
93.3687
88.4742
83.7511
79.24
74.9748
70.9828
67.285
63.8964
60.8267
58.0811
55.6609
53.5644
51.7872
50.3228
49.1628
48.2967
47.7124
47.3958
47.3306
47.498
47.8766
48.4422
49.1679
50.0243
50.98
52.0026
53.0602
54.122
55.16
56.1498
57.0709
57.9062
58.641
59.2619
59.7558
60.1086
60.3058
60.3333
60.1783
59.8315
59.2886
58.5508
57.6246
56.5211
55.2534
53.8348
52.2762
50.5848
48.763
46.8086
44.7156
42.4755
40.0795
37.5192
34.7884
31.8829
28.8001
25.5377
22.0924
18.4581
14.6249
10.5786
6.29978
1.7652
-3.05178
-8.17967
-13.6473
-19.4824
-25.7106
-32.3548
-39.4348
-46.9676
-54.9672
-63.445
-72.4093
-81.8643
-91.8088
-102.235
-113.124
-124.449
-136.166
-148.218
-160.533
-173.022
-185.586
-198.113
-210.488
108.681
103.414
98.1693
93.0071
87.9825
83.1449
78.5369
74.1931
70.1405
66.3988
62.9812
59.8955
57.1449
54.7289
52.6443
50.8857
49.4457
48.3155
47.4847
46.9416
46.6724
46.6615
46.8906
47.3386
47.9812
48.7904
49.7352
50.7818
51.8948
53.0386
54.1795
55.2873
56.3368
57.3086
58.1876
58.9625
59.6226
60.1564
60.5496
60.7859
60.8472
60.7168
60.3818
59.836
59.081
58.1266
56.9888
55.6868
54.2394
52.6619
50.9638
49.1473
47.2082
45.1368
42.9206
40.5467
38.0044
35.2867
32.3909
29.3172
26.0672
22.6415
19.0371
15.2461
11.2544
7.0416
2.58173
-2.15543
-7.20231
-12.5915
-18.3536
-24.5163
-31.1031
-38.134
-45.6259
-53.5931
-62.0484
-71.0024
-80.4632
-90.4345
-100.914
-111.889
-123.337
-135.219
-147.478
-160.04
-172.812
-185.685
-198.535
-211.234
108.812
103.306
97.8269
92.443
87.2171
82.2041
77.4495
72.9886
68.8472
65.0427
61.5851
58.4789
55.724
53.3171
51.2525
49.523
48.1201
47.0347
46.2564
45.774
45.5749
45.6445
45.9658
46.5184
47.2779
48.2154
49.2973
50.4858
51.7403
53.0189
54.2823
55.496
56.6335
57.6771
58.6166
59.4468
60.1628
60.7566
61.2142
61.5151
61.6346
61.5474
61.2333
60.6819
59.8957
58.8902
57.6906
56.3272
54.8291
53.2193
51.5109
49.7061
47.7963
45.7648
43.591
41.2547
38.7404
36.0401
33.1536
30.0869
26.8487
23.4468
19.8839
16.1555
12.248
8.13887
3.79735
-0.813081
-5.73189
-10.9981
-16.6475
-22.7103
-29.2107
-36.168
-43.5979
-51.5143
-59.9313
-68.8631
-78.3237
-88.3252
-98.8743
-109.97
-121.596
-133.723
-146.296
-159.24
-172.452
-185.808
-199.168
-212.377
108.999
103.154
97.3428
91.6469
86.1408
80.8873
75.9353
71.3204
67.0655
63.1838
59.6802
56.5537
53.7994
51.4097
49.3756
47.6874
46.3353
45.3093
44.5997
44.1963
44.0883
44.2631
44.7059
45.3981
46.3161
47.4301
48.7036
50.0928
51.5485
53.0189
54.4541
55.8119
57.063
58.1929
59.2005
60.0927
60.8763
61.5504
62.1017
62.5031
62.7169
62.7021
62.4238
61.8634
61.0238
59.9306
58.6259
57.1592
55.5773
53.9161
52.1948
50.4141
48.5575
46.5958
44.4935
42.2172
39.7426
37.06
34.1744
31.1021
27.8649
24.4828
20.9681
17.322
13.5315
9.57033
5.4
0.973288
-3.76102
-8.85279
-14.3455
-20.2732
-26.6594
-33.5203
-40.8674
-48.7126
-57.0704
-65.9595
-75.4025
-85.4235
-96.0445
-107.28
-119.131
-131.579
-144.576
-158.045
-171.875
-185.921
-200.009
-213.95
109.255
102.95
96.6877
90.5726
84.6965
79.1321
73.9321
69.1299
64.7432
60.7775
57.2293
54.0899
51.3472
48.9879
46.9983
45.3657
44.0785
43.1263
42.5
42.1913
42.1922
42.4937
43.0849
43.9506
45.0698
46.4132
47.941
49.6017
51.3333
53.0671
54.7348
56.2792
57.6645
58.882
59.948
60.8926
61.7447
62.5182
63.2023
63.7585
64.1258
64.2333
64.018
63.444
62.5145
61.2731
59.7919
58.1544
56.4374
54.6972
52.9619
51.2291
49.4681
47.6273
45.6449
43.4633
41.0427
38.3707
35.4623
32.3535
29.0886
25.7084
22.2409
18.6953
15.0601
11.3025
7.37149
3.20247
-1.27533
-6.12978
-11.4169
-17.1749
-23.4238
-30.1709
-37.4183
-45.171
-53.4422
-62.2558
-71.6459
-81.6545
-92.326
-103.7
-115.803
-128.637
-142.17
-156.326
-170.982
-185.964
-201.053
-216.003
109.603
102.68
95.8154
89.1498
82.799
76.8484
71.3521
66.3375
61.8114
57.7665
54.1869
51.0522
48.3406
46.0312
44.1047
42.5446
41.3372
40.4719
39.9408
39.7386
39.8612
40.3054
41.0664
42.136
43.4988
45.1288
46.9847
49.0061
51.1128
53.2081
55.1906
56.973
58.5048
59.7868
60.8678
61.8228
62.7235
63.6121
64.4843
65.283
65.9059
66.2264
66.1261
65.5338
64.4519
62.958
61.1803
59.2618
57.3285
55.4687
53.7231
52.0823
50.4915
48.8605
47.081
45.0515
42.7034
40.0199
37.0374
33.8283
30.477
27.0586
23.6248
20.197
16.7641
13.2838
9.68528
5.87604
1.75268
-2.78361
-7.80982
-13.369
-19.47
-26.0999
-33.2402
-40.8811
-49.031
-57.7193
-66.996
-76.9279
-87.5921
-99.0664
-111.417
-124.683
-138.86
-153.882
-169.614
-185.845
-202.289
-218.612
110.075
102.319
94.6522
87.2691
80.3214
73.9068
68.0751
62.8384
58.1835
54.0827
50.501
47.4025
44.7526
42.5209
40.6815
39.2136
38.1014
37.3343
36.9064
36.8161
37.0655
37.659
38.6018
39.8971
41.541
43.5171
45.7878
48.2856
50.9064
53.5093
55.9319
58.0251
59.7023
60.9785
61.9664
62.8284
63.7169
64.7271
65.8692
67.0576
68.1188
68.8222
68.94
68.3258
66.9796
65.0489
62.7691
60.388
58.1112
56.0736
54.331
52.8613
51.5707
50.3052
48.8752
47.0968
44.845
42.098
38.9371
35.5063
31.9608
28.4299
24.9991
21.7049
18.5357
15.4346
12.3019
9.00158
5.37513
1.26803
-3.43513
-8.78223
-14.754
-21.2932
-28.3397
-35.8567
-43.8425
-52.3333
-61.4001
-71.144
-81.6881
-93.1669
-105.709
-119.414
-134.327
-150.409
-167.522
-185.41
-203.692
-221.892
110.725
101.827
93.0754
84.7575
77.072
70.1226
63.9385
58.4988
53.7554
49.6485
46.1171
43.1042
40.5602
38.4437
36.7215
35.3683
34.3668
33.7065
33.3841
33.4029
33.7724
34.5077
35.6281
37.1542
39.103
41.4791
44.2617
47.386
50.7234
54.0676
57.1451
59.6738
61.4746
62.5826
63.2436
63.7931
64.5321
65.6495
67.1847
69.0127
70.8438
72.2586
72.8048
72.1692
70.3461
67.6398
64.5008
61.3616
58.5471
56.2513
54.5436
53.3804
52.6114
51.9844
51.1692
49.8215
47.6981
44.7702
41.2239
37.3481
33.4221
29.6559
26.1758
23.0318
20.2085
17.6301
15.1594
12.5962
9.68938
6.17784
1.86688
-3.29566
-9.22053
-15.755
-22.7608
-30.1559
-37.9252
-46.1155
-54.8269
-64.205
-74.4352
-85.7326
-98.3219
-112.402
-128.103
-145.445
-164.309
-184.399
-205.205
-226.02
111.642
101.121
90.8691
81.3314
72.7586
65.233
58.7266
53.1538
48.4082
44.3836
40.9842
38.1287
35.7504
33.7969
32.2282
31.0152
30.1391
29.5905
29.3689
29.4831
29.951
30.8003
32.0684
33.801
36.0479
38.854
42.2413
46.1773
50.5285
55.0074
59.1458
62.3681
64.2418
64.8279
64.6785
64.482
64.7997
65.9671
68.0759
70.9601
74.1656
76.9425
78.3683
77.7194
74.9815
70.8509
66.2303
61.8648
58.2336
55.5798
53.9698
53.3299
53.4452
53.9326
54.2278
53.6612
51.7076
48.3309
43.9835
39.2606
34.6518
30.4685
26.8672
23.8961
21.5279
19.6698
18.1491
16.685
14.874
12.2384
8.39502
3.28872
-2.80887
-9.53764
-16.6205
-23.915
-31.4001
-39.1458
-47.2913
-56.0364
-65.6425
-76.4344
-88.7835
-103.053
-119.511
-138.283
-159.325
-182.348
-206.696
-231.279
112.982
100.021
87.6305
76.5118
66.9331
58.872
52.1668
46.6145
42.02
38.2159
35.0661
32.4638
30.3272
28.5946
27.221
26.1753
25.4385
25.0022
24.869
25.0525
25.5788
26.4884
27.8386
29.7056
32.1857
35.3902
39.429
44.3686
50.1476
56.4351
62.4633
67.0014
68.8604
68.1292
66.1782
64.4278
63.8409
64.9262
67.8473
72.4419
78.1013
83.5687
86.9159
86.2747
81.6189
74.7647
67.5898
61.308
56.51
53.4026
51.9966
52.1895
53.7407
56.1556
58.5249
59.4959
57.7642
53.2873
47.2821
41.0071
35.2672
30.4415
26.6501
23.8908
22.1115
21.2229
21.0565
21.2727
21.2451
20.0378
16.7413
11.3003
4.51172
-2.81014
-10.1747
-17.399
-24.4987
-31.5989
-38.8907
-46.6257
-55.1398
-64.891
-76.4762
-90.5475
-107.584
-127.846
-151.482
-178.385
-207.838
-238.142
115.039
98.0951
82.5553
69.471
58.9195
50.5563
43.9451
38.6942
34.4921
31.1042
28.3578
26.127
24.3207
22.8738
21.7403
20.8896
20.3038
19.9763
19.9118
20.1271
20.6536
21.541
22.8631
24.7261
27.279
30.7236
35.3177
41.3491
49.0321
58.2337
67.9239
75.4895
77.2056
73.1842
67.3859
62.6954
60.4713
61.239
65.2062
72.3873
82.3102
93.2445
101.203
100.607
91.4185
79.1373
67.6601
58.6118
52.3501
48.7731
47.7191
49.091
52.7902
58.4417
64.8333
69.22
67.7715
60.4423
50.967
41.9813
34.5646
28.9239
24.9456
22.4733
21.4118
21.735
23.4119
26.2106
29.3138
30.8449
28.1746
21.2518
12.5999
3.97883
-3.93029
-11.0619
-17.5955
-23.7747
-29.8502
-36.0914
-42.8534
-50.7043
-60.5856
-73.7688
-91.0072
-112.547
-138.926
-170.743
-207.748
-247.442
118.42
94.1422
73.9404
58.7799
47.7519
39.7147
33.762
29.2614
25.7901
23.0674
20.9056
19.1774
17.7957
16.7006
15.8513
15.2214
14.7962
14.5708
14.5507
14.7527
15.2077
15.9665
17.1075
18.7521
21.0868
24.4002
29.1351
35.9495
45.7274
59.3262
76.4408
92.3975
93.8095
80.7945
66.9954
57.4089
52.7906
52.9417
57.9343
68.3815
85.0592
107.201
127.805
127.309
105.667
82.3487
64.2302
51.9005
44.3216
40.5081
39.9466
42.6391
49.0261
59.6596
74.0262
87.3438
86.2443
70.6853
53.9445
40.6946
31.3031
25.0112
21.0715
19.0233
18.7174
20.2966
24.1509
30.7087
39.6453
47.7004
45.7301
33.6925
20.6429
9.74242
1.1945
-5.58589
-11.2019
-16.099
-20.57
-24.8059
-28.9971
-33.592
-39.938
-51.1475
-68.2338
-90.2721
-118.537
-155.625
-203.774
-260.78
124.492
84.3169
58.062
42.1345
32.275
25.8698
21.4863
18.345
16.0087
14.2218
12.8279
11.728
10.8572
10.1725
9.64546
9.25797
9.00012
8.8691
8.86923
9.01307
9.32393
9.84065
10.6262
11.7834
13.4845
16.0287
19.9568
26.2807
36.9188
55.3532
86.6216
130.246
131.184
89.5303
60.5355
44.9657
38.2398
37.6703
42.8052
55.4009
79.9359
123.367
184.788
184.454
122.327
78.0683
52.4617
38.346
30.8691
27.5588
27.4866
30.8651
39.1453
55.4993
84.7264
126.225
125.535
82.6272
51.893
33.8499
23.5769
17.7103
14.4726
13.0635
13.3074
15.5814
20.9959
31.7799
51.2445
78.9902
77.7809
47.5886
25.5904
12.1178
3.77396
-1.7864
-5.84295
-9.03635
-11.6274
-13.584
-14.5582
-13.957
-12.2854
-20.0615
-38.327
-59.0286
-85.4353
-124.574
-187.041
-281.539
136.442
54.4424
27.3094
16.7492
11.8225
9.11239
7.42095
6.26848
5.43556
4.80937
4.32632
3.94801
3.65017
3.417
3.23822
3.10737
3.02098
2.97809
2.98038
3.03252
3.14323
3.32727
3.60922
4.03096
4.66749
5.66359
7.32762
10.3984
16.8818
32.8968
79.0061
229.555
229.886
80.0333
34.7408
19.7853
14.8222
14.1829
16.9309
25.2253
47.5987
113.624
330.69
330.571
113.253
46.9255
24.144
15.2299
11.4153
9.94539
10.0567
12.0312
17.6364
32.7995
77.7526
225.85
225.615
77.0355
31.5644
15.8146
9.50466
6.62292
5.23993
4.72291
4.97328
6.34329
10.1079
20.3496
50.9166
151.972
151.564
49.6832
18.2601
7.10705
2.34503
-0.152391
-1.72674
-2.84081
-3.59792
-3.77604
-2.38751
4.13696
28.9723
26.1301
-4.91103
-19.5674
-33.9968
-59.9221
-124.175
-317.231
-223.237
-237.044
-250.147
-262.408
-273.724
-284.02
-293.251
-301.399
-308.461
-314.452
-319.392
-323.306
-326.217
-328.145
-329.106
-223.771
-237.739
-250.977
-263.344
-274.733
-285.073
-294.324
-302.472
-309.521
-315.49
-320.406
-324.296
-327.187
-329.1
-330.053
-224.855
-239.156
-252.67
-265.247
-276.781
-287.205
-296.489
-304.631
-311.648
-317.571
-322.433
-326.272
-329.12
-331.003
-331.94
-226.531
-241.351
-255.289
-268.183
-279.927
-290.465
-299.784
-307.903
-314.858
-320.698
-325.472
-329.227
-332.006
-333.84
-334.751
-228.865
-244.417
-258.942
-272.26
-284.268
-294.932
-304.268
-312.326
-319.172
-324.879
-329.516
-333.147
-335.823
-337.585
-338.46
-231.961
-248.5
-263.791
-277.634
-289.942
-300.715
-310.019
-317.948
-324.612
-330.115
-334.553
-338.008
-340.542
-342.206
-343.03
-235.978
-253.82
-270.079
-284.534
-297.137
-307.957
-317.13
-324.823
-331.199
-336.403
-340.562
-343.774
-346.119
-347.653
-348.41
-241.163
-260.715
-278.159
-293.276
-306.104
-316.831
-325.711
-333.004
-338.943
-343.724
-347.501
-350.395
-352.495
-353.862
-354.535
-247.914
-269.708
-288.554
-304.296
-317.159
-327.54
-335.867
-342.526
-347.832
-352.033
-355.31
-357.797
-359.589
-360.75
-361.321
-256.89
-281.637
-302.041
-318.185
-330.684
-340.29
-347.678
-353.386
-357.815
-361.252
-363.894
-365.878
-367.299
-368.215
-368.664
-269.264
-297.9
-319.775
-335.703
-347.09
-355.243
-361.154
-365.512
-368.778
-371.25
-373.12
-374.51
-375.498
-376.133
-376.444
-287.319
-320.911
-343.445
-357.75
-366.718
-372.424
-376.167
-378.717
-380.521
-381.837
-382.811
-383.528
-384.035
-384.36
-384.52
-316.027
-354.969
-375.331
-385.118
-389.594
-391.553
-392.358
-392.652
-392.737
-392.75
-392.744
-392.739
-392.738
-392.739
-392.741
-367.997
-407.593
-417.775
-417.781
-414.975
-411.821
-409.041
-406.78
-405.014
-403.666
-402.66
-401.929
-401.422
-401.103
-400.949
-481.3
-489.615
-470.382
-453.236
-440.69
-431.699
-425.185
-420.4
-416.856
-414.226
-412.285
-410.879
-409.902
-409.286
-408.988
214.712
214.44
213.902
213.106
212.072
210.838
209.47
208.091
206.925
206.381
207.236
211.061
221.499
249.204
335.018
219.98
219.719
219.198
218.424
217.41
216.185
214.802
213.369
212.088
211.355
211.931
215.29
224.248
243.604
276.353
225.424
225.17
224.662
223.9
222.887
221.633
220.163
218.533
216.865
215.414
214.684
215.624
219.767
228.696
240.532
231.036
230.79
230.295
229.543
228.525
227.225
225.627
223.716
221.485
218.963
216.271
213.727
211.957
211.76
213.036
236.812
236.577
236.099
235.364
234.349
233.015
231.302
229.114
226.299
222.622
217.748
211.285
203.046
193.794
186.53
242.745
242.524
242.072
241.372
240.387
239.061
237.299
234.94
231.703
227.105
220.32
210.07
194.832
174.44
155.086
248.823
248.623
248.212
247.568
246.653
245.401
243.703
241.367
238.047
233.098
225.291
212.312
190.191
154.359
110.309
255.033
254.86
254.504
253.945
253.145
252.043
250.542
248.469
245.514
241.067
233.846
220.895
195.066
139.98
35.0489
261.355
261.216
260.93
260.48
259.836
258.955
257.769
256.176
254.007
250.956
246.371
238.413
220.251
160.21
-112.969
267.765
267.666
267.461
267.14
266.684
266.069
265.272
264.276
263.102
261.901
261.231
263.009
274.511
328.448
597.667
274.236
274.18
274.065
273.884
273.631
273.302
272.905
272.49
272.207
272.469
274.383
280.842
299.295
347.172
447.138
280.737
280.727
280.705
280.67
280.623
280.572
280.543
280.605
280.924
281.882
284.37
290.337
303.636
329.712
366.161
287.238
287.273
287.344
287.454
287.607
287.816
288.108
288.534
289.185
290.223
291.931
294.729
299.093
305.039
310.628
293.705
293.785
293.948
294.198
294.542
294.994
295.572
296.297
297.166
298.091
298.726
298.025
293.442
280.602
259.11
300.107
300.231
300.482
300.865
301.392
302.074
302.926
303.951
305.097
306.15
306.439
304.005
293.516
262.165
192.801
306.415
306.58
306.913
307.424
308.122
309.026
310.152
311.512
313.08
314.73
316.033
315.57
308.069
270.117
78.4611
312.598
312.801
313.212
313.84
314.7
315.812
317.206
318.918
320.997
323.54
326.843
332.01
343.759
384.798
577.818
318.632
318.869
319.35
320.085
321.091
322.393
324.03
326.059
328.579
331.811
336.349
343.869
359.097
393.925
464.713
324.49
324.759
325.301
326.13
327.264
328.731
330.573
332.849
335.655
339.166
343.774
350.362
360.815
378.066
400.918
330.153
330.448
331.043
331.952
333.195
334.799
336.804
339.262
342.228
345.748
349.812
354.158
357.8
358.306
353.144
335.601
335.918
336.557
337.532
338.862
340.576
342.711
345.311
348.403
351.943
355.645
358.431
356.953
342.468
301.941
340.819
341.153
341.827
342.853
344.251
346.049
348.287
351.009
354.254
358.014
362.102
365.654
365.128
344.704
222.75
345.796
346.142
346.841
347.904
349.349
351.206
353.515
356.332
359.735
363.845
368.919
375.697
387.109
417.437
545.567
350.521
350.876
351.591
352.677
354.15
356.038
358.38
361.238
364.712
368.995
374.542
382.508
395.942
422.238
470.986
354.99
355.349
356.072
357.168
358.65
360.542
362.877
365.706
369.113
373.255
378.474
385.51
395.831
411.433
430.421
359.199
359.559
360.284
361.378
362.854
364.727
367.019
369.762
372.991
376.756
381.134
386.216
392.042
398.264
403.209
363.147
363.506
364.226
365.311
366.769
368.608
370.839
373.468
376.483
379.82
383.291
386.394
387.964
385.969
379.598
366.835
367.191
367.903
368.974
370.407
372.205
374.371
376.896
379.739
382.778
385.693
387.624
386.35
376.7
351.729
370.266
370.616
371.318
372.372
373.778
375.535
377.643
380.091
382.844
385.81
388.765
391.067
390.541
378.06
306.688
373.442
373.787
374.478
375.513
376.891
378.61
380.669
383.063
385.786
388.837
392.28
396.46
403.023
420.302
494.219
376.367
376.707
377.386
378.402
379.753
381.436
383.45
385.796
388.488
391.579
395.273
400.183
408.052
423.199
451.288
379.045
379.38
380.048
381.047
382.372
384.021
385.989
388.278
390.897
393.89
397.408
401.839
408.012
417.096
428.037
381.48
381.81
382.468
383.451
384.754
386.37
388.295
390.519
393.032
395.823
398.898
402.272
405.939
409.69
412.559
383.675
384
384.65
385.619
386.903
388.494
390.381
392.548
394.961
397.548
400.167
402.488
403.796
402.881
399.249
385.632
385.955
386.597
387.557
388.827
390.399
392.262
394.395
396.753
399.237
401.63
403.393
403.185
397.947
383.591
387.355
387.674
388.312
389.265
390.526
392.089
393.944
396.074
398.443
400.977
403.52
405.654
406.054
399.333
358.14
388.844
389.162
389.797
390.745
392.003
393.564
395.423
397.574
400.004
402.7
405.68
409.105
413.857
424.644
467.951
390.1
390.417
391.051
391.997
393.254
394.819
396.689
398.869
401.367
404.211
407.519
411.621
417.454
427.359
444.323
391.125
391.442
392.074
393.021
394.279
395.848
397.73
399.932
402.473
405.389
408.793
412.92
418.212
425.159
432.654
391.919
392.236
392.868
393.814
395.074
396.646
398.535
400.75
403.302
406.217
409.553
413.397
417.809
422.564
426.369
392.482
392.798
393.43
394.377
395.637
397.212
399.104
401.32
403.864
406.739
409.948
413.464
417.154
420.615
422.907
392.814
393.129
393.761
394.708
395.969
397.544
399.437
401.651
404.182
407.015
410.118
413.398
416.645
419.464
421.216
392.914
393.23
393.861
394.807
396.067
397.643
399.537
401.75
404.276
407.092
410.152
413.339
416.422
419.039
420.922
392.785
393.1
393.729
394.674
395.933
397.508
399.402
401.619
404.153
406.988
410.084
413.338
416.51
419.111
420.15
392.425
392.739
393.367
394.309
395.566
397.139
399.033
401.255
403.807
406.689
409.895
413.38
416.982
420.255
422.245
391.835
392.148
392.774
393.712
394.965
396.534
398.425
400.649
403.218
406.152
409.5
413.327
417.668
422.276
425.902
391.018
391.328
391.95
392.884
394.13
395.692
397.575
399.792
402.36
405.316
408.759
412.904
418.156
424.967
432.256
389.972
390.281
390.898
391.825
393.063
394.613
396.482
398.679
401.218
404.128
407.518
411.697
417.548
427.31
443.853
388.702
389.007
389.619
390.537
391.764
393.3
395.15
397.318
399.802
402.595
405.717
409.314
414.212
424.931
467.118
387.207
387.51
388.114
389.022
390.236
391.756
393.587
395.726
398.156
400.819
403.575
406.015
406.82
400.685
360.938
385.492
385.79
386.386
387.282
388.48
389.984
391.798
393.921
396.334
398.968
401.639
403.836
404.236
399.767
386.252
383.559
383.852
384.438
385.319
386.499
387.985
389.783
391.903
394.344
397.079
400.019
402.893
405.019
405.117
402.357
381.412
381.698
382.271
383.135
384.293
385.755
387.533
389.65
392.136
395.034
398.433
402.455
407.2
412.44
416.72
379.055
379.334
379.892
380.733
381.863
383.292
385.038
387.131
389.625
392.63
396.403
401.502
409.023
420.417
434.229
376.495
376.764
377.303
378.117
379.212
380.597
382.29
384.322
386.746
389.68
393.439
398.853
408.145
426.701
461.503
373.736
373.994
374.513
375.294
376.346
377.675
379.296
381.229
383.498
386.146
389.314
393.498
400.82
421.689
513.118
370.787
371.033
371.527
372.272
373.273
374.538
376.076
377.893
379.972
382.239
384.472
385.949
384.076
367.663
278.643
367.657
367.889
368.355
369.058
370.004
371.199
372.652
374.363
376.301
378.344
380.144
380.713
377.419
364.047
332.268
364.355
364.572
365.007
365.664
366.548
367.669
369.038
370.665
372.542
374.606
376.66
378.147
377.748
373.203
363.988
360.893
361.092
361.493
362.099
362.916
363.955
365.235
366.784
368.64
370.863
373.56
376.876
380.944
385.59
389.473
357.281
357.462
357.825
358.375
359.116
360.062
361.235
362.677
364.469
366.781
370.018
375.071
383.728
398.495
417.817
353.534
353.694
354.017
354.505
355.162
356
357.039
358.319
359.922
362.045
365.203
370.752
382.256
408.224
459.741
349.665
349.804
350.084
350.505
351.071
351.787
352.665
353.725
355.001
356.578
358.717
362.284
370.729
400.198
537.602
345.689
345.806
346.04
346.393
346.862
347.45
348.156
348.97
349.858
350.712
351.227
350.417
344.589
317.204
180.823
341.622
341.716
341.905
342.187
342.56
343.021
343.561
344.155
344.726
345.07
344.648
342.022
333.411
309.892
259.703
337.479
337.551
337.694
337.906
338.185
338.525
338.919
339.344
339.74
339.948
339.591
337.77
332.575
321.09
303.88
333.278
333.327
333.424
333.568
333.755
333.982
334.246
334.545
334.871
335.208
335.541
335.849
336.099
336.252
336.252
329.032
329.059
329.112
329.189
329.285
329.401
329.54
329.719
329.983
330.459
331.499
333.958
339.679
351.51
368.772
324.759
324.764
324.774
324.784
324.791
324.794
324.797
324.823
324.934
325.31
326.462
329.79
339.007
362.984
413.424
320.472
320.457
320.424
320.37
320.289
320.176
320.03
319.859
319.69
319.61
319.905
321.52
328.075
356.07
493.248
316.187
316.152
316.08
315.965
315.799
315.571
315.272
314.885
314.373
313.64
312.422
309.81
302.243
273.322
135.42
311.917
311.864
311.756
311.584
311.339
311.006
310.567
309.989
309.196
307.999
305.899
301.529
291.232
266.246
215.017
307.674
307.606
307.466
307.245
306.93
306.505
305.95
305.232
304.289
302.975
300.943
297.355
290.413
277.387
259.17
303.471
303.39
303.223
302.96
302.587
302.085
301.437
300.624
299.63
298.44
297.058
295.5
293.811
292.123
290.802
299.315
299.224
299.037
298.742
298.322
297.757
297.03
296.134
295.095
294.03
293.286
293.727
297.201
306.595
321.646
295.213
295.117
294.918
294.601
294.148
293.533
292.732
291.734
290.569
289.387
288.684
289.836
296.471
317.129
363.069
291.17
291.073
290.87
290.546
290.076
289.428
288.563
287.442
286.043
284.405
282.785
282.128
285.995
310.095
436.521
287.187
287.093
286.898
286.583
286.119
285.465
284.563
283.336
281.673
279.401
276.21
271.27
261.459
231.991
102.108
283.26
283.177
283.001
282.714
282.284
281.664
280.782
279.526
277.715
275.027
270.841
263.786
250.568
223.612
173.4
279.384
279.316
279.172
278.934
278.572
278.037
277.252
276.094
274.357
271.684
267.457
260.572
249.211
231.378
209.936
275.547
275.5
275.4
275.232
274.971
274.574
273.974
273.058
271.639
269.413
265.911
260.459
252.34
241.645
231.693
271.735
271.713
271.667
271.586
271.455
271.245
270.907
270.362
269.472
268.022
265.712
262.19
257.252
251.389
246.651
267.93
267.937
267.949
267.966
267.984
267.995
267.979
267.899
267.684
267.219
266.347
264.895
262.799
260.344
258.429
264.114
264.148
264.219
264.337
264.51
264.755
265.087
265.522
266.062
266.692
267.376
268.041
268.587
268.918
268.988
260.267
260.326
260.451
260.659
260.978
261.447
262.118
263.064
264.367
266.12
268.411
271.262
274.516
277.663
279.707
256.373
256.45
256.616
256.897
257.334
257.989
258.952
260.35
262.351
265.167
269.049
274.193
280.513
287.167
291.955
252.417
252.505
252.694
253.018
253.529
254.309
255.478
257.211
259.759
263.467
268.804
276.299
286.269
297.959
307.638
248.395
248.482
248.672
249.001
249.53
250.351
251.604
253.5
256.351
260.629
267.053
276.676
290.823
310.14
330.15
244.305
244.379
244.545
244.838
245.319
246.084
247.278
249.119
251.945
256.293
263.073
273.904
291.778
321.829
366.667
240.157
240.207
240.322
240.536
240.904
241.514
242.495
244.047
246.472
250.259
256.273
266.231
284.269
323.239
434.43
-795.845
-590.037
-516.673
-481.503
-460.99
-447.633
-438.38
-431.733
-426.861
-423.259
-420.601
-418.673
-417.331
-416.482
-416.07
-672.942
-589.34
-532.218
-497.007
-474.464
-459.256
-448.553
-440.792
-435.063
-430.803
-427.643
-425.339
-423.729
-422.708
-422.213
-608.273
-570.236
-532.534
-503.699
-482.832
-467.738
-456.667
-448.427
-442.236
-437.571
-434.077
-431.51
-429.707
-428.559
-428
-570.197
-550.884
-526.677
-504.844
-487.178
-473.414
-462.802
-454.629
-448.338
-443.515
-439.854
-437.139
-435.218
-433.989
-433.389
-545.713
-534.916
-519.155
-503.082
-488.804
-476.887
-467.228
-459.512
-453.411
-448.638
-444.961
-442.203
-440.236
-438.971
-438.351
-528.905
-522.381
-511.837
-500.059
-488.776
-478.779
-470.29
-463.262
-457.551
-452.988
-449.417
-446.706
-444.755
-443.492
-442.872
-516.807
-512.625
-505.36
-496.677
-487.844
-479.61
-472.323
-466.085
-460.881
-456.637
-453.261
-450.667
-448.783
-447.556
-446.952
-507.795
-504.995
-499.854
-493.386
-486.483
-479.771
-473.612
-468.179
-463.534
-459.671
-456.549
-454.121
-452.342
-451.177
-450.6
-500.908
-498.976
-495.256
-490.382
-484.977
-479.534
-474.381
-469.714
-465.633
-462.177
-459.342
-457.112
-455.463
-454.376
-453.837
-495.544
-494.186
-491.446
-487.734
-483.486
-479.081
-474.8
-470.829
-467.288
-464.238
-461.702
-459.684
-458.181
-457.184
-456.687
-491.305
-490.341
-488.296
-485.444
-482.092
-478.529
-474.987
-471.634
-468.59
-465.928
-463.688
-461.887
-460.534
-459.633
-459.182
-487.917
-487.233
-485.694
-483.487
-480.832
-477.95
-475.028
-472.212
-469.615
-467.314
-465.354
-463.764
-462.562
-461.756
-461.352
-485.185
-484.706
-483.543
-481.826
-479.718
-477.386
-474.981
-472.626
-470.424
-468.448
-466.749
-465.359
-464.301
-463.588
-463.23
-482.967
-482.641
-481.762
-480.424
-478.746
-476.86
-474.883
-472.921
-471.063
-469.379
-467.916
-466.711
-465.787
-465.162
-464.847
-481.156
-480.947
-480.286
-479.243
-477.908
-476.383
-474.762
-473.131
-471.57
-470.142
-468.891
-467.853
-467.052
-466.509
-466.234
-479.673
-479.553
-479.063
-478.252
-477.191
-475.959
-474.632
-473.281
-471.974
-470.768
-469.705
-468.815
-468.127
-467.657
-467.419
-478.454
-478.405
-478.048
-477.422
-476.581
-475.587
-474.503
-473.387
-472.297
-471.283
-470.383
-469.625
-469.036
-468.632
-468.428
-477.45
-477.457
-477.206
-476.728
-476.064
-475.265
-474.382
-473.462
-472.556
-471.707
-470.947
-470.305
-469.802
-469.457
-469.282
-476.624
-476.675
-476.508
-476.148
-475.628
-474.989
-474.272
-473.515
-472.764
-472.054
-471.416
-470.873
-470.446
-470.153
-470.003
-475.945
-476.03
-475.932
-475.667
-475.263
-474.755
-474.174
-473.553
-472.931
-472.34
-471.804
-471.346
-470.985
-470.736
-470.608
-475.388
-475.501
-475.457
-475.269
-474.96
-474.557
-474.088
-473.58
-473.066
-472.573
-472.125
-471.739
-471.433
-471.222
-471.113
-474.933
-475.069
-475.068
-474.942
-474.709
-474.392
-474.014
-473.599
-473.173
-472.763
-472.387
-472.062
-471.803
-471.623
-471.531
-474.565
-474.719
-474.753
-474.676
-474.504
-474.256
-473.952
-473.612
-473.259
-472.917
-472.6
-472.325
-472.105
-471.952
-471.873
-474.272
-474.44
-474.501
-474.463
-474.339
-474.146
-473.901
-473.62
-473.326
-473.038
-472.771
-472.537
-472.348
-472.217
-472.149
-474.044
-474.223
-474.305
-474.297
-474.209
-474.059
-473.86
-473.626
-473.378
-473.133
-472.904
-472.702
-472.539
-472.424
-472.365
-473.874
-474.061
-474.158
-474.171
-474.112
-473.993
-473.828
-473.629
-473.416
-473.204
-473.003
-472.826
-472.683
-472.582
-472.529
-473.756
-473.948
-474.055
-474.084
-474.043
-473.946
-473.805
-473.631
-473.442
-473.252
-473.073
-472.914
-472.784
-472.693
-472.645
-473.685
-473.88
-473.994
-474.031
-474.001
-473.917
-473.79
-473.63
-473.456
-473.281
-473.115
-472.967
-472.846
-472.76
-472.716
-473.662
-473.857
-473.972
-474.012
-473.984
-473.904
-473.782
-473.628
-473.46
-473.29
-473.13
-472.987
-472.87
-472.787
-472.745
-473.683
-473.878
-473.989
-474.025
-473.993
-473.908
-473.781
-473.623
-473.452
-473.28
-473.118
-472.974
-472.857
-472.775
-472.732
-473.752
-473.942
-474.046
-474.071
-474.026
-473.928
-473.787
-473.616
-473.433
-473.251
-473.08
-472.93
-472.808
-472.722
-472.677
-473.871
-474.054
-474.145
-474.151
-474.085
-473.964
-473.799
-473.605
-473.401
-473.201
-473.014
-472.851
-472.72
-472.628
-472.58
-474.044
-474.217
-474.289
-474.269
-474.172
-474.016
-473.817
-473.59
-473.355
-473.127
-472.918
-472.737
-472.591
-472.49
-472.438
-474.278
-474.438
-474.483
-474.427
-474.287
-474.084
-473.839
-473.567
-473.292
-473.028
-472.789
-472.583
-472.42
-472.306
-472.248
-474.584
-474.724
-474.734
-474.63
-474.433
-474.17
-473.864
-473.536
-473.208
-472.9
-472.622
-472.386
-472.2
-472.072
-472.006
-474.974
-475.089
-475.051
-474.883
-474.612
-474.273
-473.891
-473.491
-473.1
-472.736
-472.413
-472.141
-471.927
-471.781
-471.706
-475.466
-475.547
-475.446
-475.194
-474.828
-474.391
-473.915
-473.428
-472.961
-472.532
-472.155
-471.84
-471.595
-471.428
-471.343
-476.084
-476.118
-475.932
-475.57
-475.083
-474.522
-473.931
-473.341
-472.783
-472.278
-471.84
-471.476
-471.196
-471.006
-470.91
-476.859
-476.828
-476.527
-476.019
-475.375
-474.663
-473.931
-473.219
-472.556
-471.966
-471.458
-471.041
-470.722
-470.507
-470.398
-477.837
-477.714
-477.253
-476.55
-475.704
-474.803
-473.904
-473.049
-472.269
-471.582
-470.999
-470.524
-470.163
-469.921
-469.798
-479.082
-478.822
-478.132
-477.165
-476.06
-474.927
-473.832
-472.815
-471.904
-471.114
-470.45
-469.914
-469.51
-469.238
-469.102
-480.689
-480.217
-479.192
-477.861
-476.425
-475.011
-473.691
-472.495
-471.445
-470.546
-469.798
-469.2
-468.75
-468.45
-468.3
-482.804
-481.982
-480.449
-478.618
-476.76
-475.018
-473.448
-472.063
-470.868
-469.86
-469.028
-468.368
-467.874
-467.546
-467.382
-485.672
-484.228
-481.901
-479.38
-477.004
-474.893
-473.06
-471.486
-470.151
-469.037
-468.126
-467.406
-466.871
-466.515
-466.338
-489.725
-487.072
-483.474
-480.026
-477.053
-474.562
-472.479
-470.731
-469.269
-468.06
-467.077
-466.303
-465.729
-465.349
-465.159
-495.802
-490.561
-484.927
-480.33
-476.754
-473.933
-471.65
-469.765
-468.201
-466.913
-465.869
-465.048
-464.44
-464.038
-463.838
-505.698
-494.31
-485.648
-479.91
-475.918
-472.919
-470.53
-468.563
-466.931
-465.584
-464.491
-463.632
-462.996
-462.575
-462.365
-523.683
-496.152
-484.325
-478.263
-474.381
-471.469
-469.101
-467.117
-465.45
-464.065
-462.937
-462.048
-461.389
-460.953
-460.736
-517.984
-487.074
-478.983
-475.09
-472.16
-469.626
-467.392
-465.439
-463.763
-462.355
-461.202
-460.292
-459.615
-459.167
-458.944
-417.994
-462.135
-470.715
-471.233
-469.651
-467.562
-465.472
-463.556
-461.878
-460.456
-459.285
-458.359
-457.67
-457.213
-456.986
-446.446
-461.88
-468.031
-468.82
-467.483
-465.487
-463.417
-461.496
-459.805
-458.368
-457.185
-456.248
-455.551
-455.089
-454.858
-464.356
-468.06
-469.057
-467.872
-465.761
-463.449
-461.245
-459.264
-457.545
-456.093
-454.9
-453.957
-453.256
-452.792
-452.56
-479.868
-476.106
-471.585
-467.553
-464.168
-461.322
-458.904
-456.839
-455.088
-453.624
-452.428
-451.485
-450.784
-450.321
-450.09
-498.167
-484.668
-473.76
-466.771
-462.187
-458.887
-456.304
-454.185
-452.42
-450.958
-449.768
-448.831
-448.136
-447.677
-447.448
-526.015
-491.416
-473.199
-464.307
-459.304
-455.94
-453.368
-451.272
-449.531
-448.09
-446.918
-445.996
-445.313
-444.861
-444.636
-578.063
-486.774
-466.149
-459.13
-455.272
-452.429
-450.088
-448.102
-446.423
-445.023
-443.881
-442.983
-442.317
-441.876
-441.657
-343.925
-433.045
-449.639
-451.743
-450.525
-448.557
-446.546
-444.708
-443.11
-441.764
-440.662
-439.795
-439.152
-438.727
-438.515
-397.818
-429.67
-443.178
-446.651
-446.287
-444.702
-442.872
-441.137
-439.611
-438.323
-437.269
-436.439
-435.824
-435.418
-435.215
-429.755
-439.025
-443.673
-444.21
-442.887
-441.006
-439.117
-437.409
-435.937
-434.707
-433.706
-432.921
-432.339
-431.956
-431.765
-455.418
-451.577
-447.011
-443.05
-439.862
-437.305
-435.223
-433.505
-432.085
-430.921
-429.982
-429.248
-428.706
-428.349
-428.171
-483.912
-464.621
-449.915
-441.342
-436.388
-433.262
-431.062
-429.383
-428.046
-426.967
-426.103
-425.43
-424.934
-424.606
-424.443
-525.963
-474.47
-448.548
-437.107
-431.635
-428.562
-426.528
-425.013
-423.816
-422.852
-422.08
-421.477
-421.032
-420.738
-420.592
-603.934
-466.547
-437.113
-428.715
-425.205
-423.131
-421.62
-420.411
-419.414
-418.593
-417.927
-417.403
-417.015
-416.757
-416.629
-247.254
-383.647
-411.056
-416.916
-417.767
-417.297
-416.49
-415.65
-414.88
-414.215
-413.663
-413.224
-412.895
-412.676
-412.567
-326.223
-376.419
-399.954
-408.584
-411.237
-411.686
-411.372
-410.83
-410.264
-409.749
-409.31
-408.955
-408.688
-408.509
-408.419
-370.484
-387.697
-399.19
-404.393
-406.226
-406.595
-406.399
-406.016
-405.602
-405.218
-404.886
-404.615
-404.408
-404.269
-404.199
-402.939
-402.938
-402.784
-402.532
-402.221
-401.885
-401.544
-401.214
-400.91
-400.64
-400.408
-400.218
-400.071
-399.972
-399.921
-435.541
-418.274
-406.435
-400.7
-398.225
-397.167
-396.669
-396.385
-396.185
-396.025
-395.891
-395.779
-395.691
-395.63
-395.599
-480.279
-429.83
-405.836
-396.594
-393.236
-392.049
-391.636
-391.486
-391.422
-391.383
-391.348
-391.313
-391.282
-391.258
-391.245
-560.194
-423.002
-394.982
-388.391
-386.73
-386.383
-386.407
-386.519
-386.634
-386.727
-386.793
-386.834
-386.858
-386.869
-386.874
-202.466
-340.35
-369.237
-376.753
-379.303
-380.45
-381.106
-381.541
-381.852
-382.08
-382.244
-382.357
-382.431
-382.476
-382.496
-282.177
-333.382
-358.322
-368.553
-372.841
-374.848
-375.946
-376.639
-377.119
-377.467
-377.719
-377.897
-378.016
-378.089
-378.123
-326.46
-344.646
-357.614
-364.471
-367.954
-369.869
-371.058
-371.875
-372.47
-372.911
-373.236
-373.467
-373.624
-373.72
-373.766
-358.244
-359.526
-361.139
-362.721
-364.148
-365.384
-366.418
-367.256
-367.918
-368.427
-368.807
-369.079
-369.264
-369.378
-369.432
-389.266
-374.166
-364.678
-361.07
-360.467
-361.029
-361.903
-362.751
-363.464
-364.024
-364.443
-364.742
-364.944
-365.068
-365.126
-430.902
-384.9
-364.124
-357.322
-355.969
-356.448
-357.396
-358.33
-359.109
-359.71
-360.152
-360.462
-360.669
-360.794
-360.853
-504.61
-378.105
-353.857
-349.782
-350.189
-351.534
-352.888
-354.01
-354.869
-355.498
-355.942
-356.245
-356.441
-356.558
-356.612
-170.507
-300.29
-329.571
-339.12
-343.75
-346.604
-348.533
-349.863
-350.78
-351.404
-351.821
-352.092
-352.261
-352.357
-352.401
-242.178
-292.263
-318.978
-331.867
-338.537
-342.31
-344.583
-345.997
-346.887
-347.446
-347.792
-348
-348.121
-348.185
-348.213
-279.182
-300.458
-317.98
-328.924
-335.327
-339.048
-341.22
-342.485
-343.216
-343.627
-343.85
-343.961
-344.011
-344.03
-344.036
-301.523
-311.254
-321.544
-329.127
-333.974
-336.854
-338.476
-339.338
-339.759
-339.932
-339.975
-339.955
-339.915
-339.877
-339.854
-317.217
-321.656
-326.979
-331.221
-333.98
-335.524
-336.252
-336.49
-336.465
-336.32
-336.134
-335.955
-335.808
-335.704
-335.65
-329.941
-331.437
-333.156
-334.339
-334.821
-334.754
-334.359
-333.817
-333.249
-332.726
-332.281
-331.925
-331.662
-331.488
-331.402
-341.735
-341.056
-339.698
-337.935
-336.036
-334.204
-332.559
-331.152
-329.995
-329.071
-328.357
-327.823
-327.445
-327.204
-327.086
-354.112
-351.138
-346.513
-341.616
-337.197
-333.518
-330.585
-328.308
-326.57
-325.264
-324.299
-323.604
-323.125
-322.826
-322.682
-368.664
-362.359
-353.51
-344.959
-337.836
-332.304
-328.148
-325.08
-322.837
-321.211
-320.045
-319.226
-318.673
-318.332
-318.17
-387.705
-375.336
-360.292
-347.3
-337.364
-330.125
-324.949
-321.273
-318.669
-316.831
-315.544
-314.656
-314.066
-313.707
-313.537
-415.445
-390.164
-365.638
-347.512
-335.012
-326.506
-320.7
-316.712
-313.961
-312.062
-310.756
-309.871
-309.292
-308.944
-308.78
-460.849
-404.458
-366.532
-343.809
-329.878
-321.004
-315.181
-311.287
-308.655
-306.872
-305.668
-304.867
-304.351
-304.044
-303.902
-545.52
-405.921
-356.86
-333.994
-321.223
-313.375
-308.315
-304.976
-302.753
-301.272
-300.293
-299.656
-299.256
-299.024
-298.918
235.55
235.56
235.593
235.676
235.854
236.193
236.793
237.794
239.402
241.913
245.774
251.608
260.013
269.61
264.144
230.504
230.458
230.374
230.271
230.173
230.119
230.16
230.357
230.773
231.449
232.337
233.075
232.346
226.16
204.071
225.494
225.383
225.166
224.848
224.437
223.941
223.364
222.691
221.872
220.764
219.043
215.995
210.127
198.606
177.121
220.585
220.407
220.049
219.508
218.776
217.835
216.653
215.164
213.249
210.682
207.068
201.725
193.553
181.007
162.59
215.845
215.601
215.106
214.35
213.313
211.961
210.239
208.056
205.266
201.637
196.813
190.278
181.343
169.271
153.651
211.342
211.035
210.415
209.464
208.156
206.449
204.278
201.546
198.114
193.778
188.263
181.221
172.262
161.075
147.636
207.136
206.775
206.044
204.926
203.389
201.391
198.868
195.73
191.857
187.089
181.233
174.071
165.403
155.125
143.336
203.283
202.876
202.053
200.796
199.076
196.851
194.064
190.64
186.484
181.481
175.501
168.42
160.148
150.679
140.141
199.828
199.384
198.487
197.12
195.258
192.863
189.889
186.276
181.952
176.841
170.862
163.952
156.084
147.294
137.71
196.811
196.337
195.382
193.931
191.963
189.447
186.345
182.613
178.201
173.061
167.148
160.436
152.935
144.698
135.841
194.258
193.762
192.764
191.252
189.208
186.607
183.423
179.622
175.172
170.046
164.224
157.704
150.514
142.715
134.41
192.194
191.682
190.653
189.097
187
184.344
181.108
177.271
172.812
167.72
161.99
155.636
148.695
141.231
133.336
190.633
190.11
189.06
187.476
185.345
182.654
179.388
175.533
171.079
166.023
160.372
154.149
147.394
140.172
132.567
189.587
189.057
187.995
186.392
184.241
181.53
178.248
174.387
169.942
164.915
159.32
153.186
146.555
139.49
132.071
189.062
188.53
187.461
185.85
183.689
180.969
177.681
173.818
169.378
164.367
158.802
152.712
146.143
139.155
131.827
174.16
68.9317
34.1409
20.6137
14.3051
10.8297
8.65086
7.15345
6.05622
5.2144
4.54603
4.0012
3.54771
3.16387
2.83449
2.54864
2.29823
2.07713
1.88063
1.70499
1.54724
1.40498
1.27621
1.15927
1.05276
0.955487
0.866412
0.784636
0.709369
0.639909
0.57563
0.515967
0.460409
0.40849
0.359782
0.313888
0.270441
0.229094
0.189523
0.151417
0.11448
0.0784268
0.0429781
0.00786125
-0.0271936
-0.0624555
-0.0981954
-0.134688
-0.172213
-0.211061
-0.251533
-0.293941
-0.338618
-0.385914
-0.436203
-0.489886
-0.547396
-0.609204
-0.67582
-0.747808
-0.825787
-0.910444
-1.00255
-1.10296
-1.21266
-1.33276
-1.46454
-1.60949
-1.76936
-1.94622
-2.14254
-2.36135
-2.60637
-2.88224
-3.1949
-3.55202
-3.96373
-4.44374
-5.01108
-5.69298
-6.52979
-7.58417
-8.95891
-10.8357
-13.5675
-17.9263
-25.8407
-42.8151
-86.4782
-218.551
156.727
105.363
71.8018
51.4453
38.835
30.6218
24.9709
20.8838
17.8006
15.3932
13.46
11.8719
10.5427
9.41303
8.44066
7.59478
6.85237
6.19591
5.61175
5.08912
4.61938
4.19546
3.81154
3.46275
3.14495
2.85461
2.58869
2.3445
2.11971
1.91224
1.72022
1.54197
1.37597
1.22083
1.07528
0.938127
0.808284
0.684715
0.566449
0.45256
0.342163
0.234405
0.128453
0.0234924
-0.0812831
-0.186678
-0.2935
-0.402572
-0.51473
-0.630841
-0.751801
-0.878548
-1.01207
-1.15342
-1.30371
-1.46413
-1.63598
-1.82067
-2.0197
-2.23477
-2.46772
-2.72058
-2.99565
-3.29547
-3.62296
-3.98141
-4.37461
-4.80695
-5.28357
-5.81055
-6.39516
-7.04623
-7.77457
-8.59367
-9.52059
-10.5773
-11.7927
-13.2053
-14.8681
-16.8556
-19.2759
-22.2909
-26.1535
-31.2754
-38.3594
-48.6582
-64.4747
-90.0122
-132.122
-196.573
146.984
116.155
90.4446
71.12
57.0313
46.723
39.0378
33.1676
28.5712
24.8884
21.8765
19.3692
17.2499
15.4353
13.8643
12.4916
11.2825
10.2103
9.25402
8.39689
7.62532
6.92816
6.29613
5.72144
5.19745
4.71846
4.27954
3.87634
3.50504
3.16224
2.8449
2.55026
2.27582
2.01931
1.77862
1.5518
1.33705
1.13267
0.937043
0.748651
0.566029
0.387767
0.21249
0.038851
-0.134483
-0.308841
-0.485562
-0.666
-0.851543
-1.04362
-1.24371
-1.45337
-1.67423
-1.90801
-2.15657
-2.42187
-2.70604
-3.01139
-3.34044
-3.69592
-4.08088
-4.49865
-4.95298
-5.44805
-5.98856
-6.57989
-7.22817
-7.94047
-8.72507
-9.59168
-10.5519
-11.6196
-12.8118
-14.1495
-15.659
-17.3738
-19.3372
-21.6061
-24.2571
-27.3946
-31.1648
-35.7764
-41.5337
-48.8888
-58.5206
-71.443
-89.1082
-113.343
-145.589
-184.253
140.934
119.573
99.8876
83.2519
69.7815
59.0451
50.4895
43.6156
38.0252
33.4164
29.5655
26.3068
23.5177
21.106
19.002
17.1522
15.5149
14.0573
12.7531
11.5811
10.5238
9.56676
8.69788
7.90687
7.18492
6.52443
5.91876
5.36206
4.84916
4.37545
3.93676
3.52934
3.14977
2.79492
2.4619
2.14804
1.85084
1.56796
1.29718
1.03639
0.783587
0.536806
0.294152
0.0537604
-0.186211
-0.427601
-0.672259
-0.922061
-1.17892
-1.44482
-1.72181
-2.01202
-2.31771
-2.64128
-2.98525
-3.35235
-3.74551
-4.16791
-4.62298
-5.11451
-5.64663
-6.22393
-6.85149
-7.53498
-8.28079
-9.09614
-9.98927
-10.9696
-12.0482
-13.2377
-14.5534
-16.0133
-17.6391
-19.4575
-21.5014
-23.8118
-26.441
-29.4561
-32.9445
-37.0215
-41.8411
-47.6109
-54.6117
-63.2221
-73.9415
-87.3958
-104.279
-125.132
-149.808
-176.582
136.82
120.573
104.935
90.822
78.5918
68.2242
59.5173
52.2136
46.0638
40.8518
36.4003
32.5673
29.2409
26.3326
23.7728
21.506
19.488
17.6829
16.0614
14.5996
13.2774
12.078
10.9871
9.9925
9.08359
8.25118
7.4872
6.78448
6.13666
5.53802
4.98341
4.46816
3.98798
3.53896
3.11748
2.72018
2.34392
1.98574
1.64285
1.3126
0.992426
0.679871
0.372531
0.0680512
-0.2359
-0.541649
-0.851535
-1.16793
-1.49326
-1.83002
-2.1808
-2.54831
-2.9354
-3.34507
-3.78052
-4.24519
-4.74276
-5.27722
-5.85288
-6.47447
-7.14715
-7.87663
-8.66922
-9.53192
-10.4726
-11.5001
-12.6244
-13.857
-15.211
-16.7017
-18.3468
-20.1674
-22.1885
-24.4402
-26.9591
-29.7899
-32.9883
-36.6235
-40.7831
-45.5777
-51.1477
-57.6711
-65.3702
-74.516
-85.4211
-98.4082
-113.73
-131.411
-151.003
-171.352
133.835
120.692
107.78
95.6776
84.7168
75.0089
66.5219
59.1478
52.75
47.1905
42.3428
38.097
34.3606
31.0563
28.1205
25.5008
23.1536
21.0431
19.1391
17.4165
15.8537
14.4325
13.1373
11.9543
10.8717
9.87905
8.96709
8.12756
7.35307
6.63696
5.97319
5.35627
4.78115
4.24319
3.73811
3.26191
2.81085
2.38141
1.97026
1.57422
1.19024
0.815383
0.446763
0.0815634
-0.283007
-0.649734
-1.02142
-1.40091
-1.79109
-2.19497
-2.61564
-3.05634
-3.52047
-4.01161
-4.5336
-5.09052
-5.68675
-6.32701
-7.01644
-7.76062
-8.56564
-9.4382
-10.3857
-11.4163
-12.539
-13.7642
-15.1032
-16.5691
-18.1766
-19.9427
-21.8869
-24.0322
-26.4051
-29.0374
-31.9666
-35.2377
-38.9052
-43.0347
-47.706
-53.0156
-59.0799
-66.0363
-74.0435
-83.2743
-93.9
-106.055
-119.78
-134.934
-151.101
-167.552
131.576
120.474
109.452
98.8862
89.0339
80.0325
71.9211
64.6735
58.2269
52.502
47.4165
42.8917
38.8565
35.248
32.012
29.1018
26.4775
24.105
21.955
20.0023
18.2253
16.6051
15.1251
13.771
12.5298
11.3903
10.3423
9.37662
8.48508
7.66023
6.89525
6.18394
5.52058
4.89989
4.31698
3.76728
3.24651
2.75063
2.2758
1.81839
1.37487
0.941857
0.516034
0.0941491
-0.327015
-0.750672
-1.18005
-1.61843
-2.06916
-2.53568
-3.02156
-3.53054
-4.06651
-4.63361
-5.23624
-5.87907
-6.56712
-7.3058
-8.10094
-8.9589
-9.88659
-10.8916
-11.9821
-13.1674
-14.4576
-15.8639
-17.3989
-19.0767
-20.9132
-22.9264
-25.1369
-27.5682
-30.2474
-33.206
-36.4806
-40.1137
-44.1555
-48.6642
-53.7078
-59.3651
-65.725
-72.8861
-80.9517
-90.0209
-100.172
-111.438
-123.769
-136.993
-150.785
-164.673
129.82
120.135
110.465
101.062
92.122
83.7711
76.0732
69.0431
62.6619
56.8907
51.6807
46.9796
42.7361
38.9019
35.433
32.29
29.4378
26.8454
24.4857
22.3344
20.3704
18.5749
16.9312
15.4243
14.0411
12.7694
11.5984
10.5185
9.52072
8.59693
7.73973
6.94229
6.19832
5.50198
4.84784
4.23083
3.64618
3.08938
2.55617
2.04245
1.5443
1.05792
0.579591
0.105674
-0.367443
-0.84336
-1.3257
-1.81814
-2.32443
-2.84843
-3.39415
-3.96574
-4.56759
-5.20432
-5.88082
-6.60231
-7.37437
-8.20302
-9.09472
-10.0565
-11.0959
-12.2213
-13.4417
-14.7671
-16.2084
-17.7777
-19.4883
-21.355
-23.3945
-25.6252
-28.068
-30.7462
-33.6864
-36.9186
-40.4769
-44.4
-48.7318
-53.5216
-58.8244
-64.7006
-71.2144
-78.4312
-86.4122
-95.206
-104.836
-115.283
-126.468
-138.23
-150.324
-162.434
128.436
119.77
111.088
102.568
94.3574
86.5657
79.2606
72.4752
66.2157
60.4689
55.2099
50.4067
46.0245
42.028
38.3832
35.058
32.0226
29.2498
26.715
24.3958
22.272
20.3254
18.5394
16.8991
15.391
14.0027
12.723
11.5417
10.4494
9.43737
8.49781
7.62334
6.80719
6.04305
5.32502
4.64759
4.00557
3.39404
2.80834
2.24399
1.69671
1.16232
0.636752
0.116017
-0.403846
-0.926787
-1.45678
-1.99786
-2.55413
-3.12984
-3.72935
-4.35725
-5.01831
-5.71758
-6.46041
-7.2525
-8.09991
-9.00917
-9.98729
-11.0419
-12.1811
-13.4138
-14.7497
-16.1994
-17.7745
-19.4874
-21.3522
-23.384
-25.5997
-28.0179
-30.659
-33.5459
-36.7037
-40.1603
-43.9465
-48.0963
-52.6468
-57.6383
-63.1132
-69.1157
-75.6891
-82.8734
-90.6997
-99.1843
-108.32
-118.063
-128.33
-138.984
-149.837
-160.668
127.342
119.424
111.473
103.622
95.9861
88.6558
81.696
75.1471
69.0282
63.3423
58.0803
53.2253
48.7553
44.6459
40.8716
37.4071
34.2277
31.3102
28.6327
26.1748
23.9176
21.8437
19.937
18.1829
16.5677
15.0791
13.7054
12.4363
11.2618
10.1731
9.16177
8.22009
7.34088
6.51744
5.74349
5.01315
4.32085
3.66135
3.02961
2.42086
1.83046
1.25393
0.686905
0.125074
-0.435825
-1.00005
-1.57187
-2.15564
-2.75579
-3.37686
-4.02358
-4.70086
-5.41383
-6.16793
-6.96888
-7.82277
-8.73611
-9.71585
-10.7695
-11.905
-13.1311
-14.4572
-15.8934
-17.4508
-19.1412
-20.9778
-22.9747
-25.1473
-27.5125
-30.0885
-32.8952
-35.9543
-39.2894
-42.9259
-46.891
-51.2139
-55.9253
-61.0567
-66.6401
-72.7059
-79.2815
-86.3879
-94.0362
-102.223
-110.923
-120.087
-129.632
-139.444
-149.379
-159.272
126.486
119.118
111.71
104.363
97.1705
90.2084
83.5364
77.1965
71.2144
65.6024
60.3622
55.4871
50.9648
46.7794
42.9122
39.3439
36.0543
33.0238
30.233
27.6637
25.2982
23.1202
21.1141
19.2658
17.5616
15.9891
14.5368
13.1939
11.9504
10.797
9.72502
8.72651
7.79394
6.92027
6.09892
5.32369
4.58873
3.88848
3.21765
2.57117
1.94413
1.33179
0.729523
0.132755
-0.46303
-1.06235
-1.66973
-2.28979
-2.92723
-3.58686
-4.27369
-4.99291
-5.74997
-6.55061
-7.40087
-8.30718
-9.2764
-10.3158
-11.4333
-12.6373
-13.9368
-15.3415
-16.8621
-18.5098
-20.2969
-22.2367
-24.3435
-26.6326
-29.1207
-31.8257
-34.7667
-37.9642
-41.4399
-45.2168
-49.3188
-53.7705
-58.5969
-63.8224
-69.4699
-75.5595
-82.1064
-89.1187
-96.5942
-104.517
-112.855
-121.556
-130.544
-139.723
-148.977
-158.179
125.832
118.864
111.852
104.878
98.0185
91.3394
84.8952
78.7273
72.8645
67.3245
62.1157
57.2384
52.6872
48.4523
44.5208
40.8775
37.5064
34.3906
31.5132
28.8577
26.4077
24.1479
22.0634
20.1401
18.365
16.7255
15.2101
13.8078
12.5086
11.303
10.1821
9.13762
8.16182
7.24745
6.38765
5.576
4.80641
4.07307
3.37048
2.69334
2.03652
1.39508
0.764158
0.138987
-0.485161
-1.11301
-1.74931
-2.39887
-3.06662
-3.75759
-4.47701
-5.23031
-6.02319
-6.86161
-7.7519
-8.70075
-9.71527
-10.8031
-11.9723
-13.2316
-14.5903
-16.0586
-17.6471
-19.3675
-21.2321
-23.2544
-25.4488
-27.8304
-30.4157
-33.222
-36.2677
-39.5721
-43.1553
-47.038
-51.2412
-55.7857
-60.6918
-65.9781
-71.6608
-77.752
-84.2585
-91.1794
-98.5042
-106.211
-114.262
-122.607
-131.177
-139.888
-148.645
-157.345
125.358
118.671
111.936
105.224
98.6023
92.1283
85.8526
79.8153
74.0465
68.567
63.389
58.5176
53.9519
49.6864
45.7122
42.0176
38.5892
35.4126
32.4727
29.7543
27.2424
24.9222
22.7794
20.8004
18.9722
17.2825
15.7196
14.2728
12.9316
11.6866
10.5287
9.44942
8.44091
7.4957
6.60677
5.7675
4.97164
4.2132
3.48651
2.78609
2.10667
1.44313
0.790451
0.143712
-0.501976
-1.15149
-1.80975
-2.48172
-3.17247
-3.88724
-4.6314
-5.41057
-6.23062
-7.09772
-8.01836
-8.99944
-10.0483
-11.1727
-12.3811
-13.6822
-15.0858
-16.6019
-18.2416
-20.0166
-21.9395
-24.0237
-26.2834
-28.7339
-31.3913
-34.2724
-37.3949
-40.7772
-44.4379
-48.396
-52.6702
-57.2783
-62.2371
-67.561
-73.261
-79.3441
-85.811
-92.6552
-99.8613
-107.403
-115.243
-123.33
-131.601
-139.983
-148.392
-156.74
125.049
118.54
111.981
105.438
98.9683
92.6276
86.4629
80.5132
74.8089
69.3724
64.2181
59.354
54.7818
50.499
46.499
42.7724
39.3077
36.0921
33.1118
30.3525
27.7999
25.4399
23.2586
21.2426
19.3792
17.656
16.0615
14.5848
13.2156
11.9442
10.7615
9.65893
8.62847
7.66256
6.75407
5.89626
5.08274
4.30743
3.56453
2.84847
2.15385
1.47544
0.808131
0.146885
-0.513289
-1.17738
-1.8504
-2.53744
-3.24367
-3.97444
-4.73524
-5.5318
-6.37012
-7.25648
-8.19751
-9.20025
-10.2722
-11.4212
-12.6558
-13.985
-15.4185
-16.9668
-18.6407
-20.4522
-22.414
-24.5393
-26.8425
-29.3387
-32.0437
-34.974
-38.1469
-41.5799
-45.2908
-49.2972
-53.6163
-58.2641
-63.2547
-68.5997
-74.3073
-80.3807
-86.8172
-93.607
-100.732
-108.163
-115.863
-123.783
-131.862
-140.033
-148.221
-156.347
124.897
118.474
112.001
105.539
99.1447
92.8697
86.76
80.8541
75.1826
69.7682
64.6268
59.7672
55.1928
50.9022
46.8901
43.1482
39.6659
36.4313
33.4311
30.6516
28.0789
25.6992
23.4987
21.4644
19.5833
17.8434
16.2331
14.7415
13.3582
12.0736
10.8784
9.76418
8.72271
7.7464
6.82808
5.96095
5.13857
4.35478
3.60375
2.87982
2.17756
1.49168
0.817016
0.148479
-0.518978
-1.19039
-1.87084
-2.56545
-3.27946
-4.01827
-4.78743
-5.59273
-6.44023
-7.33626
-8.28755
-9.30116
-10.3846
-11.546
-12.7938
-14.1371
-15.5857
-17.15
-18.8411
-20.6709
-22.652
-24.7979
-27.1228
-29.6417
-32.3704
-35.3252
-38.5229
-41.981
-45.7165
-49.7465
-54.0874
-58.7541
-63.7596
-69.1141
-74.8242
-80.8916
-87.3118
-94.0735
-101.157
-108.533
-116.164
-124.001
-131.986
-140.055
-148.135
-156.153
-331.514
-338.359
-326.201
-315.476
-307.935
-302.845
-299.44
-297.175
-295.685
-294.721
-294.11
-293.736
-293.517
-293.398
-293.346
-255.973
-283.648
-291.31
-292.079
-290.977
-289.664
-288.607
-287.881
-287.439
-287.209
-287.12
-287.113
-287.145
-287.183
-287.207
-222.037
-248.938
-263.303
-270.543
-274.221
-276.215
-277.434
-278.292
-278.973
-279.546
-280.036
-280.442
-280.757
-280.973
-281.082
-203.712
-226.757
-242.413
-252.56
-259.138
-263.534
-266.611
-268.872
-270.602
-271.958
-273.026
-273.852
-274.459
-274.859
-275.058
-192.423
-211.956
-227.022
-238.137
-246.229
-252.163
-256.595
-259.974
-262.597
-264.649
-266.25
-267.471
-268.358
-268.937
-269.223
-184.817
-201.615
-215.576
-226.729
-235.469
-242.287
-247.622
-251.825
-255.152
-257.783
-259.843
-261.416
-262.556
-263.299
-263.665
-179.377
-194.105
-206.93
-217.725
-226.626
-233.883
-239.773
-244.542
-248.393
-251.479
-253.915
-255.784
-257.142
-258.028
-258.466
-175.332
-188.492
-200.305
-210.61
-219.417
-226.839
-233.036
-238.171
-242.39
-245.816
-248.546
-250.653
-252.191
-253.197
-253.694
-172.252
-184.218
-195.182
-204.986
-213.584
-221.013
-227.353
-232.706
-237.172
-240.842
-243.792
-246.084
-247.764
-248.866
-249.412
-169.885
-180.939
-191.212
-200.56
-208.915
-216.267
-222.65
-228.121
-232.742
-236.579
-239.688
-242.117
-243.906
-245.083
-245.667
-168.072
-178.435
-188.161
-197.122
-205.239
-212.482
-218.853
-224.376
-229.09
-233.035
-236.254
-238.783
-240.652
-241.885
-242.498
-166.711
-176.562
-185.87
-194.52
-202.432
-209.563
-215.895
-221.433
-226.197
-230.211
-233.503
-236.1
-238.026
-239.299
-239.932
-165.737
-175.225
-184.231
-192.649
-200.4
-207.434
-213.723
-219.259
-224.046
-228.1
-231.439
-234.081
-236.044
-237.345
-237.992
-165.109
-174.363
-183.173
-191.437
-199.079
-206.043
-212.297
-217.824
-222.622
-226.698
-230.062
-232.731
-234.718
-236.035
-236.692
-164.8
-173.941
-182.654
-190.842
-198.428
-205.356
-211.591
-217.112
-221.913
-225.998
-229.375
-232.056
-234.054
-235.379
-236.039
)
;

boundaryField
{
    hot
    {
        type            calculated;
        value           nonuniform List<scalar> 
120
(
162.413
162.884
163.827
165.238
167.117
169.459
172.258
175.503
179.181
183.276
187.766
192.628
197.836
203.363
209.188
214.78
220.046
225.487
231.098
236.871
242.799
248.872
255.075
261.389
267.789
274.25
280.74
287.229
293.685
300.076
306.374
312.548
318.572
324.423
330.08
335.522
340.736
345.709
350.433
354.901
359.109
363.057
366.746
370.178
373.355
376.282
378.961
381.398
383.593
385.551
387.274
388.764
390.021
391.046
391.84
392.403
392.734
392.835
392.706
392.346
391.757
390.94
389.895
388.625
387.132
385.418
383.486
381.341
378.986
376.427
373.671
370.726
367.599
364.301
360.843
357.236
353.494
349.63
345.659
341.598
337.461
333.265
329.025
324.757
320.475
316.195
311.93
307.691
303.491
299.337
295.237
291.194
287.209
283.28
279.4
275.558
271.74
267.929
264.106
260.253
256.354
252.397
248.374
244.288
240.146
235.548
230.515
225.521
220.629
215.906
211.418
207.226
203.384
199.939
196.929
194.382
192.321
190.763
189.719
189.195
)
;
    }
    cold
    {
        type            calculated;
        value           nonuniform List<scalar> 
120
(
-329.346
-330.291
-332.174
-334.978
-338.677
-343.234
-348.598
-354.703
-361.463
-368.776
-376.52
-384.559
-392.741
-400.911
-408.914
-415.969
-422.09
-427.862
-433.241
-438.198
-442.718
-446.801
-450.456
-453.702
-456.563
-459.069
-461.25
-463.14
-464.768
-466.165
-467.359
-468.376
-469.238
-469.965
-470.576
-471.085
-471.507
-471.853
-472.131
-472.35
-472.516
-472.633
-472.705
-472.733
-472.72
-472.666
-472.568
-472.424
-472.233
-471.989
-471.687
-471.322
-470.885
-470.37
-469.767
-469.068
-468.262
-467.341
-466.293
-465.112
-463.787
-462.313
-460.681
-458.888
-456.929
-454.801
-452.502
-450.032
-447.39
-444.58
-441.602
-438.462
-435.165
-431.717
-428.126
-424.402
-420.555
-416.597
-412.539
-408.397
-404.182
-399.909
-395.591
-391.242
-386.875
-382.501
-378.132
-373.777
-369.445
-365.14
-360.867
-356.625
-352.412
-348.219
-344.036
-339.849
-335.637
-331.38
-327.057
-322.646
-318.13
-313.496
-308.74
-303.867
-298.892
-293.334
-287.214
-281.11
-275.108
-269.294
-263.757
-258.574
-253.818
-249.548
-245.813
-242.65
-240.09
-238.154
-236.855
-236.204
)
;
    }
    interface_left
    {
        type            calculated;
        value           nonuniform List<scalar> 
90
(
400.647
296.084
246.543
213.917
183.957
147.069
88.1291
-32.1988
-339.101
822.58
512.792
385.646
312.902
246.753
146.56
-81.7962
738.279
511.088
413.03
348.935
273.467
119.226
650.828
502.076
440.032
405.028
375.423
334.571
246.407
555.077
469.224
433.556
413.582
396.812
373.638
323.18
503.364
454.904
436.211
427.772
423.601
421.732
421.667
420.112
422.761
427.218
435.704
454.143
501.536
327.068
376.72
400.256
418.32
441.192
483.769
588.558
203.753
310.772
358.421
390.945
427.896
493.178
651.672
66.9281
226.552
294.397
336.206
378.191
446.643
607.668
20.7047
181.48
249.369
290.301
330.11
393.696
542.619
-5.05385
141.41
199.248
227.628
244.947
257.763
268.958
280.297
293.505
311.243
339.225
392.642
518.436
)
;
    }
    interface_right
    {
        type            calculated;
        value           nonuniform List<scalar> 
90
(
-950.894
-721.071
-625.309
-577.239
-549.101
-530.751
-517.905
-508.484
-501.353
-495.833
-491.488
-488.025
-485.24
-482.982
-481.141
-479.634
-478.397
-477.38
-476.543
-475.854
-475.29
-474.829
-474.457
-474.161
-473.93
-473.758
-473.638
-473.567
-473.543
-473.565
-473.635
-473.755
-473.931
-474.169
-474.48
-474.876
-475.377
-476.007
-476.799
-477.802
-479.085
-480.754
-482.979
-486.064
-490.612
-497.997
-511.855
-543.19
-543.114
-381.345
-435.976
-461.886
-481.297
-505.038
-548.225
-653.466
-269.009
-376.303
-424.174
-456.879
-493.982
-559.393
-718
-133.355
-293.07
-361.001
-402.893
-444.961
-513.5
-674.617
-87.7564
-248.647
-316.667
-357.753
-397.743
-461.545
-610.728
-63.3709
-210.222
-268.537
-297.516
-315.593
-329.387
-341.874
-354.975
-370.698
-392.299
-426.886
-493.481
-650.946
)
;
    }
    interface_top
    {
        type            calculated;
        value           nonuniform List<scalar> 
90
(
174.16
68.9317
34.1409
20.6137
14.3051
10.8297
8.65086
7.15345
6.05622
5.2144
4.54603
4.0012
3.54771
3.16387
2.83449
2.54864
2.29823
2.07713
1.88063
1.70499
1.54724
1.40498
1.27621
1.15927
1.05276
0.955487
0.866412
0.784636
0.709369
0.639909
0.57563
0.515967
0.460409
0.40849
0.359782
0.313888
0.270441
0.229094
0.189523
0.151417
0.11448
0.0784268
0.0429781
0.00786125
-0.0271936
-0.0624555
-0.0981954
-0.134688
-0.172213
-0.211061
-0.251533
-0.293941
-0.338618
-0.385914
-0.436203
-0.489886
-0.547396
-0.609204
-0.67582
-0.747808
-0.825787
-0.910444
-1.00255
-1.10296
-1.21266
-1.33276
-1.46454
-1.60949
-1.76936
-1.94622
-2.14254
-2.36135
-2.60637
-2.88224
-3.1949
-3.55202
-3.96373
-4.44374
-5.01108
-5.69298
-6.52979
-7.58417
-8.95891
-10.8357
-13.5675
-17.9263
-25.8407
-42.8151
-86.4782
-218.551
)
;
    }
    interface_bottom
    {
        type            calculated;
        value           nonuniform List<scalar> 
90
(
136.442
54.4424
27.3094
16.7492
11.8225
9.11239
7.42095
6.26848
5.43556
4.80937
4.32632
3.94801
3.65017
3.417
3.23822
3.10737
3.02098
2.97809
2.98038
3.03252
3.14323
3.32727
3.60922
4.03096
4.66749
5.66359
7.32762
10.3984
16.8818
32.8968
79.0061
229.555
229.886
80.0333
34.7408
19.7853
14.8222
14.1829
16.9309
25.2253
47.5987
113.624
330.69
330.571
113.253
46.9255
24.144
15.2299
11.4153
9.94539
10.0567
12.0312
17.6364
32.7995
77.7526
225.85
225.615
77.0355
31.5644
15.8146
9.50466
6.62292
5.23993
4.72291
4.97328
6.34329
10.1079
20.3496
50.9166
151.972
151.564
49.6832
18.2601
7.10705
2.34503
-0.152391
-1.72674
-2.84081
-3.59792
-3.77604
-2.38751
4.13696
28.9723
26.1301
-4.91103
-19.5674
-33.9968
-59.9221
-124.175
-317.231
)
;
    }
    defaultFaces
    {
        type            empty;
    }
}


// ************************************************************************* //
