/*--------------------------------*- C++ -*----------------------------------*\
| =========                 |                                                 |
| \\      /  F ield         | OpenFOAM: The Open Source CFD Toolbox           |
|  \\    /   O peration     | Version:  5.x                                   |
|   \\  /    A nd           | Web:      www.OpenFOAM.org                      |
|    \\/     M anipulation  |                                                 |
\*---------------------------------------------------------------------------*/
FoamFile
{
    version     2.0;
    format      ascii;
    class       volScalarField;
    location    "1.7";
    object      gradTx;
}
// * * * * * * * * * * * * * * * * * * * * * * * * * * * * * * * * * * * * * //

dimensions      [0 -1 0 1 0 0 0];

internalField   nonuniform List<scalar> 
6300
(
10770.4
10740.1
10679.5
10588.2
10465.8
10311.9
10126.2
9908.32
9658.43
9377.01
9065.16
8724.71
8358.41
7969.88
7563.66
10800.1
10770
10709.7
10618.7
10496.8
10343.3
10157.8
9939.86
9689.49
9406.99
9093.3
8750.15
8380.22
7987.17
7575.69
10859.4
10829.6
10769.9
10679.8
10558.8
10406.2
10221.2
10003.4
9752.21
9467.69
9150.44
8801.95
8424.73
8022.52
7600.28
10947.8
10918.6
10859.9
10771.2
10651.8
10500.8
10317.1
10099.8
9847.78
9560.64
9238.39
8882.03
8493.81
8077.49
7638.49
11065
11036.6
10979.4
10892.9
10776
10627.6
10446.2
10230.2
9978.04
9688.23
9360
8993.54
8590.56
8154.76
7692.15
11210.1
11182.7
11127.7
11044.3
10931.2
10786.9
10609.4
10396.4
10145.4
9853.76
9519.37
9141.12
8719.69
8258.45
7764.1
11381.9
11356.1
11304
11224.8
11117
10978.8
10807.6
10600.2
10352.9
10061.5
9722.14
9331.42
8888.2
8394.86
7858.75
11578.9
11555.1
11506.8
11433.3
11332.8
11203.2
11041.4
10843.3
10603.8
10316.9
9975.75
9573.77
9106.39
8573.61
7982.97
11799.3
11777.8
11734.4
11668.1
11577.2
11459.3
11310.9
11127.2
10901.7
10626
10289.7
9881.04
9389.54
8809.81
8147.82
12040.6
12022
11984.4
11926.9
11848
11745.2
11615.1
11452.4
11249.4
10995.3
10675.3
10270.7
9760.47
9127.85
8372
12299.8
12284.5
12253.7
12206.6
12142
12058
11951.4
11817.2
11647.5
11429.9
11145.2
10765.4
10253.3
9568.67
8689.27
12573.7
12562.1
12538.7
12503.1
12454.9
12392.7
12314.6
12217
12093.1
11931
11709.6
11392
10918.2
10203.8
9166.26
12858.6
12850.8
12835.1
12811.8
12781
12742.8
12696.9
12642.3
12576.1
12491
12369.7
12174.1
11823.1
11161.4
9950.62
13150.8
13146.6
13138.6
13127.4
13114
13099.9
13087.2
13078.7
13077.6
13086.5
13103.6
13110.8
13038.3
12667.7
11420.8
13446.4
13445.7
13444.7
13444.6
13447
13454.9
13472.7
13507
13568.4
13673.1
13846.8
14126.6
14550.8
15049.8
14726.7
7180.65
6826.84
6471.53
6118.16
5770
5430.06
5100.98
4785.01
4483.95
4199.18
3931.66
3682.01
3450.49
3237.12
3041.69
2863.78
2702.86
2558.26
2429.23
2314.94
2214.46
2126.84
2051.04
1985.96
1930.46
1883.33
1843.35
1809.26
1779.82
1753.85
1730.23
1707.97
1686.2
1664.21
1641.41
1617.33
1591.61
1563.91
1533.95
1501.46
1466.18
1427.9
1386.43
1341.68
1293.61
1242.27
1187.75
1130.16
1069.62
1006.18
939.85
870.528
798.034
722.109
642.432
558.646
470.373
377.231
278.835
174.792
64.6794
-51.9702
-175.696
-307.124
-446.978
-596.083
-755.351
-925.772
-1108.38
-1304.24
-1514.41
-1739.92
-1981.76
-2240.85
-2518.02
-2814.04
-3129.52
-3464.95
-3820.58
-4196.42
-4592.16
-5007.07
-5439.94
-5889.06
-6352.1
-6826.21
-7307.94
-7793.4
-8278.35
-8758.36
7187.42
6828.65
6468.42
6110.35
5757.88
5414.14
5081.86
4763.3
4460.28
4174.12
3905.76
3655.71
3424.19
3211.14
3016.29
2839.18
2679.22
2535.72
2407.9
2294.92
2195.85
2109.72
2035.49
1972.08
1918.31
1872.96
1834.78
1802.47
1774.75
1750.38
1728.2
1707.19
1686.46
1665.3
1643.17
1619.64
1594.38
1567.11
1537.54
1505.41
1470.45
1432.42
1391.11
1346.41
1298.28
1246.81
1192.11
1134.37
1073.74
1010.32
944.12
875.061
802.944
727.483
648.325
565.084
477.364
384.778
286.953
183.519
74.086
-41.784
-164.604
-294.984
-433.647
-581.429
-739.269
-908.188
-1089.26
-1283.59
-1492.27
-1716.35
-1956.85
-2214.7
-2490.79
-2785.89
-3100.68
-3435.7
-3791.3
-4167.59
-4564.35
-4980.96
-5416.31
-5868.71
-6335.89
-6814.9
-7302.21
-7793.76
-8285.07
-8771.45
7201.21
6832.24
6461.89
6094.19
5732.92
5381.46
5042.71
4718.99
4412.09
4123.25
3853.28
3602.54
3371.12
3158.81
2965.2
2789.73
2631.74
2490.47
2365.09
2254.74
2158.49
2075.35
2004.29
1944.21
1893.93
1852.19
1817.66
1788.99
1764.78
1743.68
1724.42
1705.92
1687.25
1667.73
1646.88
1624.38
1600
1573.53
1544.75
1513.38
1479.1
1441.6
1400.62
1356
1307.73
1255.93
1200.82
1142.7
1081.84
1018.41
952.478
883.966
812.64
738.151
660.072
577.949
491.341
399.852
303.135
200.875
92.7538
-21.5942
-142.624
-270.911
-407.175
-552.277
-707.211
-873.072
-1051.02
-1242.23
-1447.88
-1669.07
-1906.86
-2162.22
-2436.07
-2729.26
-3042.57
-3376.66
-3732.06
-4109.09
-4507.75
-4927.65
-5367.86
-5826.84
-6302.33
-6791.32
-7290.06
-7794.1
-8298.51
-8798.04
7222.48
6837.46
6451.21
6068.46
5693.53
5330.23
4981.66
4650.24
4337.66
4045.02
3772.89
3521.4
3290.37
3079.38
2887.82
2714.98
2560.06
2422.2
2300.54
2194.16
2102.13
2023.49
1957.19
1902.14
1857.16
1820.93
1792.05
1769.01
1750.25
1734.23
1719.5
1704.8
1689.18
1672
1652.9
1631.76
1608.55
1583.23
1555.63
1525.47
1492.33
1455.74
1415.32
1370.81
1322.21
1269.75
1213.83
1154.95
1093.58
1030.06
964.52
896.888
826.859
753.959
677.617
597.248
512.325
422.435
327.283
226.659
120.38
8.2118
-110.193
-235.348
-367.966
-508.953
-659.397
-820.523
-993.635
-1180.05
-1381.05
-1597.83
-1831.48
-2083.03
-2353.41
-2643.56
-2954.4
-3286.78
-3641.52
-4019.26
-4420.38
-4844.87
-5292.14
-5760.91
-6249.03
-6753.39
-7269.9
-7793.54
-8318.58
-8838.83
7252.03
6844.09
6435.2
6031.14
5637.12
5257.5
4895.69
4554.11
4234.3
3937.06
3662.58
3410.61
3180.61
2971.82
2783.36
2614.3
2463.66
2330.5
2213.85
2112.8
2026.41
1953.74
1893.79
1845.5
1807.69
1779
1757.93
1742.77
1731.71
1722.86
1714.44
1704.94
1693.3
1678.94
1661.78
1642.05
1620.08
1596.13
1570.15
1541.8
1510.45
1475.36
1435.83
1391.45
1342.21
1288.5
1231.06
1170.75
1108.39
1044.56
979.543
913.227
845.178
774.693
700.936
623.078
540.44
452.577
359.293
260.574
156.474
46.992
-68.042
-189.04
-316.698
-452
-596.186
-750.692
-917.06
-1096.83
-1291.46
-1502.24
-1730.28
-1976.61
-2242.18
-2527.98
-2835.07
-3164.58
-3517.7
-3895.58
-4299.16
-4729.05
-5185.22
-5666.86
-6172.06
-6697.66
-7239.12
-7790.6
-8345.15
-8895.1
7291.1
6851.73
6411.92
5979.08
5559.68
5158.86
4780.33
4426.4
4098.24
3796.12
3519.65
3268.01
3040.14
2834.83
2650.84
2486.95
2341.99
2214.89
2104.61
2010.23
1930.84
1865.57
1813.51
1773.69
1744.98
1726.03
1715.21
1710.58
1709.9
1710.78
1710.84
1708.11
1701.26
1689.86
1674.3
1655.48
1634.42
1611.87
1588.01
1562.37
1533.91
1501.31
1463.28
1419.05
1368.57
1312.57
1252.37
1189.46
1125.26
1060.75
996.392
932.028
866.969
800.108
730.129
655.766
576.055
490.506
399.113
302.222
200.308
93.7582
-17.3078
-133.142
-254.42
-382.244
-518.099
-663.76
-821.155
-992.19
-1178.57
-1381.71
-1602.7
-1842.42
-2101.74
-2381.64
-2683.32
-3008.24
-3358.09
-3734.71
-4139.89
-4575.15
-5041.4
-5538.62
-6065.43
-6618.75
-7193.57
-7782.88
-8377.93
-8968.79
7341.55
6859.69
6378.3
5907.36
5455.19
5027.89
4629.31
4261.37
3924.49
3618.05
3340.78
3091.03
2867.03
2666.99
2489.23
2332.2
2194.51
2074.93
1972.39
1885.97
1814.84
1758.28
1715.53
1685.81
1668.14
1661.26
1663.49
1672.6
1685.79
1699.79
1711.21
1717.12
1715.69
1706.71
1691.43
1672.05
1650.84
1629.44
1608.37
1586.93
1563.29
1534.99
1499.61
1455.59
1402.82
1342.67
1277.5
1210
1142.53
1076.7
1013.21
951.793
891.323
829.982
765.606
696.125
620.052
536.827
446.831
351.085
250.806
147.017
40.2852
-69.4074
-182.716
-300.922
-425.883
-559.916
-705.587
-865.414
-1041.53
-1235.44
-1448.07
-1679.94
-1931.59
-2203.85
-2498
-2815.86
-3159.8
-3532.57
-3937.14
-4376.41
-4852.76
-5367.53
-5920.34
-6508.57
-7126.79
-7766.51
-8416.36
-9062.83
7406.24
6866.64
6329.3
5808.33
5314.64
4855.31
4433.94
4051.4
3706.72
3397.82
3122.11
2876.82
2659.26
2466.94
2297.66
2149.5
2020.84
1910.32
1816.86
1739.58
1677.8
1631
1598.72
1580.49
1575.68
1583.3
1601.79
1628.67
1660.43
1692.43
1719.44
1736.61
1740.95
1732.53
1714.4
1691.19
1667.48
1646.45
1629.21
1614.59
1599.33
1578.81
1548.32
1504.69
1447.66
1379.92
1305.95
1230.47
1157.39
1089.23
1026.99
970.165
916.896
864.194
808.403
745.948
674.324
592.873
502.808
406.457
306.343
204.498
102.132
-0.473347
-103.961
-209.871
-320.601
-439.305
-569.622
-715.164
-878.82
-1062.2
-1265.66
-1488.91
-1731.71
-1994.46
-2278.42
-2585.84
-2919.86
-3284.47
-3684.24
-4124.07
-4608.6
-5141.39
-5723.99
-6354.91
-7028.71
-7735.19
-8459.23
-9181.68
7489.6
6870.01
6256.43
5669.74
5124.33
4627.83
4182.43
3786.71
3437.22
3129.64
2859.49
2622.54
2415
2233.59
2075.56
1938.62
1820.94
1721.07
1637.93
1570.77
1519.11
1482.73
1461.6
1455.76
1465.23
1489.64
1527.91
1577.67
1634.62
1692.19
1741.77
1774.49
1784.49
1772.27
1744.6
1711
1680.18
1657.92
1646.21
1643.1
1642.88
1636.94
1615.88
1573.01
1507.85
1426.11
1336.52
1247.43
1165.1
1093.19
1032.93
983.383
941.617
902.823
860.762
808.946
742.716
661.299
567.812
467.229
364.352
262.713
164.31
69.72
-21.7275
-111.884
-203.839
-301.97
-411.727
-538.817
-687.687
-860.014
-1054.74
-1269.67
-1503.05
-1754.43
-2024.99
-2317.4
-2635.78
-2985.58
-3373.5
-3807.21
-4294.73
-4843.3
-5457.79
-6139.22
-6883.21
-7678.21
-8504
-9332.21
7598.73
6864.38
6144.53
5471.41
4863.35
4326.54
3859.17
3455.24
3107.19
2807.39
2548.92
2325.78
2132.99
1966.47
1822.98
1699.91
1595.29
1507.64
1435.93
1379.57
1338.35
1312.44
1302.36
1308.95
1333.19
1375.95
1437.43
1516.21
1607.87
1703.38
1788.32
1845.01
1859.95
1834.2
1783.27
1726.74
1680.49
1654.12
1650.77
1667.4
1694.6
1716.78
1714.77
1673.4
1591.83
1483.57
1366.3
1254.62
1157.78
1080.34
1023.4
985.361
962.019
946.119
927.135
892.667
832.947
747.076
643.005
531.283
420.557
316.251
220.982
135.373
58.634
-11.3192
-78.1935
-147.901
-228.876
-331.106
-462.771
-625.555
-814.707
-1023.84
-1248.39
-1486.75
-1740.01
-2011.47
-2306.34
-2631.7
-2996.7
-3412.7
-3892.77
-4450.06
-5094.96
-5833.16
-6663.96
-7576.54
-8544.89
-9525.38
7745.74
6837.53
5965.01
5179.11
4499.52
3925.04
3444.38
3043.16
2707.54
2425.53
2187.34
1985.19
1813.02
1666.12
1540.88
1434.55
1345.13
1271.16
1211.76
1166.51
1135.48
1119.28
1119.07
1136.65
1174.41
1235.24
1321.97
1436.15
1575.5
1729.72
1875.45
1975.55
1993.95
1932.28
1829.94
1727.58
1652.12
1617.1
1626.48
1676.39
1753.5
1831.39
1870.25
1831.61
1714.19
1553.91
1388.01
1240.39
1122.46
1037.93
986.613
966.138
971.67
993.821
1015.77
1012.72
960.803
859.026
729.189
593.877
467.492
356.757
263.724
188.235
129.209
84.7962
51.5151
22.3775
-15.4343
-81.0218
-193.048
-353.128
-545.894
-755.768
-973.835
-1197.58
-1428.76
-1671.76
-1932.91
-2220.62
-2546.35
-2925.78
-3379.47
-3930.46
-4597.57
-5393.5
-6326.62
-7394.19
-8567.91
-9779.45
7952.74
6758.97
5660.49
4733.48
3984.13
3388.26
2914.98
2536.47
2230.54
1980.43
1773.74
1601.35
1456.58
1334.5
1231.45
1144.8
1072.63
1013.66
967.159
932.897
911.202
903.033
910.126
935.225
982.366
1057.17
1166.93
1319.78
1521.67
1768.18
2028.23
2223.65
2243.15
2088.85
1876.56
1689.61
1565.44
1516.08
1543.78
1646.13
1811.18
2002.14
2137.28
2103.18
1898.2
1632.31
1383.32
1183.34
1039.02
947.671
905.366
909.43
957.351
1041.78
1140.35
1203.08
1160.43
1011.35
823.223
643.588
491.867
371.751
281.179
217.373
178.718
164.861
175.232
205.119
237.974
235.904
145.844
-33.645
-252.452
-475.893
-691.081
-897.659
-1100.44
-1305.88
-1521.15
-1754.74
-2018.57
-2331.83
-2725.92
-3243.52
-3914.46
-4756.08
-5795.41
-7058.62
-8536.05
-10126.9
8263.98
6542.88
5108.78
4031.78
3247.52
2674.78
2249
1925.14
1673.06
1472.71
1310.64
1177.67
1067.41
975.379
898.374
834.13
781.068
738.165
704.881
681.144
667.405
664.765
675.208
702.016
750.435
828.737
949.77
1132.74
1403.5
1787.09
2273.96
2724.98
2742.52
2328.87
1886.59
1561.16
1370.97
1304.04
1353.51
1525.53
1831.49
2253.2
2647.92
2620.73
2169.84
1686.32
1307.98
1046.12
879.236
786.754
757.313
789.532
890.426
1069.33
1316.51
1545.15
1513.25
1219.86
904.994
653.074
470.707
344.181
260.073
210.274
192.497
210.009
270.814
383.546
541.625
679.485
613.465
342.419
47.6428
-207.911
-420.719
-603.194
-768.251
-925.812
-1082.97
-1245.28
-1419.53
-1621.43
-1894.45
-2335.66
-2985.42
-3833.74
-4941.54
-6414.23
-8340.53
-10630.5
8776.63
5913.18
4042.6
2908.34
2206.19
1749.54
1436.13
1210.35
1040.99
909.802
805.59
721.212
651.942
594.571
546.876
507.315
474.837
448.782
428.82
414.961
407.596
407.623
416.692
437.655
475.437
538.73
643.386
819.204
1122.82
1657.18
2571.24
3850.39
3862.7
2609.99
1728.29
1237.91
998.941
924.306
986.737
1211.99
1685.04
2543.02
3766.01
3748.28
2488.4
1588.8
1064.87
772.081
612.286
535.026
520.442
570.711
711.135
998.517
1519.3
2262.36
2242.56
1459.25
896.083
562.374
369.115
255.508
189.543
157.042
155.441
192.789
291.584
496.625
874.319
1416.57
1376.24
752.593
291.219
-1.5032
-194.038
-333.803
-446.843
-546.297
-637.365
-718.582
-780.674
-808.595
-820.756
-1127.47
-1770.35
-2537.63
-3562
-5116.34
-7620.91
-11423.6
9712.53
3853.46
1915.93
1162.5
811.234
617.934
497.021
414.238
353.917
308.001
271.937
242.962
219.308
199.8
183.638
170.273
159.337
150.599
143.952
139.407
137.12
137.443
141.03
149.055
163.68
189.136
234.501
321.606
509.821
980.413
2342.68
6799.89
6804.34
2356.73
1006.42
552.569
390.233
347.163
385.46
541.556
984.219
2307.15
6670.57
6664.39
2288.03
950.271
488.884
306.495
226.463
193.022
190.161
222.047
320.197
591.572
1401.96
4077.98
4071.26
1381.56
556.718
269.405
152.806
98.2184
70.8127
59.303
62.2807
87.0602
159.328
361.027
969.961
2992.42
2978.85
929.005
291.888
60.6122
-43.3537
-102.895
-144.992
-178.848
-205.931
-219.422
-191.028
-18.4872
677.013
564.757
-376.126
-871.231
-1419.14
-2449.93
-5031.65
-12803.5
-9274.76
-9819.23
-10336.8
-10821.9
-11270
-11678.3
-12044.6
-12368.2
-12648.9
-12887.1
-13083.7
-13239.4
-13355.3
-13432.1
-13470.3
-9294.56
-9845.66
-10368.8
-10858.2
-11309.5
-11719.6
-12086.8
-12410.5
-12690.8
-12928.2
-13123.8
-13278.7
-13393.7
-13470
-13507.9
-9334.92
-9899.58
-10434
-10932.1
-11389.4
-11803.2
-12172
-12495.6
-12774.7
-13010.4
-13204.1
-13357
-13470.4
-13545.4
-13582.7
-9397.4
-9983.23
-10535.1
-11046.3
-11512.4
-11931.1
-12301.6
-12624.6
-12901.5
-13134.1
-13324.3
-13474
-13584.8
-13657.9
-13694.2
-9484.61
-10100.3
-10676.3
-11205
-11682.3
-12106.5
-12478.2
-12799.1
-13072
-13299.5
-13484.5
-13629.4
-13736.2
-13806.5
-13841.4
-9600.69
-10256.7
-10864.2
-11414.7
-11904.7
-12333.9
-12704.8
-13021.1
-13287
-13506.8
-13684.1
-13822.1
-13923.4
-13989.8
-14022.8
-9751.96
-10461.2
-11108.4
-11684.4
-12187.1
-12619
-12985.4
-13292.8
-13547.7
-13755.8
-13922.2
-14050.8
-14144.6
-14206
-14236.4
-9948.24
-10727.2
-11423.2
-12027
-12539.8
-12968.9
-13324.4
-13616.5
-13854.4
-14045.9
-14197.4
-14313.5
-14397.7
-14452.5
-14479.6
-10205.2
-11075.7
-11829.5
-12459.9
-12975.5
-13391.9
-13726.1
-13993.5
-14206.7
-14375.5
-14507.2
-14607.3
-14679.4
-14726.1
-14749.1
-10549.2
-11540.3
-12358.7
-13007.1
-13509.7
-13896.3
-14193.9
-14424.1
-14602.8
-14741.4
-14848.1
-14928.3
-14985.7
-15022.8
-15041
-11027
-12177.1
-13057.4
-13699.4
-14159.3
-14489
-14728.5
-14905.4
-15038.1
-15138.6
-15214.7
-15271.3
-15311.6
-15337.5
-15350.2
-11729.6
-13083.1
-13993.5
-14573.3
-14938.2
-15171.3
-15324.9
-15430.1
-15504.8
-15559.4
-15599.9
-15629.8
-15651.1
-15664.7
-15671.4
-12856.7
-14431.6
-15259.6
-15661.3
-15848.1
-15932.3
-15969
-15984.5
-15990.9
-15993.6
-15995.1
-15996.3
-15997.3
-15998.1
-15998.5
-14914.5
-16526.2
-16951.4
-16963.5
-16859.8
-16740
-16633.6
-16547.2
-16479.7
-16428.2
-16389.8
-16362.1
-16343
-16331
-16325.2
-19433.6
-19806.4
-19055.3
-18380.7
-17886.9
-17533.3
-17277.5
-17090.2
-16951.6
-16848.8
-16773.2
-16718.5
-16680.6
-16656.8
-16645.3
13717.5
13719.4
13723.9
13732.3
13746.7
13770.8
13810.3
13874.3
13977.9
14147.1
14430.1
14924.8
15868.2
17986.2
24148.1
13962.1
13966.1
13974.6
13989.1
14011.9
14046.8
14099.7
14180.1
14304
14498.6
14812.9
15338.4
16249.5
17846.8
20296.8
14203.6
14209.1
14220.7
14239.7
14268.3
14309.8
14369.5
14455.4
14580.6
14766.5
15048.4
15483.9
16153.6
17114.7
18153.8
14440.7
14447.3
14461.2
14483.2
14515.2
14559.7
14620.5
14702.9
14814.6
14967.1
15176.9
15466
15854.9
16327.9
16739.4
14672.7
14680.1
14695.4
14719.3
14752.9
14797.9
14856.1
14929.5
15019.8
15127.4
15249.7
15378.5
15497.3
15583.1
15617.8
14899
14907
14923.2
14948.1
14982.3
15026.4
15080.6
15143.9
15212.5
15277
15317.5
15297.2
15162.2
14873.3
14527.3
15119.3
15127.6
15144.4
15169.9
15204.3
15247.4
15298.4
15354.1
15407.5
15442.7
15426.9
15295.2
14933.5
14202.7
13203.5
15333.3
15341.9
15359.1
15385.1
15419.7
15462.5
15512.2
15565.4
15614.5
15643.4
15616.3
15452.2
14960.8
13717.8
11193.1
15540.9
15549.6
15567.3
15593.7
15628.9
15672.4
15723.2
15779
15835.2
15882.4
15900.4
15836.1
15509.3
14122.7
7436.5
15741.8
15750.7
15768.7
15795.7
15831.7
15876.6
15930.1
15991.8
16061.5
16141.2
16241
16401.9
16793.2
18207.4
24890.4
15935.9
15945.1
15963.4
15991
16027.9
16074.4
16130.9
16198.5
16280.3
16385.4
16538.8
16807.1
17366.2
18632.7
21146.4
16123.1
16132.4
16151.1
16179.2
16216.9
16264.8
16323.4
16394.6
16482.3
16595.7
16756.1
17009.8
17447.5
18191.3
19155.6
16303.4
16312.8
16331.7
16360.1
16398.4
16447
16506.7
16578.8
16665.9
16772.8
16908
17084.2
17315.5
17596.2
17842.3
16476.6
16486
16505
16533.7
16572.3
16621.1
16680.9
16752
16835.2
16929.8
17030.8
17119.9
17148.5
17024.5
16707.6
16642.6
16652.1
16671.1
16699.8
16738.4
16787.2
16846.5
16916.3
16996
17081.8
17161.2
17197
17087.1
16586.2
15360.6
16801.6
16811
16829.9
16858.5
16896.9
16945.3
17004.1
17073.3
17152
17237.7
17321.4
17374.7
17296.7
16650.5
13170.3
16953.4
16962.7
16981.5
17009.8
17047.8
17095.8
17154.1
17222.9
17302.7
17394.4
17502
17643.2
17900.2
18682.4
22226.9
17098.1
17107.4
17125.9
17153.8
17191.3
17238.6
17296.1
17364.4
17444.4
17539.5
17658.8
17830.6
18138.4
18795.4
20097.2
17235.9
17245
17263.2
17290.6
17327.3
17373.7
17430.2
17497
17575.3
17667.2
17778.4
17923.1
18133.4
18460.1
18879.5
17366.8
17375.7
17393.4
17420.2
17456.1
17501.4
17556.3
17621.1
17696
17780.9
17874.2
17969.5
18046.9
18059.8
17961.2
17490.9
17499.6
17516.9
17542.9
17577.9
17621.8
17675.1
17737.7
17809.2
17888.2
17968.1
18027.8
18004.6
17736.4
16982.6
17608.5
17616.9
17633.7
17658.9
17692.7
17735.3
17786.8
17847.3
17916.8
17994.3
18075.3
18143.1
18131.9
17749.6
15488.6
17719.7
17727.8
17744
17768.3
17800.9
17841.9
17891.6
17950.1
18018.2
18097.2
18191.1
18312.7
18516.4
19067
21424.8
17824.6
17832.4
17848
17871.4
17902.7
17942
17989.6
18045.7
18111.4
18189.4
18287
18424.8
18659.2
19128.7
20014.7
17923.6
17931.1
17946
17968.5
17998.4
18035.9
18081
18134
18195.5
18267.3
18354.4
18469.2
18638.2
18900.5
19228.3
18016.8
18023.9
18038.2
18059.7
18088.2
18123.8
18166.4
18215.8
18271.7
18334
18402
18475.2
18552
18626.1
18678
18104.3
18111.2
18124.9
18145.3
18172.5
18206.3
18246.4
18292.4
18343.1
18396
18445.5
18478.3
18466.8
18366.7
18172.1
18186.5
18193.1
18206.2
18225.7
18251.6
18283.7
18321.8
18365.1
18412.2
18459.8
18499.8
18511.5
18442.7
18172.2
17539.6
18263.6
18269.9
18282.4
18301
18325.8
18356.5
18392.9
18434.6
18480.4
18528.3
18573.2
18600.1
18558.1
18228.7
16476.4
18335.6
18341.7
18353.6
18371.5
18395.2
18424.7
18459.8
18500.5
18546.5
18598.4
18658.4
18735.8
18872.4
19272.6
21054
18402.9
18408.7
18420.2
18437.3
18460
18488.4
18522.3
18561.9
18607.9
18662.3
18730.8
18829.8
19003.1
19356.7
20028.6
18465.6
18471.1
18482.1
18498.6
18520.4
18547.5
18580.1
18618.3
18662.8
18715.6
18781.5
18871.6
19007.8
19219.1
19478.6
18523.8
18529.1
18539.7
18555.4
18576.3
18602.3
18633.5
18669.7
18711.3
18759.2
18814.8
18880.8
18959.6
19047.5
19117.9
18577.6
18582.7
18592.9
18608.1
18628.1
18653
18682.6
18716.6
18754.8
18796.7
18840.3
18880.5
18904.3
18887.3
18815.2
18627.3
18632.2
18642.1
18656.7
18676
18699.8
18727.9
18760
18795.2
18832.3
18867.5
18890.9
18876.9
18764.6
18471.4
18672.9
18677.7
18687.2
18701.4
18720
18742.9
18769.9
18800.4
18833.7
18868.6
18902.1
18926.7
18917
18767
17933.1
18714.5
18719.2
18728.5
18742.3
18760.4
18782.7
18808.8
18838.3
18870.5
18905.1
18942.4
18985.6
19053.8
19243.8
20088
18752.3
18756.9
18766
18779.5
18797.3
18819.1
18844.7
18873.4
18905
18939.3
18977.7
19026.5
19105.5
19265.6
19575.3
18786.1
18790.7
18799.7
18813.1
18830.7
18852.4
18877.6
18906
18936.9
18969.8
19005.2
19045.8
19100.1
19182.7
19287.1
18816.2
18820.7
18829.8
18843.1
18860.8
18882.4
18907.8
18936.2
18966.7
18998
19028.3
19054.9
19074.5
19083.9
19080.8
18842.4
18847
18856
18869.5
18887.3
18909.3
18935.1
18964.1
18995.2
19026.3
19053.3
19068.1
19055.4
18993
18881.9
18864.9
18869.5
18878.6
18892.2
18910.3
18932.8
18959.6
18990
19023
19056.7
19086.1
19099.7
19070
18935.3
18615.3
18883.5
18888.1
18897.3
18911.1
18929.6
18952.8
18980.7
19013.2
19049.8
19089.5
19129.2
19160.8
19157
19005.5
18135.9
18898.2
18902.8
18912.1
18926.1
18944.9
18968.8
18998.1
19032.9
19073.8
19121.4
19177.3
19245.8
19345.7
19573.7
20477.5
18909
18913.6
18922.9
18937
18956.1
18980.5
19010.9
19047.7
19092.3
19147
19215.9
19308.2
19444.8
19672.1
20041.1
18915.9
18920.5
18929.7
18943.8
18962.9
18987.5
19018.4
19056.4
19103.3
19162
19237.6
19339.2
19480.3
19671.2
19870.7
18918.9
18923.4
18932.5
18946.3
18965.1
18989.5
19020.2
19058.3
19105.3
19164.4
19240.5
19341.9
19480.6
19663.5
19848.6
18918.2
18922.5
18931.2
18944.6
18962.8
18986.5
19016.3
19053.1
19098.4
19154.4
19225.2
19318.1
19449.5
19653.6
19964.9
18913.7
18917.8
18926.1
18938.7
18956
18978.5
19006.7
19041.4
19083.2
19133.5
19193.7
19267
19367.1
19568.5
20307.1
18905.7
18909.5
18917.2
18928.9
18945
18965.9
18992
19023.8
19061.6
19105.1
19152.4
19196.5
19213.7
19109.8
18419
18894.4
18897.8
18904.8
18915.4
18930
18948.9
18972.6
19001.4
19035.2
19073.3
19112.6
19143.9
19143.7
19058
18814
18880
18883
18889.1
18898.4
18911.3
18928
18949
18974.7
19005.1
19040
19077.6
19112.6
19132.4
19115.2
19049.6
18862.8
18865.3
18870.4
18878.3
18889.2
18903.4
18921.5
18944
18971.2
19004.2
19043.8
19091
19146.2
19205.4
19249.5
18843.1
18845.1
18849.1
18855.4
18864
18875.5
18890.3
18909.1
18932.7
18963.1
19003.9
19063.1
19156.5
19305.2
19490.1
18821.3
18822.7
18825.6
18830
18836.2
18844.6
18855.7
18870.1
18888.8
18914
18950.6
19010.8
19127.5
19379.4
19869
18797.9
18798.7
18800.2
18802.6
18806.2
18811.1
18818
18827.3
18839.6
18856.3
18880.1
18918.7
19004
19287.7
20597.8
18773.2
18773.3
18773.5
18773.8
18774.4
18775.7
18778
18781.6
18786.7
18793.1
18798.5
18793.5
18741.8
18482.6
17175
18747.8
18747.2
18745.9
18743.9
18741.5
18738.9
18736.3
18734.1
18732.2
18729.9
18723.4
18699.9
18623.2
18404.9
17925.6
18722.1
18720.8
18717.9
18713.7
18708.1
18701.4
18693.7
18685.5
18677.2
18669
18659.5
18642.7
18602.1
18507.6
18353.5
18696.7
18694.6
18690.3
18683.7
18674.8
18663.8
18650.8
18636.3
18621.4
18608.2
18599.9
18601.2
18617.8
18651
18684.3
18672
18669.2
18663.4
18654.5
18642.3
18626.8
18608.1
18586.7
18563.8
18543.3
18532.8
18548.5
18621.4
18793.8
19048.2
18648.6
18645.1
18637.9
18626.8
18611.4
18591.4
18566.6
18537.1
18504
18470.8
18446.8
18455.4
18555.1
18878.9
19598.9
18626.9
18622.8
18614.4
18601.3
18582.9
18558.6
18527.7
18489.4
18443.4
18391.1
18337.3
18298.4
18332.3
18688.4
20659.7
18607.4
18602.8
18593.4
18578.7
18557.8
18529.7
18493.1
18446.2
18386.6
18311.8
18216.9
18090
17885.2
17375.4
15298.2
18590.2
18585.4
18575.4
18559.6
18536.9
18506.1
18465
18410.9
18339.7
18245.6
18117.8
17935.1
17649.3
17150.2
16306
18575.7
18570.8
18560.7
18544.5
18521.1
18488.8
18445.2
18386.7
18308.1
18202
18056.1
17851.2
17560.5
17164
16738
18563.7
18559.1
18549.3
18533.6
18510.7
18478.7
18434.9
18375.5
18295
18185.3
18034.5
17826.2
17544.5
17197.4
16884.8
18554.3
18550.1
18541.3
18527
18505.8
18476
18434.7
18378.3
18301.3
18196.4
18052
17851.5
17573.3
17206
16825.2
18547.1
18543.6
18536.4
18524.3
18506.3
18480.4
18444.3
18394.5
18326.4
18234
18107.7
17930
17663.2
17223.2
16511.7
18541.4
18539
18533.9
18525.1
18511.5
18491.3
18462.6
18422.4
18367.6
18294.5
18198.3
18069.5
17872.8
17428.3
15714.9
18536.7
18535.6
18533.1
18528.4
18520.3
18507.5
18488
18459.8
18420.8
18370.2
18310.8
18255.4
18253.5
18513.9
20099.8
18531.9
18532.4
18533.1
18533.2
18531.8
18527.5
18518.8
18503.8
18481.2
18451.4
18419.6
18403.3
18451.2
18678.1
19236.6
18526
18528.3
18532.6
18538.3
18544.5
18549.9
18553.1
18552.2
18545.7
18533.1
18516.8
18505.8
18523.9
18610.9
18772.7
18517.7
18522
18530.4
18542.3
18556.9
18573.1
18589.3
18603.7
18613.7
18616.7
18609.3
18587.4
18547.7
18490.9
18432.7
18505.6
18512.2
18525
18543.7
18567.5
18595.4
18626.1
18657.3
18685.9
18706.8
18710.9
18680.5
18582.4
18370.8
18063.9
18488.2
18497.1
18514.7
18540.6
18574.4
18615.1
18661.7
18711.9
18762.5
18807.7
18835.7
18819.6
18695.2
18316
17493.4
18463.9
18475.2
18497.8
18531.4
18575.7
18630.1
18693.9
18765.3
18842
18919.8
18990.3
19033.2
18983.8
18568.4
16363.2
18430.9
18444.7
18472.4
18513.9
18569.1
18637.9
18719.9
18814.3
18919.9
19036
19163.1
19310.1
19525.8
20062.8
22320.2
18387.5
18403.8
18436.6
18486
18552.3
18635.8
18736.5
18854.5
18989.9
19143.9
19321.2
19538.3
19844
20361.4
21249.3
18332
18350.7
18388.5
18445.7
18522.9
18620.8
18740.3
18881.8
19046.1
19234.6
19450.9
19704.3
20014.1
20401.9
20806.4
18262.6
18283.7
18326.1
18390.6
18478.3
18590.2
18727.9
18892.5
19084.7
19305.2
19554
19830.1
20129.3
20430
20655.8
18177.9
18200.9
18247.6
18318.7
18415.9
18541.1
18696.2
18883
19102.8
19355.4
19637.2
19939.3
20242.5
20509.1
20673.5
18076.4
18101.1
18151.2
18227.9
18333.4
18470.3
18641.5
18849.9
19097.5
19384.3
19705.4
20046.7
20380.3
20658.4
20816.8
17956.9
17982.8
18035.4
18116.4
18228.4
18375
18560.2
18788.6
19064.1
19388.7
19758.6
20158.8
20555.6
20889.8
21081.6
17818.8
17845.2
17899.1
17982.6
18098.7
18252
18448.1
18693.7
18995.9
19360.9
19789.9
20272.4
20773.6
21219.1
21491
17661.5
17687.8
17741.6
17825.2
17942.4
18098.5
18300.9
18558.7
18883.3
19287.6
19783.2
20372.1
21029.5
21668.1
22100.5
17485.2
17510.6
17562.6
17643.7
17758.3
17912.3
18114.4
18376.5
18714.6
19150.3
19710.7
20423.5
21297.4
22259.4
23021.7
17290.5
17314.1
17362.5
17438.3
17546
17691.9
17885.6
18140.7
18477.2
18925.6
19531.4
20362.2
21503.1
22988.6
24483.4
17078.7
17099.6
17142.6
17210.1
17306.3
17437.6
17613.3
17847.4
18161.4
18590.6
19195.2
20084.8
21468.5
23710.3
26994.5
16851.7
16869.1
16904.9
16961.2
17041.7
17151.8
17299.8
17497.8
17764.9
18133.2
18660
19463.5
20837.1
23707
31797.4
-32086.6
-23842.6
-20913
-19513.1
-18698.9
-18170
-17804.3
-17542.3
-17350.5
-17208.9
-17104.5
-17029
-16976.5
-16943.4
-16927.4
-27166.4
-23820.6
-21538.7
-20135.1
-19238.5
-18634.7
-18210.7
-17903.9
-17677.7
-17509.7
-17385.2
-17294.7
-17231.5
-17191.5
-17172.1
-24578.9
-23059
-21553.8
-20404.3
-19573.9
-18974.1
-18535
-18208.8
-17964
-17779.6
-17641.8
-17540.7
-17469.8
-17424.7
-17402.8
-23056.1
-22286.3
-21321
-20451.2
-19748.4
-19201.4
-18780.3
-18456.5
-18207.5
-18016.8
-17872.2
-17765.1
-17689.5
-17641.1
-17617.6
-22077.3
-21648.5
-21021.2
-20381.6
-19813.9
-19340.5
-18957.3
-18651.6
-18410.1
-18221.2
-18075.9
-17967.1
-17889.6
-17839.8
-17815.4
-21405.6
-21147.8
-20729.2
-20261.3
-19813.2
-19416.4
-19079.8
-18801.4
-18575.4
-18394.9
-18253.7
-18146.7
-18069.8
-18020.1
-17995.7
-20922.2
-20758.1
-20470.7
-20126.5
-19776.3
-19449.8
-19161.1
-18914.3
-18708.4
-18540.5
-18407.1
-18304.8
-18230.5
-18182.3
-18158.5
-20562.1
-20453.3
-20250.8
-19995.2
-19722.1
-19456.4
-19212.7
-18998
-18814.4
-18661.7
-18538.4
-18442.6
-18372.6
-18326.7
-18304
-20287
-20212.9
-20067.2
-19875.3
-19662.1
-19447
-19243.5
-19059.3
-18898.2
-18761.7
-18649.9
-18562
-18497.2
-18454.4
-18433.2
-20072.6
-20021.5
-19915
-19769.6
-19602.5
-19429
-19260.3
-19103.9
-18964.3
-18844
-18744.1
-18664.8
-18605.7
-18566.6
-18547.1
-19903.2
-19867.9
-19789.2
-19678.1
-19546.9
-19407
-19267.8
-19136.1
-19016.4
-18911.6
-18823.5
-18752.8
-18699.7
-18664.4
-18646.7
-19767.8
-19743.6
-19685.2
-19599.8
-19496.5
-19383.8
-19269.4
-19159.2
-19057.3
-18967
-18890.1
-18827.8
-18780.8
-18749.3
-18733.5
-19658.5
-19642.5
-19599.1
-19533.4
-19451.9
-19361.3
-19267.5
-19175.7
-19089.7
-19012.4
-18945.9
-18891.6
-18850.3
-18822.6
-18808.6
-19569.7
-19559.9
-19527.8
-19477.3
-19413
-19340.2
-19263.6
-19187.5
-19115.2
-19049.6
-18992.6
-18945.7
-18909.9
-18885.6
-18873.4
-19497.1
-19492
-19468.6
-19429.9
-19379.4
-19321
-19258.7
-19195.9
-19135.6
-19080.2
-19031.7
-18991.5
-18960.6
-18939.6
-18929
-19437.6
-19436
-19419.5
-19390.1
-19350.6
-19304
-19253.4
-19201.9
-19151.8
-19105.3
-19064.4
-19030.2
-19003.8
-18985.8
-18976.7
-19388.5
-19389.8
-19378.6
-19356.7
-19326
-19289
-19248.2
-19206.1
-19164.8
-19126.1
-19091.7
-19062.8
-19040.4
-19025.1
-19017.3
-19347.9
-19351.5
-19344.6
-19328.6
-19305.1
-19276
-19243.3
-19209.1
-19175.2
-19143.2
-19114.5
-19090.3
-19071.4
-19058.5
-19051.9
-19314.4
-19319.7
-19316.2
-19305
-19287.4
-19264.7
-19238.8
-19211.3
-19183.6
-19157.3
-19133.6
-19113.4
-19097.6
-19086.8
-19081.2
-19286.6
-19293.3
-19292.6
-19285.3
-19272.4
-19255.1
-19234.7
-19212.8
-19190.5
-19169
-19149.5
-19132.8
-19119.7
-19110.7
-19106.1
-19263.5
-19271.4
-19273
-19268.8
-19259.8
-19246.8
-19231.2
-19213.9
-19196
-19178.6
-19162.7
-19149.1
-19138.3
-19130.9
-19127
-19244.4
-19253.2
-19256.6
-19255
-19249.2
-19239.9
-19228
-19214.6
-19200.5
-19186.6
-19173.8
-19162.7
-19153.9
-19147.8
-19144.7
-19228.5
-19238.1
-19243
-19243.6
-19240.3
-19234
-19225.3
-19215.2
-19204.2
-19193.2
-19183
-19174.1
-19167
-19162
-19159.5
-19215.4
-19225.7
-19231.7
-19234
-19233
-19229
-19223
-19215.5
-19207.2
-19198.7
-19190.6
-19183.6
-19177.9
-19173.9
-19171.8
-19204.7
-19215.4
-19222.5
-19226.2
-19226.8
-19224.9
-19221.1
-19215.8
-19209.6
-19203.1
-19196.9
-19191.4
-19186.9
-19183.7
-19182.1
-19195.9
-19207
-19214.9
-19219.7
-19221.8
-19221.5
-19219.4
-19216
-19211.6
-19206.8
-19202
-19197.8
-19194.3
-19191.8
-19190.5
-19188.8
-19200.2
-19208.7
-19214.5
-19217.7
-19218.8
-19218.1
-19216.1
-19213.1
-19209.7
-19206.2
-19203
-19200.3
-19198.4
-19197.4
-19183.1
-19194.9
-19203.9
-19210.3
-19214.4
-19216.5
-19217
-19216.2
-19214.4
-19212
-19209.5
-19207.2
-19205.2
-19203.7
-19202.9
-19178.8
-19190.7
-19200.1
-19207.1
-19211.9
-19214.8
-19216.1
-19216.2
-19215.3
-19213.8
-19212.1
-19210.4
-19208.9
-19207.8
-19207.2
-19175.6
-19187.6
-19197.3
-19204.7
-19210
-19213.5
-19215.4
-19216.2
-19216
-19215.1
-19214
-19212.8
-19211.7
-19210.9
-19210.4
-19173.4
-19185.6
-19195.4
-19203
-19208.7
-19212.5
-19214.9
-19216.1
-19216.4
-19216
-19215.3
-19214.4
-19213.6
-19213
-19212.6
-19172.3
-19184.5
-19194.4
-19202.1
-19207.9
-19212
-19214.6
-19216
-19216.6
-19216.4
-19216
-19215.4
-19214.7
-19214.2
-19213.9
-19172.1
-19184.3
-19194.2
-19201.9
-19207.7
-19211.7
-19214.4
-19215.9
-19216.5
-19216.5
-19216.1
-19215.6
-19215.1
-19214.6
-19214.4
-19173
-19185.1
-19194.8
-19202.4
-19207.9
-19211.8
-19214.3
-19215.7
-19216.2
-19216.1
-19215.7
-19215.2
-19214.7
-19214.2
-19214
-19174.8
-19186.8
-19196.3
-19203.5
-19208.7
-19212.2
-19214.3
-19215.4
-19215.6
-19215.3
-19214.7
-19214.1
-19213.5
-19213
-19212.7
-19177.8
-19189.6
-19198.7
-19205.4
-19210
-19212.8
-19214.4
-19214.9
-19214.7
-19214
-19213.2
-19212.3
-19211.6
-19211
-19210.6
-19182.1
-19193.5
-19202.1
-19208
-19211.8
-19213.8
-19214.5
-19214.3
-19213.4
-19212.2
-19211
-19209.8
-19208.8
-19208
-19207.7
-19187.9
-19198.9
-19206.6
-19211.5
-19214.1
-19215
-19214.6
-19213.4
-19211.7
-19209.8
-19208
-19206.4
-19205.1
-19204.2
-19203.7
-19195.4
-19205.8
-19212.4
-19215.9
-19217
-19216.3
-19214.6
-19212.2
-19209.5
-19206.7
-19204.3
-19202.2
-19200.5
-19199.4
-19198.8
-19205.2
-19214.7
-19219.8
-19221.4
-19220.4
-19217.8
-19214.3
-19210.5
-19206.5
-19202.8
-19199.6
-19196.9
-19194.9
-19193.5
-19192.7
-19217.7
-19226
-19229
-19227.9
-19224.3
-19219.3
-19213.7
-19208.1
-19202.7
-19197.9
-19193.8
-19190.6
-19188.1
-19186.4
-19185.5
-19234
-19240.4
-19240.2
-19235.6
-19228.5
-19220.5
-19212.4
-19204.8
-19197.9
-19191.9
-19186.9
-19183
-19180
-19178
-19177
-19255.3
-19258.7
-19253.9
-19244.3
-19232.7
-19221
-19210
-19200.3
-19191.7
-19184.5
-19178.6
-19174
-19170.6
-19168.3
-19167.2
-19283.6
-19282.2
-19270.1
-19253.6
-19236.4
-19220.4
-19206.3
-19194.2
-19183.9
-19175.5
-19168.7
-19163.5
-19159.7
-19157.1
-19155.9
-19322.5
-19312.3
-19288.9
-19262.7
-19238.6
-19217.8
-19200.4
-19186.1
-19174.2
-19164.7
-19157.1
-19151.3
-19147.1
-19144.4
-19143
-19377.9
-19350.9
-19309
-19269.8
-19237.7
-19212.1
-19191.8
-19175.5
-19162.3
-19151.8
-19143.6
-19137.4
-19132.9
-19129.9
-19128.5
-19461.6
-19399.1
-19326.6
-19271.4
-19231.6
-19202.2
-19179.6
-19161.9
-19147.8
-19136.7
-19128
-19121.5
-19116.8
-19113.8
-19112.3
-19598.2
-19453.6
-19331.7
-19261.4
-19217.6
-19186.8
-19163.5
-19145.2
-19130.6
-19119.2
-19110.3
-19103.7
-19098.9
-19095.9
-19094.3
-20333
-19491.8
-19300.2
-19232.5
-19193.9
-19165.6
-19143.2
-19125.1
-19110.6
-19099.2
-19090.4
-19083.8
-19079.1
-19076.1
-19074.7
-18420.6
-19078.1
-19181.9
-19182.6
-19162.4
-19139.7
-19119.1
-19101.8
-19087.8
-19076.7
-19068.2
-19061.9
-19057.5
-19054.7
-19053.3
-18814.5
-19048
-19134.7
-19146.3
-19132
-19111.6
-19092.1
-19075.5
-19062.1
-19051.7
-19043.8
-19038
-19034
-19031.5
-19030.2
-19056.1
-19119.2
-19138.8
-19127.4
-19105.2
-19082.2
-19062.3
-19046.3
-19033.8
-19024.2
-19017.2
-19012.2
-19008.8
-19006.7
-19005.6
-19263.8
-19219.9
-19163.8
-19115.4
-19078
-19050
-19029.2
-19013.9
-19002.6
-18994.4
-18988.6
-18984.6
-18982
-18980.4
-18979.6
-19512
-19328.3
-19182.6
-19095
-19043.6
-19012.1
-18991.6
-18977.9
-18968.5
-18962.2
-18958
-18955.4
-18953.7
-18952.8
-18952.3
-19897.8
-19409.5
-19160.5
-19048.7
-18994.8
-18965.8
-18948.7
-18938.2
-18931.7
-18927.8
-18925.7
-18924.7
-18924.3
-18924.1
-18924.1
-20632.6
-19323.7
-19042.6
-18961.4
-18928
-18910.4
-18900.4
-18894.9
-18892.3
-18891.5
-18891.9
-18892.8
-18893.8
-18894.7
-18895.1
-17214.9
-18523.6
-18785.1
-18840.1
-18849.5
-18849.2
-18848.3
-18848.9
-18850.9
-18853.8
-18857
-18860.2
-18862.9
-18864.7
-18865.7
-17969.8
-18450
-18670.2
-18749.8
-18777
-18787.7
-18794.6
-18801.2
-18808.1
-18815
-18821.5
-18827.2
-18831.7
-18834.7
-18836.2
-18401.3
-18556.2
-18652.4
-18695.3
-18715.1
-18728.1
-18740.2
-18752.5
-18764.6
-18775.9
-18786
-18794.3
-18800.7
-18805
-18807.1
-18735.1
-18702.6
-18670.8
-18656.1
-18657.3
-18668.6
-18685
-18703.2
-18720.9
-18737
-18750.8
-18762
-18770.4
-18776
-18778.8
-19101.6
-18847.8
-18676.5
-18605.3
-18591.7
-18604.7
-18627.9
-18653.5
-18677.7
-18699
-18716.8
-18730.9
-18741.4
-18748.3
-18751.7
-19654.5
-18935
-18612.1
-18513.8
-18506.9
-18533
-18568.4
-18603.9
-18635.7
-18662.6
-18684.6
-18701.6
-18714.1
-18722.2
-18726.2
-20717.1
-18746.2
-18390.9
-18358.2
-18398.6
-18454
-18508.2
-18556.1
-18596.4
-18629.1
-18655
-18674.8
-18689.1
-18698.2
-18702.7
-15357.1
-17434.7
-17945.2
-18151
-18279
-18375.3
-18451.7
-18512.9
-18561.5
-18599.6
-18629
-18651.1
-18666.8
-18676.8
-18681.7
-16366.2
-17210.7
-17710.3
-17997
-18180.7
-18309.6
-18405.1
-18477.6
-18533
-18575.4
-18607.4
-18631
-18647.6
-18658.2
-18663.3
-16799.4
-17225.5
-17622.5
-17913.9
-18119.6
-18266.5
-18373.7
-18453.4
-18513
-18557.7
-18590.9
-18615.1
-18632
-18642.5
-18647.6
-16947.1
-17259.8
-17607.4
-17889.6
-18098.5
-18250.1
-18360.7
-18442.2
-18502.5
-18547.1
-18580
-18603.6
-18619.8
-18630
-18634.8
-16888.2
-17269.2
-17636.8
-17915.5
-18116.5
-18261.5
-18367.2
-18445
-18502.1
-18544.1
-18574.6
-18596.4
-18611.1
-18620.3
-18624.6
-16575.5
-17287.1
-17727.3
-17994.4
-18172.6
-18299.5
-18392.5
-18461.1
-18511.6
-18548.3
-18574.7
-18593.2
-18605.6
-18613.1
-18616.7
-15779.3
-17492.7
-17937.4
-18134.4
-18263.6
-18360.2
-18433.8
-18489.1
-18529.8
-18559
-18579.5
-18593.5
-18602.6
-18608
-18610.5
-20164.6
-18578.8
-18318.5
-18320.7
-18376.4
-18436.1
-18487.1
-18526.5
-18555.1
-18574.9
-18588.1
-18596.4
-18601.4
-18604.1
-18605.2
-19301.9
-18743.4
-18516.7
-18469
-18485.4
-18517.5
-18547.5
-18570.4
-18585.7
-18594.7
-18599.3
-18600.9
-18601
-18600.4
-18600
-18838.5
-18676.7
-18589.7
-18571.8
-18582.8
-18599.4
-18612.2
-18618.9
-18619.9
-18616.9
-18611.7
-18605.7
-18600.2
-18595.9
-18593.6
-18498.9
-18557
-18613.8
-18653.6
-18675.6
-18683.1
-18680.3
-18670.3
-18656.1
-18639.9
-18623.9
-18609.4
-18597.6
-18589.3
-18585
-18130.4
-18437.3
-18648.9
-18747
-18777.5
-18773.3
-18752.4
-18723.9
-18692.8
-18662.1
-18634.2
-18610.5
-18591.9
-18579.1
-18572.5
-17560.3
-18382.9
-18762
-18886.4
-18902.5
-18874.4
-18829.1
-18778.5
-18728.2
-18681.7
-18640.9
-18607.2
-18581.3
-18563.7
-18554.8
-16430.5
-18635.7
-19051
-19100.3
-19057.2
-18986.6
-18908.7
-18831.9
-18760.3
-18696.5
-18642
-18597.7
-18564
-18541.4
-18530.1
-22388
-20130.4
-19593.4
-19377.5
-19230.3
-19103
-18986.7
-18880.8
-18786.2
-18704.1
-18635.2
-18579.9
-18538.3
-18510.6
-18496.7
-21317.5
-20429.5
-19911.9
-19606
-19388.6
-19210.9
-19056.6
-18921
-18802.7
-18701.8
-18618.2
-18551.7
-18502.2
-18469.4
-18453
-20875.2
-20470.5
-20082.5
-19772.3
-19518.5
-19301.8
-19112.9
-18948.2
-18806.4
-18686.6
-18588.4
-18511
-18453.7
-18415.9
-18397.1
-20725.3
-20499.2
-20198.1
-19898.5
-19621.8
-19372.5
-19151.5
-18958.8
-18793.8
-18655.8
-18543.5
-18455.6
-18390.9
-18348.4
-18327.3
-20743.8
-20579.1
-20311.9
-20008.1
-19705.2
-19422.7
-19169.6
-18949.2
-18761.8
-18606.3
-18480.8
-18383.3
-18312
-18265.2
-18242.1
-20888.1
-20729.2
-20450.4
-20116
-19773.7
-19451.7
-19164.1
-18915.8
-18706.8
-18535.2
-18397.9
-18292.1
-18215.1
-18164.9
-18140.1
-21154.1
-20961.7
-20626.5
-20228.5
-19827.1
-19456.1
-19130.6
-18854.2
-18625.2
-18439.4
-18292.4
-18180.1
-18098.8
-18046.1
-18020.1
-21565.2
-21292.4
-20845.5
-20342.6
-19858.5
-19428.2
-19062.1
-18759
-18512.6
-18315.9
-18162.1
-18045.6
-17962
-17907.9
-17881.4
-22177.1
-21743.2
-21102.3
-20442.8
-19851.8
-19354.7
-18949.1
-18623.4
-18364.8
-18161.9
-18005.2
-17887.6
-17803.8
-17749.8
-17723.4
-23101.6
-22336.7
-21371.3
-20494.4
-19779.1
-19216.9
-18779.7
-18440.5
-18177.7
-17974.9
-17820.4
-17705.5
-17624
-17571.9
-17546.4
-24568.6
-23068.5
-21577.8
-20433
-19599.3
-18991.4
-18541.5
-18203.8
-17948
-17753.7
-17607.3
-17499.3
-17423.2
-17374.6
-17351
-27088.6
-23792.8
-21543.2
-20154.7
-19261.9
-18655.3
-18224.7
-17909.5
-17674.7
-17498.5
-17366.8
-17270.2
-17202.4
-17159.3
-17138.4
-31908.4
-23789.6
-20909.6
-19531.2
-18724.9
-18196.3
-17826.8
-17558.7
-17360.1
-17211.7
-17101.2
-17020.4
-16963.8
-16927.9
-16910.5
16587.9
16600.6
16626.8
16668.1
16727.1
16807.8
16915.9
17059.5
17250.8
17508
17859.1
18343.6
18998.4
19714.5
19292.8
16286.4
16293.3
16307.4
16329.7
16361.3
16404.2
16460.5
16532.6
16622.8
16731.3
16850.7
16950.4
16930.4
16495.4
14882.6
15977
15977.6
15978.9
15980.8
15983.3
15986.2
15988.1
15986.6
15975.5
15942.5
15861.1
15676
15276.2
14453.1
12893.2
15666
15660.3
15648.6
15630.3
15604.1
15568
15518.4
15449
15349.3
15201.2
14973.9
14615.5
14044.2
13146.8
11814.5
15359.7
15348
15324.1
15286.7
15233.9
15162.5
15067.4
14940.7
14770.4
14538.3
14216.9
13767
13137.6
12274.4
11147.8
15064.2
15047
15012
14957.6
14881.4
14779.7
14646.9
14475
14252.6
13963.8
13587.5
13097.2
12464
11664.6
10697.5
14784.9
14762.9
14718.3
14649.4
14553.6
14427.2
14264.7
14059
13800.2
13476
13071.3
12569.6
11955.7
11221.7
10375.1
14526.6
14500.6
14448
14367.1
14255.5
14109.7
13924.9
13695.1
13412.4
13067.8
12651.3
12153.3
11566.7
10890.9
10135.2
14293.3
14264.1
14205.1
14114.7
13990.8
13830.4
13629.4
13383.1
13085.6
12730.7
12312.2
11824.8
11266.3
10639.2
9952.63
14088.3
14056.6
13992.6
13894.9
13761.8
13590.7
13378.4
13121.4
12815.5
12456.5
12041
11566.7
11033.9
10446.3
9812.38
13914.2
13880.6
13812.8
13709.7
13569.9
13391.3
13171.4
12907.8
12597.5
12238.1
11827.9
11366.5
10855.4
10299.1
9705.06
13773
13737.9
13667.3
13560.4
13415.9
13232.2
13007.5
12740
12427.9
12069.8
11665.3
11215.1
10721.6
10189.2
9624.6
13665.9
13629.8
13557.4
13447.9
13300.3
13113.3
12885.6
12616
12303.4
11947.2
11547.7
11106.3
10625.9
10110.7
9567.07
13594
13557.4
13483.8
13372.6
13223.1
13034.2
12804.9
12534.2
12221.7
11867.1
11471.3
11036
10564.2
10060.2
9529.96
13557.9
13521
13446.8
13334.9
13184.5
12994.8
12764.7
12493.6
12181.2
11827.6
11433.7
11001.4
10533.9
10035.5
9511.76
12703.8
5025.28
2486.77
1499.98
1040
786.755
628.103
519.156
439.385
378.224
329.698
290.164
257.277
229.456
205.593
184.894
166.77
150.775
136.565
123.871
112.477
102.207
92.9184
84.4899
76.8205
69.8237
63.4251
57.5599
52.171
47.2083
42.6269
38.3865
34.4507
30.7865
27.3637
24.1542
21.1325
18.2744
15.5575
12.9605
10.4632
8.04624
5.69104
3.37948
1.09381
-1.18347
-3.46982
-5.78276
-8.14003
-10.5598
-13.0606
-15.6619
-18.384
-21.248
-24.2766
-27.4938
-30.9255
-34.5996
-38.5464
-42.7991
-47.3942
-52.3721
-57.7778
-63.6617
-70.0809
-77.1005
-84.7952
-93.2517
-102.572
-112.876
-124.309
-137.046
-151.304
-167.354
-185.54
-206.311
-230.255
-258.173
-291.174
-330.844
-379.539
-440.912
-520.961
-630.288
-789.491
-1043.61
-1505.2
-2495.44
-5042.82
-12748.1
11422.6
7674.01
5225.65
3741.25
2822.21
2224.01
1812.7
1515.43
1291.33
1116.46
976.122
860.904
764.523
682.651
612.212
550.965
497.233
449.744
407.505
369.734
335.804
305.204
277.51
252.371
229.488
208.605
189.503
171.99
155.896
141.073
127.387
114.718
102.959
92.0102
81.7819
72.1909
63.1605
54.6189
46.4989
38.7371
31.2731
24.0493
17.0099
10.1009
3.2693
-3.53728
-10.3709
-17.2841
-24.3296
-31.5618
-39.0364
-46.811
-54.9463
-63.5057
-72.5565
-82.1707
-92.4254
-103.404
-115.196
-127.902
-141.629
-156.497
-172.641
-190.21
-209.374
-230.325
-253.283
-278.506
-306.292
-336.995
-371.04
-408.939
-451.321
-498.974
-552.889
-614.348
-685.03
-767.185
-863.9
-979.517
-1120.34
-1295.81
-1520.69
-1819
-2231.74
-2832.03
-3754.28
-5243.85
-7700.75
-11462.4
10697.1
8449.92
6576.1
5168.2
4142.25
3391.99
2832.97
2406.23
2072.3
1804.89
1586.32
1404.46
1250.83
1119.34
1005.56
906.176
818.678
741.123
671.984
610.044
554.317
503.995
458.407
416.989
379.26
344.81
313.282
284.365
257.782
233.291
210.674
189.734
170.294
152.191
135.277
119.416
104.481
90.3528
76.9217
64.0824
51.7353
39.7852
28.14
16.7103
5.40852
-5.85187
-17.157
-28.5935
-40.249
-52.213
-64.5775
-77.438
-90.8944
-105.052
-120.021
-135.92
-152.877
-171.029
-190.524
-211.525
-234.21
-258.776
-285.441
-314.451
-346.081
-380.643
-418.495
-460.051
-505.792
-556.283
-612.198
-674.349
-743.723
-821.544
-909.342
-1009.07
-1123.24
-1255.18
-1409.35
-1591.84
-1811.17
-2079.5
-2414.59
-2842.82
-3403.78
-4156.65
-5186.18
-6598.99
-8479.34
-10734.4
10241.5
8687.6
7255.21
6044.83
5065.02
4284.38
3662.58
3163.25
2757.35
2422.89
2143.56
1907.3
1705.16
1530.46
1378.11
1244.22
1125.75
1020.34
926.056
841.368
765.012
695.939
633.271
576.266
524.288
476.786
433.283
393.358
356.64
322.797
291.533
262.579
235.691
210.649
187.248
165.3
144.631
125.078
106.487
88.7148
71.6228
55.0795
38.958
23.1344
7.48778
-8.10162
-23.7529
-39.5859
-55.7217
-72.284
-89.4002
-107.202
-125.828
-145.422
-166.138
-188.139
-211.6
-236.709
-263.672
-292.711
-324.069
-358.015
-394.848
-434.899
-478.543
-526.199
-578.349
-635.543
-698.419
-767.725
-844.34
-929.314
-1023.92
-1129.7
-1248.56
-1382.92
-1535.79
-1711.1
-1913.93
-2151.01
-2431.31
-2766.93
-3174.24
-3675.31
-4299.27
-5082.63
-6065.85
-7280.45
-8717.82
-10277.1
9928.81
8749.86
7614.18
6589.06
5700.7
4947.76
4315.61
3785.52
3339.35
2961.36
2638.64
2360.87
2119.89
1909.29
1723.99
1559.96
1413.98
1283.45
1166.25
1060.64
965.171
878.614
799.942
728.27
662.835
602.974
548.104
497.71
451.335
408.57
369.046
332.43
298.417
266.731
237.115
209.333
183.166
158.409
134.868
112.362
90.7154
69.7632
49.3443
29.3023
9.48411
-10.2617
-30.0858
-50.1397
-70.5767
-91.5531
-113.23
-135.774
-159.359
-184.167
-210.394
-238.243
-267.935
-299.707
-333.815
-370.537
-410.18
-453.075
-499.595
-550.149
-605.196
-665.252
-730.902
-802.811
-881.746
-968.594
-1064.39
-1170.36
-1287.95
-1418.93
-1565.41
-1730
-1915.95
-2127.28
-2369.08
-2647.81
-2971.65
-3350.95
-3798.68
-4330.61
-4964.95
-5720.5
-6611.95
-7640.64
-8780.27
-9963.32
9700.71
8749.26
7813.48
6935.96
6141.01
5436.9
4821.41
4286.73
3822.95
3420.05
3068.83
2761.31
2490.76
2251.57
2039.13
1849.61
1679.86
1527.29
1389.69
1265.26
1152.43
1049.88
956.482
871.247
793.316
721.938
656.444
596.243
540.804
489.65
442.35
398.511
357.775
319.814
284.325
251.028
219.66
189.978
161.751
134.762
108.803
83.6746
59.1847
35.1461
11.3755
-12.3083
-36.086
-60.1389
-84.6504
-109.808
-135.804
-162.838
-191.117
-220.861
-252.299
-285.678
-321.258
-359.321
-400.171
-444.137
-491.579
-542.89
-598.502
-658.894
-724.598
-796.209
-874.395
-959.914
-1053.62
-1156.52
-1269.73
-1394.59
-1532.65
-1685.74
-1856.07
-2046.24
-2259.42
-2499.43
-2770.92
-3079.49
-3431.93
-3836.23
-4301.62
-4838.15
-5455.78
-6162.33
-6960.06
-7840.63
-8779.66
-9734.41
9527.5
8725.55
7928.39
7163.56
6450.1
5798.11
5210.55
4685.58
4218.67
3804.1
3435.89
3108.35
2816.31
2555.21
2321.12
2110.66
1920.92
1749.45
1594.1
1453.08
1324.81
1207.91
1101.21
1003.65
914.313
832.381
757.122
687.882
624.069
565.151
510.641
460.098
413.115
369.318
328.362
289.927
253.713
219.439
186.842
155.672
125.688
96.6614
68.3713
40.6018
13.1414
-14.2191
-41.6878
-69.4738
-97.7887
-126.848
-156.875
-188.097
-220.755
-255.1
-291.396
-329.924
-370.985
-414.9
-462.015
-512.705
-567.377
-626.476
-690.487
-759.948
-835.449
-917.647
-1007.28
-1105.16
-1212.22
-1329.51
-1458.21
-1599.72
-1755.59
-1927.65
-2118.04
-2329.23
-2564.12
-2826.11
-3119.16
-3447.84
-3817.32
-4233.33
-4701.86
-5228.65
-5818.25
-6472.5
-7188.44
-7955.93
-8755.86
-9560.58
9392.69
8694.42
7996.25
7316.75
6670.28
6066.2
5509.23
5000.52
4538.76
4121.15
3744.18
3404.08
3097.11
2819.8
2568.96
2341.73
2135.58
1948.26
1777.8
1622.46
1480.71
1351.19
1232.69
1124.15
1024.59
933.163
849.087
771.661
700.247
634.267
573.19
516.53
463.84
414.707
368.749
325.609
284.955
246.473
209.868
174.862
141.185
108.582
76.8041
45.6099
14.7623
-15.9732
-46.83
-78.0427
-109.848
-142.489
-176.213
-211.278
-247.951
-286.513
-327.259
-370.504
-416.58
-465.845
-518.682
-575.507
-636.766
-702.948
-774.584
-852.256
-936.603
-1028.33
-1128.21
-1237.12
-1356.01
-1485.96
-1628.19
-1784.05
-1955.09
-2143.05
-2349.92
-2577.93
-2829.63
-3107.89
-3415.92
-3757.2
-4135.47
-4554.52
-5017.88
-5528.36
-6087.26
-6693.43
-7342.14
-8024
-8724.6
-9425.29
9286.44
8662.61
8036.74
7421.9
6829.01
6266.06
5738.07
5247.55
4794.97
4379.44
3999.16
3651.86
3335.02
3046.1
2782.63
2542.31
2322.97
2122.66
1939.6
1772.17
1618.91
1478.51
1349.78
1231.63
1123.1
1023.3
931.423
846.732
768.558
696.283
629.341
567.212
509.413
455.499
405.055
357.692
313.05
270.787
230.581
192.125
155.128
119.307
84.3916
50.1162
16.2208
-17.5515
-51.457
-85.7528
-120.699
-156.561
-193.611
-232.13
-272.412
-314.762
-359.505
-406.982
-457.556
-511.616
-569.576
-631.886
-699.027
-771.523
-849.941
-934.899
-1027.07
-1127.2
-1236.08
-1354.62
-1483.78
-1624.66
-1778.43
-1946.43
-2130.12
-2331.11
-2551.19
-2792.35
-3056.72
-3346.63
-3664.56
-4013.06
-4394.64
-4811.61
-5265.75
-5757.99
-6287.8
-6852.71
-7447.65
-8064.62
-8692.66
-9318.66
9202.54
8633.22
8060.82
7495.01
6944.22
6415.16
5912.63
5439.6
4997.53
4586.68
4206.42
3855.55
3532.52
3235.55
2962.82
2712.5
2482.82
2272.11
2078.78
1901.36
1738.5
1588.94
1451.52
1325.19
1208.97
1101.96
1003.35
912.369
828.325
750.575
678.524
611.623
549.362
491.267
436.896
385.836
337.7
292.123
248.758
207.277
167.366
128.721
91.052
54.0719
17.5012
-18.9371
-55.5188
-92.5209
-130.223
-168.912
-208.88
-250.429
-293.875
-339.548
-387.792
-438.975
-493.485
-551.737
-614.172
-681.267
-753.533
-831.521
-915.826
-1007.1
-1106.03
-1213.38
-1329.98
-1456.73
-1594.61
-1744.67
-1908.08
-2086.1
-2280.08
-2491.52
-2721.98
-2973.16
-3246.83
-3544.82
-3868.97
-4221.04
-4602.61
-5014.88
-5458.47
-5933.14
-6437.42
-6968.31
-7521
-8088.78
-8663.16
-9234.46
9136.94
8607.73
8074.93
7546
7027.7
6525.68
6044.33
5586.74
5154.84
4749.58
4371.09
4018.94
3692.25
3389.89
3110.54
2852.79
2615.21
2396.38
2194.91
2009.47
1838.83
1681.78
1537.22
1404.11
1281.5
1168.48
1064.22
967.959
878.977
796.612
720.248
649.313
583.276
521.64
463.941
409.746
358.645
310.254
264.206
220.155
177.768
136.724
96.714
57.4348
18.5896
-20.1151
-58.9719
-98.2744
-138.32
-179.411
-221.858
-265.982
-312.115
-360.607
-411.823
-466.15
-523.996
-585.798
-652.02
-723.16
-799.752
-882.369
-971.628
-1068.19
-1172.78
-1286.17
-1409.19
-1542.73
-1687.78
-1845.35
-2016.58
-2202.63
-2404.79
-2624.37
-2862.76
-3121.39
-3401.71
-3705.11
-4032.92
-4386.29
-4766.08
-5172.74
-5606.13
-6065.3
-6548.32
-7052.08
-7572.17
-8102.93
-8637.58
-9168.62
9086.94
8586.87
8082.95
7581.23
7087.3
6606.04
6141.43
5696.53
5273.49
4873.62
4497.56
4145.39
3816.73
3510.89
3226.96
2963.86
2720.44
2495.49
2287.8
2096.17
1919.46
1756.52
1606.32
1467.83
1340.12
1222.29
1113.51
1013.01
920.047
833.958
754.108
679.911
610.816
546.311
485.913
429.174
375.666
324.99
276.763
230.624
186.225
143.23
101.317
60.1688
19.4745
-21.0728
-61.7793
-102.952
-144.902
-187.946
-232.408
-278.623
-326.94
-377.722
-431.35
-488.227
-548.779
-613.458
-682.746
-757.158
-837.245
-923.597
-1016.85
-1117.67
-1226.8
-1345.01
-1473.14
-1612.09
-1762.79
-1926.27
-2103.58
-2295.86
-2504.25
-2729.97
-2974.22
-3238.22
-3523.13
-3830.01
-4159.81
-4513.2
-4890.55
-5291.8
-5716.31
-6162.74
-6628.95
-7111.88
-7607.53
-8110.99
-8616.65
-9118.44
9050.75
8571.03
8087.32
7604.77
7128.22
6662
6209.77
5774.5
5358.42
4963.07
4589.37
4237.73
3908.11
3600.14
3313.18
3046.42
2798.9
2569.59
2357.42
2161.28
1980.11
1812.84
1658.45
1515.96
1384.43
1263
1150.82
1047.12
951.165
862.266
779.783
703.118
631.709
565.03
502.589
443.92
388.587
336.177
286.297
238.573
192.646
148.171
104.813
62.2451
20.1465
-21.8001
-63.9112
-106.504
-149.901
-194.427
-240.418
-288.221
-338.195
-390.713
-446.171
-504.982
-567.583
-634.441
-706.05
-782.937
-865.665
-954.836
-1051.09
-1155.12
-1267.66
-1389.49
-1521.44
-1664.4
-1819.31
-1987.14
-2168.92
-2365.72
-2578.61
-2808.7
-3057.06
-3324.74
-3612.67
-3921.7
-4252.46
-4605.32
-4980.31
-5377.02
-5794.54
-6231.31
-6685.1
-7152.95
-7631.15
-8115.36
-8600.74
-9082.13
9027.2
8560.39
8089.52
7619.21
7153.84
6697.38
6253.31
5824.49
5413.18
5021.03
4649.13
4298.09
3968.06
3658.89
3370.11
3101.08
2850.97
2618.86
2403.78
2204.71
2020.62
1850.49
1693.33
1548.18
1414.13
1290.3
1175.86
1070.02
972.059
881.279
797.032
718.713
645.751
577.614
513.799
453.834
397.275
343.7
292.708
243.919
196.965
151.494
107.164
63.6415
20.5985
-22.2893
-65.3452
-108.893
-153.262
-198.786
-245.806
-294.676
-345.763
-399.449
-456.136
-516.245
-580.224
-648.544
-721.71
-800.256
-884.754
-975.811
-1074.08
-1180.25
-1295.06
-1419.29
-1553.79
-1699.41
-1857.09
-2027.79
-2212.5
-2412.25
-2628.06
-2860.95
-3111.91
-3381.86
-3671.63
-3981.86
-4313.02
-4665.28
-5038.46
-5431.96
-5844.69
-6275
-6720.61
-7178.64
-7645.63
-8117.57
-8590.06
-9058.5
9015.6
8555.05
8090.42
7626.08
7166.17
6714.52
6274.49
5848.9
5440.01
5049.52
4678.59
4327.91
3997.75
3688.04
3398.41
3128.29
2876.92
2643.45
2426.95
2226.43
2040.89
1869.34
1710.81
1564.34
1429.03
1304
1188.42
1081.52
982.551
890.828
805.696
726.547
652.806
583.936
519.432
458.817
401.641
347.481
295.931
246.606
199.135
153.164
108.346
64.3434
20.8257
-22.5352
-66.066
-110.094
-154.952
-200.976
-248.513
-297.92
-349.567
-403.839
-461.144
-521.905
-586.575
-655.63
-729.577
-808.955
-894.34
-986.343
-1085.62
-1192.86
-1308.81
-1434.24
-1570
-1716.95
-1876.02
-2048.14
-2234.3
-2435.5
-2652.73
-2886.99
-3139.21
-3410.26
-3700.88
-4011.65
-4342.94
-4694.83
-5067.04
-5458.88
-5869.19
-6296.25
-6737.81
-7191.02
-7652.52
-8118.47
-8584.71
-9046.86
-19360.1
-19783.2
-19064.6
-18407.4
-17921.2
-17569
-17310.8
-17118.8
-16974.8
-16866.4
-16785.5
-16726.3
-16684.8
-16658.5
-16645.7
-14934.4
-16552.8
-16989.3
-17009.4
-16909.3
-16789.5
-16680.6
-16590.1
-16517.7
-16461.3
-16418.4
-16386.6
-16364.2
-16350
-16343.1
-12938.1
-14503.4
-15329.3
-15730.6
-15916.2
-15998
-16031.1
-16042.1
-16043.8
-16041.8
-16039
-16036.4
-16034.5
-16033.2
-16032.6
-11855.6
-13192.5
-14093.1
-14666.4
-15026
-15254.1
-15402.6
-15502.7
-15572.3
-15622.2
-15658.5
-15684.7
-15703.1
-15714.8
-15720.5
-11186.6
-12317.1
-13183.3
-13814.9
-14266.3
-14588.8
-14821.8
-14992.6
-15119.7
-15215.2
-15286.9
-15339.9
-15377.3
-15401.4
-15413.1
-10734.7
-11705.1
-12507.3
-13142.7
-13634.7
-14012.3
-14302.1
-14525.3
-14697.8
-14831.1
-14933.2
-15009.6
-15064.1
-15099.3
-15116.5
-10411.1
-11260.7
-11997.2
-12613.2
-13116.7
-13522.8
-13848.1
-14107.8
-14314.3
-14477.3
-14604.2
-14700.3
-14769.4
-14814.2
-14836.2
-10170.4
-10928.7
-11606.9
-12195.5
-12695.3
-13113.2
-13458.9
-13742.6
-13973.3
-14158.7
-14305
-14417
-14498.2
-14551
-14577
-9987.16
-10676.1
-11305.4
-11865.8
-12354.9
-12774.9
-13131
-13429.5
-13676.7
-13878.4
-14039.4
-14163.7
-14254.4
-14313.6
-14342.9
-9846.42
-10482.5
-11072.1
-11606.8
-12082.8
-12499.7
-12859.9
-13166.9
-13424.8
-13637.8
-13809.5
-13943.1
-14041.1
-14105.4
-14137.2
-9738.71
-10334.9
-10893.1
-11405.9
-11868.9
-12280.6
-12641.2
-12952.5
-13217.1
-13437.7
-13616.9
-13757.2
-13860.7
-13928.8
-13962.5
-9657.97
-10224.5
-10758.7
-11254
-11705.7
-12111.6
-12470.9
-12784.1
-13052.6
-13278.1
-13462.4
-13607.4
-13714.7
-13785.6
-13820.7
-9600.24
-10145.8
-10662.7
-11144.8
-11587.7
-11988.6
-12346
-12659.7
-12930.3
-13158.7
-13346.4
-13494.5
-13604.4
-13677.1
-13713.3
-9563
-10095.1
-10600.8
-11074.2
-11511
-11908.2
-12264
-12577.7
-12849.3
-13079.4
-13268.9
-13419
-13530.5
-13604.4
-13641.2
-9544.73
-10070.3
-10570.4
-11039.5
-11473.3
-11868.6
-12223.4
-12536.9
-12808.9
-13039.8
-13230.2
-13381.2
-13493.5
-13567.9
-13604.9
)
;

boundaryField
{
    hot
    {
        type            calculated;
        value           nonuniform List<scalar> 
120
(
10777.9
10807.6
10866.8
10955.1
11072.1
11216.9
11388.3
11584.9
11804.6
12045.2
12303.6
12576.6
12860.6
13151.8
13446.6
13717
13961.2
14202.2
14439
14670.8
14897
15117.2
15331.2
15538.7
15739.5
15933.6
16120.8
16301
16474.2
16640.3
16799.2
16951
17095.8
17233.6
17364.6
17488.8
17606.4
17717.7
17822.7
17921.7
18015
18102.6
18184.9
18262
18334.1
18401.5
18464.2
18522.4
18576.3
18626.1
18671.7
18713.4
18751.1
18785
18815.1
18841.3
18863.7
18882.3
18897
18907.8
18914.7
18917.8
18917.1
18912.7
18904.8
18893.5
18879.2
18862.1
18842.6
18821
18797.7
18773.2
18748
18722.5
18697.2
18672.8
18649.5
18628
18608.5
18591.4
18576.9
18564.9
18555.3
18547.9
18542
18536.9
18531.7
18525.4
18516.6
18504
18486
18461
18427.4
18383.4
18327.3
18257.4
18172.1
18070.2
17950.5
17812.2
17655
17478.9
17284.7
17073.6
16847.4
16584.8
16284.7
15976.8
15667.4
15362.6
15068.4
14790.3
14533
14300.6
14096.2
13922.6
13781.7
13674.9
13603.1
13567.1
)
;
    }
    cold
    {
        type            calculated;
        value           nonuniform List<scalar> 
120
(
-13479.9
-13517.4
-13592.1
-13703.3
-13850.1
-14030.9
-14243.9
-14486.3
-14754.8
-15045.5
-15353.4
-15673
-15998.6
-16323.8
-16642.4
-16923.4
-17167.3
-17397.3
-17611.8
-17809.4
-17989.7
-18152.5
-18298.4
-18428
-18542.2
-18642.3
-18729.5
-18805.1
-18870.3
-18926.4
-18974.4
-19015.3
-19050.2
-19079.8
-19104.9
-19126.1
-19143.9
-19158.8
-19171.3
-19181.6
-19190.2
-19197.1
-19202.7
-19207
-19210.3
-19212.5
-19213.9
-19214.3
-19213.9
-19212.7
-19210.6
-19207.5
-19203.6
-19198.6
-19192.5
-19185.3
-19176.8
-19166.9
-19155.5
-19142.6
-19128.1
-19111.9
-19094
-19074.3
-19052.9
-19029.9
-19005.4
-18979.4
-18952.2
-18924.1
-18895.2
-18865.9
-18836.6
-18807.7
-18779.5
-18752.5
-18727.2
-18703.8
-18682.9
-18664.5
-18648.9
-18636
-18625.7
-18617.5
-18611
-18605.4
-18599.8
-18593
-18583.9
-18570.9
-18552.5
-18527.2
-18493.3
-18448.9
-18392.4
-18322.1
-18236.4
-18134
-18013.7
-17874.8
-17716.9
-17540.1
-17345.1
-17133.2
-16906.2
-16642.6
-16341.4
-16032.4
-15721.9
-15416
-15120.8
-14841.7
-14583.5
-14350.2
-14145.2
-13970.9
-13829.5
-13722.3
-13650.3
-13614.2
)
;
    }
    interface_left
    {
        type            calculated;
        value           nonuniform List<scalar> 
90
(
28818.3
21729.9
18636.7
16899.4
15621
14366.3
12679.2
9550.18
1872.39
30446.6
22777.6
19655.6
17938.6
16505.2
14526
10244.5
25163.6
20945.2
19099.2
17880.2
16453
13571.4
23365.4
20583
19396.4
18694.5
18056.2
17113.6
15005.4
22526.9
20460
19609.9
19143.3
18765.7
18269.4
17230.8
20786.5
19775.7
19341.1
19076.1
18817.5
18399.5
17401.8
21214.9
20266
19961.8
19931.2
20150.1
20903.8
17829.4
18643.6
19005.2
19264.1
19583.9
20185.1
21684.9
16082
17606.4
18264.7
18697.1
19185.9
20078
22321.6
13599.5
15783.5
16538
16758.6
16650.3
16078.1
14323.5
21447.5
19617.2
18867.9
18406.7
17897.3
16949.1
14513
24176.1
21803.8
20995.3
20735.4
20720
20857.4
21131.2
21566.3
22234.4
23297.8
25152
28886.6
37900.4
)
;
    }
    interface_right
    {
        type            calculated;
        value           nonuniform List<scalar> 
90
(
-38301.6
-29094
-25259.8
-23336.5
-22211.3
-21477.8
-20964.5
-20588
-20303.1
-20082.5
-19908.9
-19770.5
-19659
-19568.6
-19494.9
-19434.4
-19384.6
-19343.5
-19309.4
-19281.3
-19257.9
-19238.5
-19222.5
-19209.2
-19198.3
-19189.4
-19182.3
-19176.6
-19172.2
-19168.9
-19166.8
-19165.6
-19165.5
-19166.3
-19168.2
-19171.3
-19175.6
-19181.5
-19189.2
-19199.2
-19212.1
-19228.9
-19251
-19280.9
-19322.7
-19384.4
-19483.9
-19665
-21027.7
-17858
-18651.7
-19013.8
-19278.7
-19605.7
-20213.6
-21719.3
-16121.5
-17650.3
-18312.3
-18747.8
-19239.2
-20133.4
-22378.9
-13658.3
-15843.7
-16599.2
-16820.8
-16713.3
-16141.8
-14387.8
-21512.3
-19682.5
-18933.6
-18472.8
-17963.8
-17016
-14580.4
-24243.9
-21872
-21064.1
-20804.9
-20790.3
-20928.8
-21203.9
-21640.8
-22311.4
-23378.7
-25239.5
-28987.3
-38032.8
)
;
    }
    interface_top
    {
        type            calculated;
        value           nonuniform List<scalar> 
90
(
12703.8
5025.28
2486.77
1499.98
1040
786.755
628.103
519.156
439.385
378.224
329.698
290.164
257.277
229.456
205.593
184.894
166.77
150.775
136.565
123.871
112.477
102.207
92.9184
84.4899
76.8205
69.8237
63.4251
57.5599
52.171
47.2083
42.6269
38.3865
34.4507
30.7865
27.3637
24.1542
21.1325
18.2744
15.5575
12.9605
10.4632
8.04624
5.69104
3.37948
1.09381
-1.18347
-3.46982
-5.78276
-8.14003
-10.5598
-13.0606
-15.6619
-18.384
-21.248
-24.2766
-27.4938
-30.9255
-34.5996
-38.5464
-42.7991
-47.3942
-52.3721
-57.7778
-63.6617
-70.0809
-77.1005
-84.7952
-93.2517
-102.572
-112.876
-124.309
-137.046
-151.304
-167.354
-185.54
-206.311
-230.255
-258.173
-291.174
-330.844
-379.539
-440.912
-520.961
-630.288
-789.491
-1043.61
-1505.2
-2495.44
-5042.82
-12748.1
)
;
    }
    interface_bottom
    {
        type            calculated;
        value           nonuniform List<scalar> 
90
(
9712.53
3853.46
1915.93
1162.5
811.234
617.934
497.021
414.238
353.917
308.001
271.937
242.962
219.308
199.8
183.638
170.273
159.337
150.599
143.952
139.407
137.12
137.443
141.03
149.055
163.68
189.136
234.501
321.606
509.821
980.413
2342.68
6799.89
6804.34
2356.73
1006.42
552.569
390.233
347.163
385.46
541.556
984.219
2307.15
6670.57
6664.39
2288.03
950.271
488.884
306.495
226.463
193.022
190.161
222.047
320.197
591.572
1401.96
4077.98
4071.26
1381.56
556.718
269.405
152.806
98.2184
70.8127
59.303
62.2807
87.0602
159.328
361.027
969.961
2992.42
2978.85
929.005
291.888
60.6122
-43.3537
-102.895
-144.992
-178.848
-205.931
-219.422
-191.028
-18.4872
677.013
564.757
-376.126
-871.231
-1419.14
-2449.93
-5031.65
-12803.5
)
;
    }
    defaultFaces
    {
        type            empty;
    }
}


// ************************************************************************* //
