/*--------------------------------*- C++ -*----------------------------------*\
| =========                 |                                                 |
| \\      /  F ield         | OpenFOAM: The Open Source CFD Toolbox           |
|  \\    /   O peration     | Version:  5.x                                   |
|   \\  /    A nd           | Web:      www.OpenFOAM.org                      |
|    \\/     M anipulation  |                                                 |
\*---------------------------------------------------------------------------*/
FoamFile
{
    version     2.0;
    format      ascii;
    class       volScalarField;
    location    "1.7";
    object      T;
}
// * * * * * * * * * * * * * * * * * * * * * * * * * * * * * * * * * * * * * //

dimensions      [0 0 0 1 0 0 0];

internalField   nonuniform List<scalar> 
6300
(
63.8897
171.518
278.693
385.108
490.456
594.424
696.695
796.948
894.861
990.116
1082.4
1171.42
1256.9
1338.59
1416.29
64.038
171.964
279.438
386.157
491.813
596.093
698.679
799.248
897.476
993.038
1085.62
1174.9
1260.62
1342.51
1420.36
64.3339
172.853
280.926
388.251
494.522
599.426
702.645
803.851
902.713
998.895
1092.07
1181.9
1268.11
1350.4
1428.56
64.7757
174.181
283.148
391.38
498.573
604.417
708.589
810.759
910.585
1007.72
1101.8
1192.48
1279.44
1362.36
1440.99
65.3605
175.94
286.092
395.528
503.95
611.048
716.502
819.973
921.107
1019.53
1114.87
1206.73
1294.74
1378.54
1457.84
66.0843
178.117
289.739
400.672
510.625
619.296
726.363
831.484
934.292
1034.39
1131.37
1224.78
1314.19
1399.17
1479.36
66.9415
180.696
294.063
406.776
518.558
629.116
738.134
845.268
950.138
1052.33
1151.37
1246.77
1338
1424.53
1505.89
67.9243
183.654
299.025
413.791
527.691
640.447
751.755
861.274
968.62
1073.35
1174.96
1272.87
1366.43
1454.99
1537.91
69.0232
186.963
304.58
421.651
537.942
653.195
767.127
879.412
989.671
1097.45
1202.19
1303.24
1399.81
1491.03
1576.01
70.2258
190.585
310.665
430.273
549.204
667.233
784.108
899.535
1013.16
1124.52
1233.06
1338.03
1438.48
1533.24
1621.03
71.518
194.478
317.209
439.552
561.34
682.392
802.5
921.42
1038.84
1154.37
1267.44
1377.27
1482.75
1582.34
1674.12
72.883
198.591
324.124
449.364
574.187
698.462
822.042
944.755
1066.38
1186.62
1305
1420.81
1532.84
1639.17
1736.92
74.3029
202.869
331.318
459.572
587.555
715.193
842.411
969.131
1095.26
1220.65
1345.08
1468.05
1588.56
1704.51
1811.79
75.7591
207.256
338.691
470.029
601.24
732.309
863.238
994.053
1124.81
1255.6
1386.54
1517.68
1648.76
1778.44
1902.11
77.2331
211.695
346.147
480.589
615.038
749.53
884.137
1018.98
1154.28
1290.35
1427.74
1567.29
1710.27
1858.3
2011.27
1483.73
1542.1
1597.51
1649.96
1699.48
1746.13
1789.98
1831.14
1869.73
1905.88
1939.72
1971.4
2001.08
2028.91
2055.04
2079.61
2102.77
2124.65
2145.4
2165.14
2183.99
2202.05
2219.43
2236.23
2252.53
2268.41
2283.92
2299.13
2314.08
2328.79
2343.31
2357.63
2371.77
2385.73
2399.51
2413.09
2426.47
2439.62
2452.53
2465.18
2477.55
2489.62
2501.35
2512.73
2523.71
2534.29
2544.42
2554.08
2563.26
2571.91
2580.02
2587.57
2594.53
2600.87
2606.57
2611.58
2615.88
2619.42
2622.17
2624.07
2625.08
2625.15
2624.21
2622.22
2619.09
2614.77
2609.16
2602.18
2593.73
2583.71
2571.99
2558.47
2542.99
2525.44
2505.65
2483.47
2458.75
2431.31
2401
2367.64
2331.06
2291.1
2247.61
2200.43
2149.45
2094.57
2035.68
1972.77
1905.79
1834.79
1487.88
1546.29
1601.69
1654.1
1703.53
1750.06
1793.77
1834.76
1873.16
1909.1
1942.73
1974.19
2003.65
2031.26
2057.17
2081.54
2104.49
2126.19
2146.76
2166.32
2185
2202.92
2220.17
2236.84
2253.03
2268.81
2284.25
2299.39
2314.29
2328.97
2343.46
2357.78
2371.92
2385.88
2399.67
2413.27
2426.67
2439.84
2452.78
2465.47
2477.87
2489.98
2501.75
2513.16
2524.19
2534.8
2544.97
2554.67
2563.87
2572.56
2580.71
2588.3
2595.3
2601.68
2607.42
2612.49
2616.84
2620.44
2623.25
2625.23
2626.31
2626.46
2625.62
2623.72
2620.7
2616.49
2611.01
2604.17
2595.87
2586.01
2574.48
2561.14
2545.87
2528.53
2508.96
2487.02
2462.53
2435.34
2405.27
2372.15
2335.81
2296.08
2252.79
2205.81
2154.98
2100.21
2041.4
1978.5
1911.5
1840.42
1496.25
1554.73
1610.12
1662.43
1711.69
1757.98
1801.38
1842.02
1880.03
1915.56
1948.75
1979.78
2008.79
2035.96
2061.44
2085.38
2107.94
2129.25
2149.44
2168.66
2187.02
2204.64
2221.61
2238.04
2254.02
2269.61
2284.89
2299.9
2314.7
2329.32
2343.76
2358.06
2372.2
2386.18
2399.99
2413.63
2427.06
2440.29
2453.29
2466.04
2478.51
2490.69
2502.54
2514.03
2525.14
2535.83
2546.07
2555.84
2565.12
2573.87
2582.09
2589.75
2596.82
2603.29
2609.13
2614.29
2618.76
2622.48
2625.42
2627.53
2628.77
2629.08
2628.41
2626.7
2623.9
2619.92
2614.69
2608.13
2600.14
2590.61
2579.44
2566.48
2551.62
2534.7
2515.58
2494.1
2470.09
2443.39
2413.82
2381.19
2345.33
2306.06
2263.2
2216.6
2166.09
2111.56
2052.9
1990.06
1923
1851.75
1508.95
1567.54
1622.91
1675.06
1724.05
1769.95
1812.89
1852.98
1890.39
1925.28
1957.81
1988.16
2016.5
2043
2067.82
2091.13
2113.07
2133.79
2153.44
2172.14
2190.01
2207.17
2223.73
2239.79
2255.44
2270.74
2285.78
2300.61
2315.27
2329.78
2344.17
2358.44
2372.59
2386.59
2400.45
2414.14
2427.65
2440.95
2454.04
2466.88
2479.46
2491.75
2503.72
2515.34
2526.57
2537.38
2547.73
2557.61
2566.98
2575.83
2584.15
2591.91
2599.1
2605.69
2611.66
2616.98
2621.62
2625.52
2628.66
2630.98
2632.43
2632.98
2632.57
2631.15
2628.65
2625.01
2620.17
2614.02
2606.49
2597.46
2586.82
2574.45
2560.19
2543.92
2525.48
2504.7
2481.42
2455.46
2426.64
2394.77
2359.65
2321.09
2278.9
2232.89
2182.89
2128.74
2070.33
2007.57
1940.44
1868.93
1526.18
1584.92
1640.24
1692.17
1740.76
1786.12
1828.39
1867.72
1904.29
1938.29
1969.91
1999.33
2026.75
2052.34
2076.28
2098.73
2119.85
2139.79
2158.69
2176.69
2193.91
2210.46
2226.47
2242.03
2257.23
2272.16
2286.88
2301.45
2315.92
2330.32
2344.64
2358.89
2373.05
2387.11
2401.04
2414.81
2428.4
2441.81
2455.01
2467.98
2480.7
2493.15
2505.29
2517.08
2528.48
2539.45
2549.96
2559.97
2569.47
2578.44
2586.88
2594.77
2602.1
2608.86
2615.01
2620.54
2625.4
2629.55
2632.94
2635.53
2637.28
2638.14
2638.07
2637.01
2634.92
2631.73
2627.38
2621.79
2614.87
2606.51
2596.59
2584.98
2571.55
2556.15
2538.61
2518.78
2496.48
2471.53
2443.73
2412.9
2378.81
2341.24
2299.99
2254.82
2205.54
2151.96
2093.91
2031.3
1964.07
1892.22
1548.2
1607.13
1662.39
1714
1762.04
1806.66
1848.02
1886.33
1921.8
1954.64
1985.07
2013.3
2039.53
2063.97
2086.78
2108.15
2128.23
2147.18
2165.14
2182.26
2198.65
2214.44
2229.74
2244.66
2259.3
2273.75
2288.07
2302.33
2316.58
2330.83
2345.09
2359.35
2373.56
2387.7
2401.73
2415.61
2429.32
2442.85
2456.18
2469.31
2482.22
2494.88
2507.24
2519.27
2530.89
2542.08
2552.77
2562.95
2572.59
2581.7
2590.27
2598.31
2605.81
2612.76
2619.14
2624.93
2630.07
2634.53
2638.25
2641.18
2643.28
2644.52
2644.85
2644.23
2642.63
2639.99
2636.26
2631.35
2625.19
2617.67
2608.66
2598.03
2585.63
2571.31
2554.92
2536.29
2515.23
2491.56
2465.09
2435.59
2402.85
2366.6
2326.59
2282.57
2234.28
2181.48
2123.97
2061.59
1994.26
1921.96
1575.39
1634.57
1689.72
1740.88
1788.17
1831.8
1871.97
1908.95
1942.99
1974.36
2003.3
2030.04
2054.81
2077.82
2099.26
2119.31
2138.13
2155.89
2172.71
2188.76
2204.15
2219.01
2233.45
2247.6
2261.55
2275.4
2289.24
2303.13
2317.11
2331.22
2345.44
2359.74
2374.06
2388.34
2402.51
2416.53
2430.37
2444.04
2457.53
2470.85
2483.98
2496.9
2509.56
2521.9
2533.82
2545.28
2556.2
2566.57
2576.37
2585.61
2594.31
2602.5
2610.18
2617.35
2624.01
2630.11
2635.61
2640.45
2644.56
2647.89
2650.41
2652.07
2652.86
2652.75
2651.7
2649.7
2646.69
2642.6
2637.36
2630.84
2622.93
2613.48
2602.34
2589.35
2574.34
2557.16
2537.61
2515.52
2490.68
2462.86
2431.8
2397.24
2358.86
2316.36
2269.41
2217.69
2160.93
2098.91
2031.49
1958.64
1608.26
1667.74
1722.7
1773.23
1819.51
1861.8
1900.43
1935.7
1967.95
1997.48
2024.58
2049.52
2072.53
2093.84
2113.65
2132.13
2149.47
2165.81
2181.31
2196.09
2210.3
2224.06
2237.49
2250.7
2263.83
2276.96
2290.22
2303.66
2317.36
2331.33
2345.57
2359.99
2374.51
2389.01
2403.39
2417.58
2431.57
2445.37
2459.01
2472.53
2485.92
2499.18
2512.24
2524.99
2537.31
2549.11
2560.31
2570.88
2580.82
2590.17
2598.98
2607.29
2615.14
2622.57
2629.55
2636.04
2641.98
2647.28
2651.86
2655.66
2658.64
2660.77
2662.04
2662.47
2662.04
2660.74
2658.54
2655.39
2651.22
2645.9
2639.3
2631.25
2621.59
2610.16
2596.78
2581.3
2563.54
2543.32
2520.44
2494.66
2465.7
2433.25
2396.96
2356.44
2311.27
2261.04
2205.36
2143.9
2076.44
2002.91
1647.49
1707.33
1761.99
1811.61
1856.49
1897.01
1933.62
1966.72
1996.73
2024.01
2048.89
2071.67
2092.6
2111.92
2129.82
2146.51
2162.13
2176.86
2190.82
2204.16
2217
2229.47
2241.71
2253.83
2265.97
2278.25
2290.8
2303.72
2317.1
2330.96
2345.3
2359.99
2374.87
2389.73
2404.41
2418.81
2432.93
2446.81
2460.56
2474.25
2487.94
2501.63
2515.23
2528.56
2541.44
2553.69
2565.21
2575.97
2586
2595.39
2604.22
2612.6
2620.61
2628.3
2635.66
2642.64
2649.14
2655.02
2660.16
2664.49
2667.95
2670.56
2672.33
2673.3
2673.49
2672.93
2671.63
2669.54
2666.59
2662.68
2657.61
2651.21
2643.28
2633.63
2622.12
2608.58
2592.88
2574.83
2554.26
2530.9
2504.5
2474.68
2441.04
2403.1
2360.32
2312.14
2258
2197.42
2130.03
2055.68
1694.04
1754.31
1808.45
1856.72
1899.64
1937.78
1971.75
2002.1
2029.33
2053.89
2076.12
2096.37
2114.89
2131.92
2147.66
2162.3
2175.99
2188.89
2201.12
2212.82
2224.11
2235.13
2245.99
2256.83
2267.8
2279.05
2290.74
2303.01
2316.01
2329.81
2344.4
2359.61
2375.15
2390.61
2405.72
2420.33
2434.49
2448.34
2462.06
2475.85
2489.85
2504.1
2518.47
2532.68
2546.36
2559.21
2571.08
2581.98
2591.99
2601.28
2610
2618.33
2626.42
2634.37
2642.19
2649.82
2657.07
2663.7
2669.52
2674.42
2678.37
2681.43
2683.64
2685.11
2685.9
2686.09
2685.71
2684.78
2683.25
2680.97
2677.73
2673.26
2667.3
2659.68
2650.24
2638.87
2625.46
2609.87
2591.93
2571.43
2548.07
2521.49
2491.19
2456.61
2417.03
2371.69
2319.81
2260.63
2193.53
2118.21
1749.29
1810.05
1863.25
1909.47
1949.57
1984.46
2014.99
2041.87
2065.71
2086.99
2106.13
2123.45
2139.22
2153.67
2166.99
2179.35
2190.9
2201.77
2212.08
2221.96
2231.52
2240.89
2250.18
2259.54
2269.12
2279.11
2289.71
2301.15
2313.65
2327.4
2342.48
2358.66
2375.4
2391.89
2407.61
2422.39
2436.4
2449.93
2463.35
2477.04
2491.29
2506.26
2521.81
2537.43
2552.34
2566
2578.24
2589.14
2598.91
2607.84
2616.21
2624.29
2632.31
2640.48
2648.88
2657.41
2665.76
2673.42
2680.07
2685.58
2689.97
2693.37
2695.92
2697.76
2699.05
2699.92
2700.47
2700.78
2700.84
2700.52
2699.49
2697.3
2693.6
2688.2
2681.01
2671.97
2661.05
2648.16
2633.19
2615.94
2596.18
2573.51
2547.41
2517.18
2481.9
2440.55
2392.01
2335.11
2268.78
2192.31
1815.37
1876.59
1928.02
1970.94
2006.91
2037.34
2063.38
2085.92
2105.65
2123.1
2138.66
2152.66
2165.35
2176.93
2187.59
2197.46
2206.67
2215.34
2223.56
2231.46
2239.11
2246.64
2254.16
2261.81
2269.75
2278.18
2287.37
2297.63
2309.37
2322.99
2338.84
2356.8
2375.9
2394.18
2410.71
2425.46
2438.87
2451.55
2464.14
2477.28
2491.57
2507.47
2524.94
2543.09
2560
2574.72
2587.2
2597.78
2606.92
2615.1
2622.72
2630.19
2637.88
2646.14
2655.24
2665.15
2675.29
2684.49
2692.15
2698.21
2702.87
2706.41
2709.07
2711.09
2712.69
2714.07
2715.44
2716.99
2718.86
2720.96
2722.79
2723.39
2722.23
2719.18
2714.3
2707.66
2699.34
2689.32
2677.57
2663.97
2648.33
2630.33
2609.46
2584.89
2555.4
2519.65
2476.14
2423.06
2358.49
2280.8
1895.88
1957.17
2004.93
2042.31
2072.12
2096.44
2116.7
2133.92
2148.79
2161.8
2173.33
2183.65
2192.96
2201.44
2209.22
2216.41
2223.12
2229.43
2235.42
2241.18
2246.77
2252.3
2257.85
2263.55
2269.55
2276.06
2283.37
2291.89
2302.25
2315.28
2332.03
2353.18
2377.45
2398.89
2416.26
2430.33
2442.28
2453.18
2464.01
2475.74
2489.44
2506.27
2526.99
2550.4
2570.67
2586.56
2598.78
2608.36
2616.21
2623.02
2629.33
2635.64
2642.48
2650.48
2660.31
2672.42
2686.06
2697.64
2706.39
2712.72
2717.27
2720.57
2723.01
2724.9
2726.52
2728.11
2730.02
2732.63
2736.41
2741.65
2747.73
2751.88
2753.44
2752.67
2749.97
2745.66
2739.92
2732.86
2724.49
2714.81
2703.74
2691.15
2676.71
2659.57
2637.79
2609.82
2573.89
2527.46
2466.99
2388.45
1998.13
2057.12
2096.68
2124.5
2145.16
2161.26
2174.31
2185.2
2194.49
2202.55
2209.65
2215.98
2221.67
2226.84
2231.58
2235.96
2240.04
2243.87
2247.52
2251.02
2254.43
2257.81
2261.22
2264.76
2268.52
2272.68
2277.5
2283.4
2291.15
2302.12
2318.77
2344.97
2382.94
2409.35
2426.44
2438.15
2447.08
2454.8
2462.48
2471.25
2482.68
2499.33
2525.06
2562.1
2587.54
2603.57
2614.02
2621.32
2626.88
2631.53
2635.8
2640.2
2645.31
2652.05
2661.95
2677.37
2699.66
2714.75
2723.98
2729.68
2733.35
2735.84
2737.61
2739
2740.23
2741.59
2743.44
2746.45
2751.72
2761.02
2775.33
2783.95
2787.87
2788.81
2787.85
2785.57
2782.28
2778.13
2773.18
2767.5
2761.2
2754.49
2747.73
2740.81
2728.94
2711.31
2686.64
2651.94
2601.37
2524.93
2141.04
2184.94
2205.26
2216.87
2224.64
2230.39
2234.94
2238.68
2241.84
2244.58
2246.98
2249.11
2251.02
2252.76
2254.35
2255.82
2257.19
2258.48
2259.7
2260.88
2262.03
2263.16
2264.32
2265.51
2266.8
2268.24
2269.95
2272.15
2275.31
2280.65
2291.65
2319.69
2404.98
2433.1
2444.26
2449.87
2453.47
2456.38
2459.26
2462.8
2468.29
2479.2
2506.74
2590.38
2617.81
2628.51
2633.65
2636.66
2638.76
2640.44
2641.97
2643.61
2645.67
2648.94
2655.53
2672.31
2723.5
2740.16
2746.53
2749.44
2751.02
2751.99
2752.65
2753.17
2753.64
2754.21
2755.09
2756.86
2761.11
2773.03
2810.98
2822.67
2826.47
2827.54
2827.48
2826.82
2825.76
2824.4
2822.78
2820.97
2819.12
2817.78
2818.82
2829.07
2828.23
2822.8
2813.71
2799.15
2772.88
2715.29
1752.33
1656.8
1555.94
1450.06
1339.5
1224.66
1105.94
983.766
858.573
730.787
600.83
469.114
336.041
202.007
67.3994
1757.8
1662.04
1560.89
1454.66
1343.72
1228.47
1109.33
986.737
861.123
732.922
602.559
470.446
336.986
202.571
67.5869
1768.83
1672.59
1570.83
1463.91
1352.19
1236.12
1116.13
992.679
866.217
737.184
606.008
473.103
338.869
203.695
67.9603
1785.54
1688.56
1585.88
1477.86
1364.95
1247.61
1126.33
1001.58
873.838
743.551
611.156
477.064
341.675
205.368
68.5165
1808.18
1710.17
1606.17
1496.64
1382.07
1262.99
1139.94
1013.43
883.958
751.991
617.968
482.301
345.38
207.577
69.2504
1837.06
1737.66
1631.92
1520.38
1403.63
1282.29
1156.95
1028.19
896.528
762.449
626.393
488.768
349.951
210.3
70.1547
1872.62
1771.42
1663.4
1549.25
1429.71
1305.51
1177.33
1045.8
911.471
774.844
636.355
496.4
355.34
213.508
71.2195
1915.46
1811.9
1700.92
1583.43
1460.38
1332.64
1201
1066.15
928.67
789.062
647.751
505.114
361.482
217.16
72.4315
1966.37
1859.7
1744.86
1623.11
1495.66
1363.6
1227.82
1089.08
947.953
804.941
660.443
514.796
368.297
221.209
73.7742
2026.43
1915.57
1795.63
1668.39
1535.48
1398.2
1257.56
1114.32
969.076
822.267
674.248
525.306
375.683
225.592
75.2273
2097.13
1980.43
1853.59
1719.28
1579.6
1436.09
1289.82
1141.52
991.714
840.762
688.943
536.469
383.517
230.237
76.7668
2180.6
2055.31
1918.94
1775.44
1627.47
1476.68
1324.05
1170.18
1015.44
860.083
704.256
548.084
391.659
235.063
78.3652
2279.95
2141.18
1991.31
1835.99
1678.09
1519.02
1359.44
1199.64
1039.75
879.825
719.88
559.923
399.954
239.977
79.9929
2399.58
2238.03
2069.06
1899
1729.79
1561.81
1394.99
1229.13
1064.04
899.541
735.48
571.744
408.238
244.885
81.6188
2543.9
2342.2
2147.78
1961.09
1780.16
1603.35
1429.5
1257.8
1087.69
918.769
750.718
583.306
416.348
249.693
83.2122
78.5852
215.765
352.974
490.243
627.619
765.177
903.035
1041.38
1180.52
1320.94
1463.46
1609.54
1761.96
1926.91
2121.68
79.8059
219.437
359.128
498.929
638.91
779.167
919.846
1061.16
1203.45
1347.24
1493.42
1643.5
1800.19
1968.49
2157.13
81.011
223.06
365.192
507.474
649.987
792.84
936.183
1080.23
1225.29
1371.84
1520.62
1672.81
1830.3
1995.88
2172.59
82.1952
226.618
371.142
515.841
660.806
806.146
952.001
1098.56
1246.06
1394.85
1545.4
1698.39
1854.72
2015.48
2181.28
83.3542
230.099
376.957
524.008
671.343
819.066
967.301
1116.19
1265.89
1416.58
1568.44
1721.58
1876.01
2031.53
2187.67
84.4852
233.495
382.625
531.959
681.587
831.605
982.116
1133.22
1284.99
1437.47
1590.53
1743.82
1896.48
2047.06
2193.94
85.5862
236.8
388.139
539.689
691.538
843.775
996.486
1149.74
1303.57
1457.89
1612.42
1766.43
1918.33
2065.1
2202.38
86.6559
240.011
393.494
547.193
701.196
855.587
1010.45
1165.83
1321.75
1478.12
1634.62
1790.45
1943.67
2089.66
2218.02
87.6933
243.124
398.686
554.469
710.56
867.046
1024.01
1181.51
1339.59
1498.21
1657.24
1816.22
1973.96
2126.41
2256.41
88.6975
246.138
403.712
561.512
719.627
878.147
1037.16
1196.75
1357
1517.98
1679.82
1842.8
2007.86
2178.66
2372.01
89.668
249.05
408.569
568.318
728.388
888.876
1049.88
1211.49
1373.85
1537.1
1701.55
1867.87
2037.7
2215.2
2410.35
90.6041
251.859
413.253
574.881
736.837
899.219
1062.13
1225.69
1390.02
1555.33
1721.94
1890.46
2062.13
2239.4
2425.96
91.5052
254.563
417.761
581.196
744.964
909.165
1073.9
1239.3
1405.48
1572.62
1740.94
1910.78
2082.62
2257.09
2434.55
92.371
257.16
422.092
587.261
752.766
918.706
1085.19
1252.32
1420.23
1589.03
1758.83
1929.64
2101.22
2272.61
2441.71
93.2013
259.651
426.244
593.074
760.24
927.842
1095.98
1264.77
1434.31
1604.69
1775.95
1947.92
2119.89
2289.66
2451.61
93.996
262.035
430.216
598.634
767.386
936.572
1106.29
1276.65
1447.76
1619.69
1792.51
1966.12
2140.01
2312.06
2473.02
94.7551
264.312
434.01
603.942
774.206
944.899
1116.12
1287.98
1460.58
1634.03
1808.47
1984.07
2161.33
2342.08
2534.98
95.479
266.483
437.626
609.001
780.702
952.826
1125.47
1298.75
1472.76
1647.64
1823.55
2000.81
2180.16
2363.58
2556.07
96.1681
268.55
441.067
613.813
786.878
960.359
1134.35
1308.96
1484.29
1660.47
1837.64
2016.04
2196.1
2378.7
2565.3
96.8228
270.513
444.336
618.382
792.74
967.504
1142.77
1318.63
1495.19
1672.55
1850.81
2030.04
2210.2
2390.97
2571.4
97.4439
272.375
447.436
622.713
798.294
974.27
1150.73
1327.77
1505.48
1683.96
1863.25
2043.32
2223.8
2403.41
2578.53
98.0321
274.138
450.37
626.812
803.548
980.666
1158.25
1336.4
1515.2
1694.74
1875.09
2056.24
2237.95
2418.88
2592.94
98.5883
275.805
453.144
630.685
808.511
986.704
1165.35
1344.54
1524.35
1704.9
1886.3
2068.72
2252.55
2439.05
2633.89
99.1134
277.379
455.762
634.34
813.191
992.395
1172.03
1352.19
1532.95
1714.41
1896.73
2080.15
2265.23
2453.34
2647.8
99.6086
278.863
458.23
637.784
817.6
997.752
1178.32
1359.37
1541
1723.28
1906.34
2090.37
2275.73
2463.13
2653.74
100.075
280.26
460.553
641.025
821.747
1002.79
1184.22
1366.12
1548.54
1731.55
1915.22
2099.59
2284.72
2470.63
2657.25
100.513
281.574
462.737
644.071
825.643
1007.52
1189.77
1372.45
1555.62
1739.31
1923.54
2108.22
2293.1
2477.56
2660.44
100.924
282.806
464.786
646.93
829.301
1011.96
1194.98
1378.4
1562.28
1746.64
1931.47
2116.64
2301.71
2485.49
2665.15
101.31
283.962
466.707
649.609
832.728
1016.12
1199.86
1383.98
1568.55
1753.59
1939.12
2125.06
2311.12
2496.22
2675.69
101.671
285.042
468.504
652.115
835.934
1020.02
1204.43
1389.22
1574.44
1760.15
1946.41
2133.31
2321.12
2510.76
2706.57
102.007
286.051
470.181
654.454
838.927
1023.66
1208.69
1394.1
1579.93
1766.26
1953.18
2140.88
2329.77
2520.94
2716.91
102.321
286.991
471.743
656.633
841.714
1027.04
1212.66
1398.64
1585.03
1771.9
1959.34
2147.53
2336.78
2527.68
2721.16
102.612
287.863
473.194
658.656
844.302
1030.18
1216.35
1402.85
1589.74
1777.08
1964.93
2153.37
2342.54
2532.57
2723.49
102.882
288.671
474.537
660.529
846.698
1033.09
1219.76
1406.74
1594.09
1781.84
1970.02
2158.65
2347.63
2536.73
2725.38
103.13
289.416
475.775
662.257
848.909
1035.78
1222.9
1410.33
1598.1
1786.24
1974.75
2163.59
2352.57
2541.13
2727.86
103.358
290.1
476.913
663.844
850.94
1038.24
1225.8
1413.64
1601.81
1790.32
1979.18
2168.36
2357.71
2546.7
2733.05
103.567
290.724
477.951
665.294
852.797
1040.5
1228.45
1416.68
1605.22
1794.09
1983.32
2172.94
2363.03
2554.01
2747.91
103.756
291.29
478.893
666.609
854.483
1042.56
1230.87
1419.45
1608.33
1797.55
1987.12
2177.1
2367.65
2559.21
2752.96
103.925
291.798
479.739
667.792
856.001
1044.41
1233.05
1421.96
1611.17
1800.7
1990.57
2180.8
2371.48
2562.8
2755.13
104.075
292.249
480.49
668.844
857.353
1046.06
1235
1424.21
1613.72
1803.55
1993.68
2184.11
2374.78
2565.6
2756.46
104.207
292.642
481.147
669.763
858.537
1047.51
1236.72
1426.21
1616.01
1806.12
1996.53
2187.18
2377.89
2568.29
2757.75
104.319
292.979
481.708
670.551
859.552
1048.76
1238.21
1427.95
1618.01
1808.41
1999.14
2190.13
2381.14
2571.53
2759.84
104.412
293.258
482.173
671.203
860.395
1049.8
1239.45
1429.41
1619.72
1810.41
2001.51
2192.99
2384.72
2576.13
2764.83
104.485
293.478
482.541
671.72
861.063
1050.62
1240.44
1430.58
1621.1
1812.06
2003.53
2195.6
2388.44
2582.52
2779.92
104.539
293.64
482.811
672.099
861.551
1051.22
1241.16
1431.44
1622.12
1813.28
2005.06
2197.6
2391.22
2586.5
2784.66
104.574
293.744
482.983
672.338
861.858
1051.6
1241.61
1431.96
1622.74
1814.03
2005.98
2198.78
2392.76
2588.39
2786.18
104.589
293.79
483.058
672.439
861.983
1051.74
1241.77
1432.15
1622.94
1814.25
2006.23
2199.06
2393.07
2588.68
2786.34
104.585
293.778
483.036
672.403
861.927
1051.66
1241.66
1431.98
1622.72
1813.95
2005.81
2198.46
2392.17
2587.45
2785.24
104.563
293.711
482.92
672.233
861.695
1051.35
1241.26
1431.49
1622.09
1813.15
2004.76
2197.03
2390.1
2584.37
2781.47
104.524
293.591
482.715
671.935
861.294
1050.84
1240.61
1430.68
1621.09
1811.91
2003.19
2194.95
2387.12
2579.23
2769.32
104.468
293.42
482.425
671.516
860.733
1050.12
1239.71
1429.57
1619.74
1810.27
2001.21
2192.53
2384.08
2575.4
2765.24
104.396
293.204
482.056
670.986
860.025
1049.21
1238.59
1428.19
1618.08
1808.29
1998.88
2189.85
2381.13
2572.5
2763.44
104.311
292.945
481.617
670.353
859.183
1048.14
1237.25
1426.57
1616.13
1805.99
1996.21
2186.87
2378.03
2569.79
2762.14
104.213
292.649
481.115
669.632
858.222
1046.91
1235.73
1424.72
1613.91
1803.37
1993.18
2183.45
2374.44
2566.58
2760.54
104.105
292.322
480.56
668.833
857.159
1045.56
1234.05
1422.67
1611.45
1800.45
1989.73
2179.46
2369.95
2562.01
2757.54
103.989
291.97
479.962
667.974
856.014
1044.1
1232.24
1420.46
1608.78
1797.25
1985.91
2174.85
2364.28
2554.93
2750.04
103.866
291.599
479.332
667.068
854.808
1042.56
1230.32
1418.12
1605.95
1793.85
1981.82
2169.82
2357.69
2544.66
2727.34
103.74
291.217
478.683
666.134
853.562
1040.96
1228.34
1415.69
1603.02
1790.33
1977.62
2164.8
2351.62
2537.27
2719.72
103.612
290.83
478.027
665.189
852.302
1039.35
1226.33
1413.23
1600.04
1786.77
1973.42
2159.96
2346.27
2532
2716.42
103.486
290.448
477.378
664.253
851.051
1037.75
1224.33
1410.76
1597.05
1783.19
1969.22
2155.19
2341.24
2527.55
2714.26
103.364
290.077
476.748
663.345
849.837
1036.19
1222.37
1408.35
1594.11
1779.63
1964.97
2150.29
2335.94
2522.71
2711.82
103.248
289.725
476.15
662.483
848.685
1034.71
1220.51
1406.04
1591.26
1776.12
1960.67
2145.06
2329.78
2516.16
2707.36
103.14
289.399
475.597
661.687
847.622
1033.35
1218.79
1403.9
1588.58
1772.77
1956.4
2139.51
2322.37
2506.16
2696.14
103.042
289.105
475.099
660.974
846.672
1032.13
1217.27
1401.99
1586.19
1769.72
1952.43
2134.06
2314.23
2491.77
2661.73
102.957
288.847
474.665
660.355
845.857
1031.09
1215.98
1400.39
1584.2
1767.19
1949.11
2129.54
2307.81
2482.53
2650.81
102.884
288.629
474.3
659.842
845.19
1030.26
1214.97
1399.17
1582.7
1765.33
1946.74
2126.45
2303.76
2477.66
2647.04
102.824
288.451
474.006
659.437
844.678
1029.65
1214.25
1398.35
1581.76
1764.25
1945.47
2124.94
2301.99
2475.83
2645.94
102.777
288.31
473.779
659.136
844.319
1029.25
1213.84
1397.95
1581.4
1763.97
1945.33
2125.01
2302.36
2476.48
2646.48
102.739
288.202
473.612
658.929
844.099
1029.05
1213.71
1397.94
1581.6
1764.47
1946.28
2126.62
2304.88
2479.89
2649.34
102.71
288.119
473.491
658.796
843.993
1029.03
1213.82
1398.28
1582.27
1765.63
1948.16
2129.6
2309.55
2487.05
2658.11
102.685
288.049
473.397
658.711
843.965
1029.12
1214.11
1398.88
1583.31
1767.29
1950.72
2133.51
2315.82
2498.58
2686.1
102.659
287.979
473.307
658.641
843.972
1029.28
1214.52
1399.65
1584.6
1769.28
1953.63
2137.67
2321.69
2506.69
2695.25
102.627
287.893
473.193
658.546
843.96
1029.44
1214.96
1400.5
1586
1771.41
1956.66
2141.75
2326.78
2512.22
2699
102.583
287.771
473.024
658.38
843.87
1029.52
1215.33
1401.3
1587.41
1773.58
1959.74
2145.76
2331.49
2516.72
2701.3
102.52
287.592
472.763
658.092
843.636
1029.44
1215.54
1401.96
1588.69
1775.68
1962.83
2149.9
2336.44
2521.55
2703.85
102.43
287.334
472.372
657.628
843.185
1029.12
1215.49
1402.35
1589.73
1777.6
1965.88
2154.31
2342.27
2528.22
2708.59
102.305
286.972
471.809
656.928
842.437
1028.44
1215.04
1402.32
1590.35
1779.16
1968.74
2158.96
2349.41
2538.64
2720.77
102.137
286.48
471.031
655.928
841.309
1027.31
1214.07
1401.71
1590.35
1780.11
1971.07
2163.37
2357.27
2553.89
2758.53
101.917
285.833
469.994
654.565
839.715
1025.61
1212.43
1400.34
1589.52
1780.14
1972.4
2166.56
2363.16
2563.44
2770.39
101.636
285.003
468.651
652.773
837.565
1023.23
1209.98
1398.04
1587.62
1778.96
1972.31
2167.98
2366.4
2568.26
2774.43
101.287
283.965
466.96
650.487
834.773
1020.05
1206.58
1394.61
1584.43
1776.31
1970.53
2167.38
2367.13
2569.97
2775.73
100.861
282.697
464.88
647.648
831.254
1015.97
1202.08
1389.89
1579.74
1771.95
1966.84
2164.69
2365.63
2569.54
2775.81
100.351
281.176
462.373
644.199
826.932
1010.87
1196.34
1383.7
1573.34
1765.65
1961.02
2159.76
2361.96
2567.36
2775.12
99.7526
279.386
459.409
640.094
821.737
1004.66
1189.24
1375.87
1565.01
1757.15
1952.78
2152.32
2355.96
2563.43
2773.75
99.0611
277.314
455.966
635.297
815.617
997.271
1180.66
1366.23
1554.53
1746.15
1941.75
2141.95
2347.2
2557.42
2771.58
98.2749
274.955
452.031
629.787
808.535
988.634
1170.51
1354.65
1541.68
1732.32
1927.43
2127.98
2334.88
2548.57
2768.24
97.3945
272.309
447.606
623.56
800.48
978.725
1158.73
1341.01
1526.26
1715.31
1909.26
2109.52
2317.73
2535.47
2762.92
96.4234
269.387
442.705
616.636
791.472
967.555
1145.31
1325.27
1508.12
1694.81
1886.63
2085.44
2293.88
2515.5
2753.65
95.3678
266.207
437.36
609.058
781.562
955.185
1130.31
1307.45
1487.26
1670.68
1859.08
2054.58
2260.77
2483.95
2734.98
94.237
262.797
431.619
600.894
770.842
941.728
1113.88
1287.72
1463.84
1643.02
1826.5
2016.22
2215.77
2432.96
2689.91
2689.6
2430.89
2212.75
2012.63
1822.49
1638.65
1459.09
1282.56
1108.24
935.552
764.066
593.461
423.485
253.93
84.6171
2735.64
2483.25
2259.23
2052.48
1856.53
1667.71
1483.83
1303.49
1125.75
949.94
775.56
602.236
429.667
257.605
85.8366
2754.81
2515.83
2293.63
2084.76
1885.55
1693.28
1506.06
1322.58
1141.89
963.299
786.294
610.464
435.48
261.068
86.9867
2764.43
2536.67
2318.7
2110.25
1909.68
1715.28
1525.65
1339.68
1156.52
975.526
796.184
618.082
440.882
264.293
88.0588
2770.05
2550.62
2337.08
2130.2
1929.45
1733.92
1542.64
1354.77
1169.61
986.572
805.185
625.053
445.843
267.261
89.0469
2773.72
2560.39
2350.76
2145.8
1945.54
1749.54
1557.21
1367.94
1181.18
996.437
813.285
631.363
450.351
269.966
89.9484
2776.29
2567.49
2361.13
2158.08
1958.6
1762.55
1569.6
1379.33
1191.31
1005.16
820.503
637.017
454.408
272.406
90.7627
2778.17
2572.81
2369.1
2167.79
1969.2
1773.35
1580.07
1389.1
1200.11
1012.81
826.879
642.041
458.026
274.589
91.492
2779.59
2576.89
2375.34
2175.54
1977.83
1782.3
1588.89
1397.43
1207.7
1019.47
832.469
646.468
461.229
276.525
92.1398
2780.7
2580.07
2380.27
2181.77
1984.88
1789.72
1596.3
1404.51
1214.22
1025.23
837.338
650.344
464.042
278.23
92.711
2781.57
2582.59
2384.21
2186.81
1990.65
1795.87
1602.51
1410.51
1219.79
1030.19
841.555
653.717
466.499
279.723
93.2115
2782.26
2584.61
2387.39
2190.9
1995.39
1800.97
1607.71
1415.59
1224.53
1034.44
845.189
656.637
468.633
281.022
93.6476
2782.82
2586.24
2389.96
2194.25
1999.3
1805.22
1612.07
1419.86
1228.56
1038.07
848.309
659.153
470.477
282.147
94.0255
2783.27
2587.56
2392.07
2197
2002.52
1808.74
1615.72
1423.47
1231.97
1041.17
850.979
661.313
472.064
283.116
94.3516
2783.64
2588.64
2393.8
2199.27
2005.2
1811.68
1618.78
1426.51
1234.86
1043.8
853.255
663.161
473.425
283.949
94.6318
2783.94
2589.53
2395.22
2201.14
2007.42
1814.13
1621.34
1429.06
1237.3
1046.02
855.192
664.737
474.587
284.661
94.8718
2784.19
2590.26
2396.39
2202.69
2009.26
1816.17
1623.48
1431.21
1239.36
1047.91
856.835
666.078
475.578
285.269
95.0767
2784.39
2590.87
2397.36
2203.98
2010.79
1817.88
1625.27
1433.01
1241.09
1049.51
858.227
667.215
476.421
285.787
95.2511
2784.56
2591.37
2398.17
2205.04
2012.07
1819.3
1626.77
1434.52
1242.55
1050.85
859.403
668.178
477.134
286.225
95.3991
2784.7
2591.79
2398.84
2205.93
2013.13
1820.48
1628.03
1435.79
1243.77
1051.98
860.395
668.991
477.738
286.597
95.5244
2784.82
2592.13
2399.39
2206.67
2014.02
1821.47
1629.08
1436.85
1244.8
1052.93
861.23
669.677
478.247
286.91
95.6303
2784.92
2592.42
2399.85
2207.28
2014.75
1822.3
1629.96
1437.74
1245.66
1053.73
861.93
670.253
478.676
287.174
95.7193
2785
2592.65
2400.24
2207.79
2015.36
1822.99
1630.68
1438.48
1246.38
1054.4
862.517
670.735
479.035
287.395
95.794
2785.06
2592.85
2400.55
2208.21
2015.87
1823.55
1631.29
1439.09
1246.98
1054.95
863.005
671.137
479.334
287.58
95.8564
2785.12
2593.01
2400.81
2208.56
2016.29
1824.02
1631.79
1439.6
1247.47
1055.41
863.41
671.471
479.583
287.733
95.9082
2785.16
2593.14
2401.02
2208.84
2016.63
1824.41
1632.2
1440.02
1247.88
1055.79
863.743
671.746
479.787
287.859
95.9509
2785.2
2593.25
2401.19
2209.07
2016.9
1824.72
1632.53
1440.36
1248.21
1056.09
864.014
671.969
479.954
287.962
95.9856
2785.23
2593.33
2401.33
2209.25
2017.12
1824.96
1632.79
1440.63
1248.47
1056.34
864.23
672.147
480.087
288.044
96.0134
2785.25
2593.4
2401.44
2209.39
2017.29
1825.16
1633
1440.83
1248.67
1056.53
864.399
672.287
480.191
288.109
96.0351
2785.27
2593.44
2401.51
2209.5
2017.42
1825.3
1633.15
1440.99
1248.83
1056.67
864.524
672.391
480.269
288.157
96.0514
2785.28
2593.48
2401.56
2209.57
2017.5
1825.39
1633.25
1441.1
1248.93
1056.77
864.611
672.462
480.322
288.19
96.0626
2785.28
2593.49
2401.59
2209.6
2017.55
1825.45
1633.31
1441.15
1248.99
1056.82
864.661
672.504
480.354
288.21
96.0693
2785.28
2593.49
2401.6
2209.61
2017.56
1825.46
1633.32
1441.17
1249.01
1056.84
864.677
672.518
480.364
288.216
96.0716
2785.28
2593.48
2401.58
2209.59
2017.53
1825.43
1633.29
1441.14
1248.98
1056.82
864.658
672.504
480.354
288.21
96.0696
2785.27
2593.45
2401.53
2209.53
2017.46
1825.35
1633.22
1441.07
1248.91
1056.76
864.606
672.462
480.324
288.192
96.0633
2785.25
2593.41
2401.46
2209.44
2017.35
1825.24
1633.1
1440.95
1248.8
1056.65
864.519
672.391
480.272
288.16
96.0528
2785.23
2593.35
2401.36
2209.3
2017.2
1825.07
1632.92
1440.78
1248.64
1056.51
864.394
672.291
480.199
288.115
96.0377
2785.2
2593.26
2401.23
2209.13
2016.99
1824.85
1632.7
1440.55
1248.43
1056.32
864.231
672.159
480.102
288.056
96.0179
2785.16
2593.15
2401.05
2208.9
2016.73
1824.56
1632.4
1440.27
1248.16
1056.08
864.024
671.993
479.98
287.982
95.9931
2785.11
2593
2400.82
2208.61
2016.39
1824.2
1632.04
1439.91
1247.83
1055.78
863.77
671.789
479.832
287.892
95.9627
2785.05
2592.82
2400.53
2208.24
2015.97
1823.75
1631.59
1439.48
1247.42
1055.42
863.466
671.545
479.654
287.784
95.9265
2784.97
2592.57
2400.16
2207.77
2015.45
1823.2
1631.04
1438.95
1246.94
1055
863.104
671.257
479.445
287.657
95.8839
2784.86
2592.26
2399.68
2207.18
2014.8
1822.53
1630.38
1438.33
1246.37
1054.49
862.681
670.921
479.201
287.509
95.8345
2784.71
2591.84
2399.06
2206.44
2013.99
1821.71
1629.58
1437.59
1245.7
1053.91
862.19
670.533
478.92
287.34
95.7777
2784.5
2591.27
2398.25
2205.5
2013
1820.72
1628.64
1436.72
1244.92
1053.23
861.627
670.089
478.6
287.147
95.7132
2784.19
2590.47
2397.17
2204.29
2011.77
1819.54
1627.53
1435.7
1244.02
1052.46
860.986
669.586
478.239
286.929
95.6405
2783.69
2589.3
2395.71
2202.76
2010.28
1818.13
1626.24
1434.54
1243
1051.58
860.265
669.022
477.835
286.686
95.5595
2782.79
2587.47
2393.71
2200.84
2008.48
1816.48
1624.75
1433.21
1241.84
1050.6
859.46
668.395
477.387
286.417
95.4698
2780.85
2584.47
2391.02
2198.47
2006.37
1814.59
1623.06
1431.72
1240.55
1049.51
858.57
667.705
476.894
286.122
95.3715
2769.17
2579.34
2387.61
2195.7
2003.96
1812.45
1621.17
1430.07
1239.13
1048.31
857.596
666.951
476.358
285.801
95.2646
2765.2
2575.43
2384.24
2192.74
2001.32
1810.1
1619.08
1428.25
1237.57
1047.01
856.54
666.135
475.779
285.455
95.1496
2763.39
2572.41
2381.01
2189.63
1998.46
1807.53
1616.82
1426.28
1235.89
1045.61
855.405
665.262
475.16
285.086
95.0268
2762.07
2569.58
2377.67
2186.3
1995.36
1804.74
1614.36
1424.16
1234.08
1044.11
854.197
664.335
474.505
284.695
94.897
2760.43
2566.25
2373.87
2182.6
1991.97
1801.72
1611.73
1421.89
1232.17
1042.52
852.924
663.36
473.817
284.286
94.7612
2757.39
2561.57
2369.2
2178.36
1988.23
1798.47
1608.92
1419.49
1230.15
1040.86
851.596
662.346
473.103
283.861
94.6203
2749.87
2554.41
2363.39
2173.56
1984.16
1794.99
1605.95
1416.99
1228.06
1039.14
850.226
661.303
472.369
283.426
94.4759
2727.14
2544.06
2356.67
2168.36
1979.87
1791.37
1602.88
1414.4
1225.9
1037.38
848.828
660.241
471.624
282.984
94.3296
2719.5
2536.6
2350.5
2163.2
1975.5
1787.66
1599.75
1411.77
1223.72
1035.61
847.421
659.175
470.877
282.541
94.183
2716.19
2531.28
2345.06
2158.24
1971.16
1783.93
1596.59
1409.13
1221.54
1033.84
846.024
658.118
470.138
282.104
94.0383
2714.01
2526.78
2339.96
2153.37
1966.83
1780.22
1593.46
1406.52
1219.4
1032.1
844.658
657.087
469.418
281.679
93.8974
2711.55
2521.91
2334.6
2148.38
1962.49
1776.55
1590.4
1403.99
1217.33
1030.43
843.347
656.099
468.728
281.271
93.7626
2707.08
2515.32
2328.38
2143.08
1958.1
1772.94
1587.44
1401.58
1215.37
1028.86
842.113
655.17
468.08
280.888
93.6358
2695.85
2505.3
2320.93
2137.48
1953.77
1769.51
1584.69
1399.34
1213.56
1027.42
840.981
654.317
467.484
280.536
93.5192
2661.44
2490.88
2312.75
2131.98
1949.73
1766.4
1582.22
1397.36
1211.96
1026.13
839.972
653.555
466.95
280.219
93.4143
2650.51
2481.63
2306.3
2127.42
1946.36
1763.81
1580.17
1395.7
1210.61
1025.04
839.107
652.895
466.486
279.943
93.3225
2646.74
2476.74
2302.23
2124.29
1943.95
1761.9
1578.62
1394.42
1209.55
1024.17
838.398
652.347
466.095
279.708
93.2444
2645.63
2474.89
2300.43
2122.75
1942.64
1760.78
1577.64
1393.56
1208.79
1023.51
837.85
651.912
465.779
279.516
93.18
2646.17
2475.53
2300.78
2122.8
1942.47
1760.47
1577.24
1393.12
1208.34
1023.08
837.461
651.587
465.534
279.364
93.1283
2649.02
2478.93
2303.28
2124.38
1943.39
1760.93
1577.4
1393.08
1208.18
1022.85
837.214
651.357
465.35
279.246
93.0877
2657.79
2486.09
2307.94
2127.34
1945.25
1762.07
1578.05
1393.39
1208.26
1022.8
837.085
651.206
465.215
279.154
93.0552
2685.78
2497.61
2314.2
2131.24
1947.79
1763.71
1579.06
1393.97
1208.54
1022.87
837.037
651.104
465.108
279.077
93.0272
2694.93
2505.71
2320.06
2135.38
1950.68
1765.67
1580.33
1394.72
1208.92
1023
837.026
651.019
465.007
279
92.9991
2698.67
2511.24
2325.14
2139.44
1953.7
1767.79
1581.71
1395.54
1209.34
1023.14
836.998
650.911
464.884
278.908
92.9652
2700.97
2515.73
2329.83
2143.45
1956.76
1769.94
1583.1
1396.33
1209.69
1023.21
836.894
650.732
464.705
278.78
92.9193
2703.52
2520.55
2334.77
2147.57
1959.83
1772.02
1584.37
1396.97
1209.89
1023.12
836.645
650.433
464.436
278.596
92.8544
2708.26
2527.21
2340.6
2151.97
1962.87
1773.92
1585.38
1397.34
1209.81
1022.78
836.18
649.958
464.036
278.333
92.7627
2720.44
2537.63
2347.72
2156.61
1965.72
1775.47
1585.99
1397.29
1209.35
1022.09
835.418
649.246
463.465
277.966
92.6362
2758.19
2552.87
2355.58
2161
1968.03
1776.4
1585.97
1396.66
1208.36
1020.94
834.276
648.235
462.679
277.469
92.4664
2770.05
2562.42
2361.46
2164.18
1969.34
1776.41
1585.12
1395.28
1206.7
1019.22
832.667
646.86
461.632
276.815
92.2445
2774.09
2567.23
2364.68
2165.58
1969.23
1775.21
1583.2
1392.95
1204.23
1016.82
830.501
645.055
460.28
275.98
91.9619
2775.39
2568.93
2365.4
2164.97
1967.43
1772.53
1579.98
1389.5
1200.81
1013.62
827.691
642.755
458.579
274.936
91.6104
2775.46
2568.49
2363.88
2162.25
1963.72
1768.14
1575.26
1384.75
1196.28
1009.52
824.153
639.9
456.487
273.661
91.182
2774.77
2566.29
2360.18
2157.29
1957.86
1761.81
1568.83
1378.53
1190.51
1004.39
819.809
636.434
453.968
272.133
90.6699
2773.39
2562.35
2354.16
2149.82
1949.59
1753.27
1560.46
1370.66
1183.38
998.159
814.591
632.311
450.99
270.334
90.0686
2771.21
2556.31
2345.36
2139.4
1938.51
1742.23
1549.94
1360.99
1174.76
990.736
808.445
627.493
447.532
268.254
89.3741
2767.85
2547.43
2332.99
2125.38
1924.13
1728.34
1537.04
1349.36
1164.57
982.064
801.334
621.96
443.581
265.884
88.5846
2762.52
2534.27
2315.78
2106.85
1905.89
1711.26
1521.56
1335.67
1152.75
972.116
793.248
615.708
439.138
263.228
87.7007
2753.21
2514.24
2291.84
2082.68
1883.18
1690.69
1503.35
1319.86
1139.28
960.903
784.204
608.757
434.218
260.294
86.7257
2734.47
2482.58
2258.62
2051.71
1855.52
1666.47
1482.42
1301.98
1124.23
948.487
774.257
601.15
428.853
257.102
85.6661
2689.25
2431.41
2213.45
2013.21
1822.83
1638.72
1458.9
1282.18
1107.73
934.979
763.498
592.956
423.09
253.679
84.5311
92.9238
258.834
424.936
591.371
758.299
925.914
1094.46
1264.23
1435.65
1609.25
1785.81
1966.43
2152.68
2346.4
2546.97
91.4234
254.304
417.289
580.453
743.882
907.679
1071.97
1236.89
1402.62
1569.34
1737.24
1906.36
2076.25
2244.97
2406.16
89.8842
249.656
409.436
569.233
729.052
888.9
1048.78
1208.66
1368.51
1528.17
1687.36
1845.39
2000.88
2150.92
2289.94
88.337
244.983
401.543
557.956
714.149
870.038
1025.51
1180.41
1334.49
1487.39
1638.51
1786.87
1930.82
2067.75
2193.76
86.813
240.381
393.773
546.863
699.508
851.541
1002.76
1152.89
1301.57
1448.3
1592.34
1732.64
1867.68
1995.39
2113.17
85.3421
235.941
386.282
536.181
685.435
833.81
981.03
1126.75
1270.53
1411.8
1549.81
1683.55
1811.75
1932.83
2045.04
83.9515
231.746
379.21
526.112
672.198
817.184
960.742
1102.48
1241.92
1378.48
1511.44
1639.91
1762.83
1879.02
1987.27
82.665
227.866
372.678
516.827
660.021
801.938
942.215
1080.44
1216.12
1348.68
1477.47
1601.71
1720.54
1833.05
1938.36
81.5028
224.363
366.786
508.465
649.08
788.281
925.687
1060.87
1193.35
1322.58
1447.96
1568.82
1684.46
1794.15
1897.24
80.4812
221.286
361.614
501.137
639.512
776.373
911.326
1043.94
1173.75
1300.25
1422.88
1541.07
1654.22
1761.75
1863.14
79.6131
218.672
357.225
494.927
631.419
766.325
899.245
1029.75
1157.4
1281.7
1402.16
1518.26
1629.49
1735.37
1835.47
78.9084
216.551
353.666
489.897
624.875
758.215
889.519
1018.37
1144.32
1266.92
1385.71
1500.23
1610.02
1714.66
1813.8
78.3743
214.943
350.971
486.092
619.929
752.097
882.195
1009.81
1134.51
1255.88
1373.46
1486.83
1595.58
1699.35
1797.8
78.0156
213.864
349.163
483.54
616.615
748.002
877.3
1004.1
1127.98
1248.53
1365.33
1477.96
1586.05
1689.24
1787.25
77.8356
213.322
348.255
482.259
614.954
745.95
874.849
1001.24
1124.72
1244.87
1361.27
1473.54
1581.3
1684.22
1782.01
2716.81
2774.14
2800.57
2815.58
2825.57
2832.92
2838.68
2843.38
2847.33
2850.71
2853.64
2856.2
2858.47
2860.49
2862.3
2863.92
2865.38
2866.7
2867.89
2868.97
2869.96
2870.85
2871.66
2872.4
2873.07
2873.68
2874.23
2874.73
2875.19
2875.6
2875.98
2876.31
2876.62
2876.89
2877.13
2877.34
2877.53
2877.7
2877.84
2877.96
2878.05
2878.13
2878.19
2878.22
2878.24
2878.24
2878.22
2878.19
2878.13
2878.05
2877.95
2877.83
2877.69
2877.53
2877.34
2877.12
2876.88
2876.61
2876.3
2875.96
2875.59
2875.17
2874.71
2874.21
2873.65
2873.04
2872.37
2871.63
2870.81
2869.92
2868.93
2867.85
2866.65
2865.33
2863.86
2862.23
2860.42
2858.4
2856.12
2853.54
2850.6
2847.22
2843.26
2838.53
2832.75
2825.38
2815.36
2800.29
2773.77
2716.24
2531.25
2607.91
2659.15
2695
2721.5
2742.04
2758.57
2772.25
2783.82
2793.77
2802.43
2810.04
2816.78
2822.78
2828.16
2832.99
2837.34
2841.27
2844.84
2848.07
2851
2853.66
2856.08
2858.29
2860.29
2862.11
2863.77
2865.27
2866.63
2867.87
2868.99
2869.99
2870.9
2871.71
2872.43
2873.07
2873.63
2874.12
2874.54
2874.9
2875.19
2875.42
2875.59
2875.7
2875.76
2875.76
2875.7
2875.59
2875.41
2875.18
2874.89
2874.53
2874.11
2873.61
2873.05
2872.4
2871.68
2870.86
2869.95
2868.94
2867.82
2866.58
2865.21
2863.71
2862.04
2860.22
2858.21
2855.99
2853.56
2850.89
2847.95
2844.71
2841.13
2837.18
2832.82
2827.97
2822.58
2816.55
2809.79
2802.15
2793.46
2783.48
2771.87
2758.14
2741.55
2720.94
2694.35
2658.37
2606.95
2530.02
2398.88
2478.13
2539.71
2587.73
2625.85
2656.77
2682.38
2703.98
2722.48
2738.52
2752.57
2764.96
2775.97
2785.81
2794.63
2802.57
2809.73
2816.21
2822.08
2827.41
2832.25
2836.65
2840.65
2844.29
2847.6
2850.61
2853.35
2855.83
2858.09
2860.13
2861.98
2863.64
2865.14
2866.48
2867.67
2868.73
2869.66
2870.47
2871.17
2871.76
2872.24
2872.62
2872.9
2873.09
2873.18
2873.18
2873.08
2872.89
2872.61
2872.22
2871.74
2871.15
2870.45
2869.63
2868.69
2867.63
2866.43
2865.08
2863.58
2861.91
2860.05
2858
2855.74
2853.25
2850.5
2847.48
2844.16
2840.5
2836.49
2832.07
2827.22
2821.87
2815.98
2809.47
2802.28
2794.32
2785.47
2775.6
2764.55
2752.11
2738.02
2721.92
2703.36
2681.68
2655.98
2624.95
2586.7
2538.51
2476.72
2397.19
2294.85
2373.64
2439.65
2494.56
2540.4
2578.98
2611.8
2640.02
2664.52
2685.98
2704.9
2721.7
2736.69
2750.12
2762.2
2773.09
2782.94
2791.85
2799.94
2807.29
2813.97
2820.04
2825.56
2830.59
2835.17
2839.33
2843.12
2846.55
2849.67
2852.5
2855.05
2857.36
2859.43
2861.28
2862.94
2864.4
2865.69
2866.81
2867.78
2868.59
2869.26
2869.78
2870.17
2870.43
2870.56
2870.56
2870.42
2870.16
2869.77
2869.23
2868.56
2867.74
2866.77
2865.65
2864.35
2862.88
2861.21
2859.35
2857.27
2854.96
2852.39
2849.55
2846.42
2842.97
2839.18
2835
2830.41
2825.36
2819.81
2813.72
2807.02
2799.65
2791.53
2782.58
2772.7
2761.77
2749.65
2736.17
2721.13
2704.28
2685.28
2663.75
2639.17
2610.85
2577.91
2539.2
2493.2
2438.1
2371.86
2292.8
2209.58
2287.41
2355.41
2414.31
2465.23
2509.33
2547.69
2581.25
2610.78
2636.91
2660.14
2680.89
2699.49
2716.22
2731.31
2744.95
2757.31
2768.52
2778.7
2787.95
2796.38
2804.04
2811.02
2817.37
2823.16
2828.42
2833.21
2837.56
2841.5
2845.08
2848.31
2851.23
2853.85
2856.2
2858.3
2860.15
2861.79
2863.21
2864.43
2865.45
2866.3
2866.97
2867.46
2867.79
2867.95
2867.95
2867.78
2867.45
2866.94
2866.27
2865.42
2864.38
2863.15
2861.73
2860.08
2858.22
2856.11
2853.75
2851.12
2848.19
2844.94
2841.35
2837.39
2833.03
2828.22
2822.94
2817.14
2810.76
2803.76
2796.06
2787.61
2778.32
2768.11
2756.86
2744.46
2730.77
2715.62
2698.83
2680.17
2659.35
2636.04
2609.82
2580.19
2546.51
2508.01
2463.76
2412.67
2353.56
2285.33
2207.23
2138.3
2215.2
2284.12
2345.42
2399.72
2447.77
2490.34
2528.13
2561.78
2591.85
2618.79
2642.99
2664.81
2684.51
2702.33
2718.49
2733.16
2746.49
2758.61
2769.65
2779.7
2788.86
2797.2
2804.8
2811.72
2818.02
2823.75
2828.96
2833.69
2837.98
2841.85
2845.35
2848.49
2851.31
2853.82
2856.05
2858.01
2859.71
2861.17
2862.41
2863.42
2864.22
2864.81
2865.21
2865.4
2865.4
2865.2
2864.8
2864.19
2863.38
2862.36
2861.12
2859.65
2857.94
2855.97
2853.73
2851.21
2848.38
2845.22
2841.71
2837.82
2833.51
2828.77
2823.54
2817.79
2811.46
2804.52
2796.89
2788.52
2779.33
2769.24
2758.17
2746
2732.62
2717.9
2701.69
2683.8
2664.03
2642.14
2617.85
2590.82
2560.65
2526.88
2488.96
2446.24
2398.03
2343.54
2282.03
2212.86
2135.7
2078.25
2154.33
2223.68
2286.47
2343.07
2393.97
2439.71
2480.81
2517.8
2551.13
2581.2
2608.39
2633.01
2655.33
2675.59
2694.01
2710.77
2726.03
2739.93
2752.6
2764.15
2774.68
2784.28
2793.03
2801.01
2808.27
2814.88
2820.89
2826.34
2831.29
2835.76
2839.8
2843.43
2846.69
2849.59
2852.16
2854.42
2856.39
2858.08
2859.5
2860.67
2861.6
2862.28
2862.74
2862.96
2862.95
2862.72
2862.26
2861.56
2860.63
2859.45
2858.02
2856.32
2854.34
2852.06
2849.48
2846.56
2843.3
2839.65
2835.6
2831.1
2826.14
2820.66
2814.63
2808
2800.71
2792.7
2783.92
2774.28
2763.72
2752.13
2739.41
2725.46
2710.15
2693.34
2674.85
2654.52
2632.12
2607.41
2580.13
2549.95
2516.51
2479.39
2438.14
2392.25
2341.17
2284.38
2221.37
2151.78
2075.44
2027.63
2103.02
2172.54
2236.29
2294.49
2347.46
2395.59
2439.28
2478.93
2514.93
2547.62
2577.33
2604.35
2628.95
2651.35
2671.76
2690.38
2707.36
2722.85
2736.99
2749.89
2761.66
2772.41
2782.21
2791.14
2799.29
2806.7
2813.44
2819.56
2825.11
2830.13
2834.66
2838.74
2842.39
2845.65
2848.54
2851.08
2853.29
2855.18
2856.78
2858.1
2859.14
2859.91
2860.42
2860.67
2860.66
2860.4
2859.88
2859.1
2858.05
2856.73
2855.12
2853.21
2850.98
2848.43
2845.53
2842.26
2838.59
2834.49
2829.94
2824.9
2819.33
2813.18
2806.42
2798.98
2790.81
2781.84
2772.01
2761.22
2749.41
2736.46
2722.27
2706.72
2689.68
2671
2650.52
2628.04
2603.36
2576.24
2546.43
2513.62
2477.5
2437.71
2393.87
2345.57
2292.42
2234.02
2170.05
2100.28
2024.64
1985.21
2060.01
2129.58
2193.96
2253.28
2307.78
2357.72
2403.41
2445.18
2483.33
2518.17
2549.98
2579.03
2605.56
2629.8
2651.94
2672.17
2690.66
2707.55
2722.98
2737.08
2749.97
2761.73
2772.46
2782.25
2791.18
2799.31
2806.7
2813.42
2819.51
2825.03
2830
2834.48
2838.49
2842.07
2845.24
2848.03
2850.46
2852.55
2854.3
2855.75
2856.89
2857.74
2858.3
2858.57
2858.57
2858.28
2857.71
2856.85
2855.7
2854.24
2852.47
2850.37
2847.93
2845.13
2841.94
2838.34
2834.31
2829.82
2824.82
2819.28
2813.17
2806.43
2799
2790.84
2781.88
2772.06
2761.28
2749.48
2736.55
2722.4
2706.91
2689.96
2671.41
2651.11
2628.89
2604.57
2577.95
2548.79
2516.87
2481.91
2443.63
2401.72
2355.86
2305.75
2251.07
2191.54
2126.94
2057.13
1982.06
1950.09
2024.42
2093.98
2158.77
2218.89
2274.51
2325.81
2373.05
2416.47
2456.34
2492.92
2526.45
2557.18
2585.33
2611.1
2634.71
2656.31
2676.09
2694.18
2710.73
2725.87
2739.71
2752.35
2763.9
2774.44
2784.05
2792.81
2800.77
2808.01
2814.58
2820.52
2825.89
2830.71
2835.04
2838.9
2842.32
2845.33
2847.95
2850.2
2852.1
2853.66
2854.89
2855.8
2856.41
2856.7
2856.7
2856.39
2855.77
2854.85
2853.6
2852.03
2850.12
2847.86
2845.22
2842.2
2838.76
2834.88
2830.53
2825.69
2820.3
2814.33
2807.74
2800.47
2792.48
2783.69
2774.04
2763.46
2751.87
2739.19
2725.3
2710.11
2693.5
2675.34
2655.5
2633.81
2610.13
2584.26
2556.02
2525.18
2491.53
2454.83
2414.82
2371.25
2323.85
2272.36
2216.56
2156.22
2091.21
2021.41
1946.82
1921.64
1995.59
2065.1
2130.17
2190.87
2247.3
2299.63
2348.04
2392.74
2433.95
2471.9
2506.8
2538.88
2568.34
2595.38
2620.18
2642.93
2663.77
2682.87
2700.35
2716.36
2731
2744.39
2756.62
2767.79
2777.98
2787.26
2795.72
2803.4
2810.37
2816.67
2822.37
2827.5
2832.09
2836.19
2839.82
2843.02
2845.8
2848.19
2850.2
2851.86
2853.17
2854.14
2854.78
2855.1
2855.09
2854.76
2854.11
2853.12
2851.8
2850.13
2848.1
2845.7
2842.9
2839.69
2836.04
2831.92
2827.3
2822.16
2816.44
2810.1
2803.11
2795.4
2786.91
2777.59
2767.37
2756.16
2743.88
2730.45
2715.75
2699.69
2682.14
2662.98
2642.06
2619.24
2594.35
2567.22
2537.65
2505.46
2470.44
2432.36
2391
2346.15
2297.57
2245.06
2188.43
2127.52
2062.23
1992.48
1918.27
1899.37
1973.03
2042.49
2107.74
2168.84
2225.87
2278.94
2328.22
2373.88
2416.11
2455.11
2491.07
2524.2
2554.69
2582.72
2608.47
2632.11
2653.81
2673.7
2691.94
2708.64
2723.93
2737.92
2750.7
2762.38
2773.04
2782.75
2791.6
2799.64
2806.93
2813.53
2819.5
2824.87
2829.68
2833.97
2837.78
2841.12
2844.04
2846.54
2848.65
2850.38
2851.75
2852.77
2853.44
2853.77
2853.77
2853.42
2852.74
2851.71
2850.32
2848.58
2846.45
2843.93
2841
2837.64
2833.81
2829.5
2824.67
2819.27
2813.29
2806.66
2799.33
2791.26
2782.38
2772.63
2761.94
2750.22
2737.39
2723.35
2708.01
2691.24
2672.95
2652.98
2631.21
2607.48
2581.64
2553.51
2522.92
2489.68
2453.59
2414.46
2372.08
2326.26
2276.81
2223.55
2166.33
2105.02
2039.53
1969.83
1895.92
1882.95
1956.39
2025.8
2091.17
2152.55
2209.98
2263.58
2313.47
2359.82
2402.78
2442.54
2479.27
2513.17
2544.41
2573.17
2599.63
2623.94
2646.27
2666.77
2685.56
2702.79
2718.57
2733
2746.21
2758.27
2769.28
2779.32
2788.46
2796.77
2804.31
2811.14
2817.31
2822.86
2827.84
2832.28
2836.22
2839.68
2842.69
2845.28
2847.46
2849.26
2850.67
2851.73
2852.42
2852.76
2852.76
2852.4
2851.69
2850.63
2849.19
2847.39
2845.19
2842.58
2839.55
2836.07
2832.11
2827.65
2822.65
2817.08
2810.89
2804.03
2796.46
2788.12
2778.94
2768.86
2757.81
2745.71
2732.46
2717.97
2702.13
2684.85
2665.99
2645.42
2623.01
2598.61
2572.06
2543.19
2511.85
2477.83
2440.97
2401.08
2357.97
2311.46
2261.39
2207.61
2149.97
2088.39
2022.79
1953.13
1879.44
1872.13
1945.42
2014.8
2080.25
2141.79
2199.48
2253.41
2303.7
2350.48
2393.92
2434.17
2471.4
2505.8
2537.54
2566.78
2593.71
2618.47
2641.22
2662.12
2681.29
2698.86
2714.96
2729.7
2743.18
2755.51
2766.75
2777.01
2786.35
2794.84
2802.55
2809.53
2815.84
2821.51
2826.6
2831.14
2835.16
2838.7
2841.78
2844.43
2846.66
2848.5
2849.94
2851.02
2851.73
2852.08
2852.07
2851.71
2850.98
2849.89
2848.43
2846.58
2844.33
2841.67
2838.57
2835.01
2830.97
2826.41
2821.3
2815.6
2809.27
2802.26
2794.52
2786
2776.62
2766.33
2755.04
2742.67
2729.14
2714.35
2698.19
2680.55
2661.31
2640.35
2617.51
2592.67
2565.65
2536.3
2504.46
2469.94
2432.57
2392.18
2348.6
2301.65
2251.19
2197.07
2139.18
2077.42
2011.75
1942.13
1868.58
1866.75
1939.98
2009.34
2074.82
2136.44
2194.25
2248.35
2298.83
2345.83
2389.49
2429.99
2467.47
2502.12
2534.1
2563.58
2590.74
2615.72
2638.69
2659.78
2679.14
2696.89
2713.15
2728.04
2741.67
2754.12
2765.48
2775.85
2785.29
2793.87
2801.67
2808.72
2815.09
2820.83
2825.97
2830.56
2834.63
2838.21
2841.33
2844
2846.26
2848.11
2849.58
2850.66
2851.38
2851.74
2851.73
2851.36
2850.63
2849.53
2848.05
2846.18
2843.9
2841.21
2838.08
2834.48
2830.39
2825.78
2820.62
2814.85
2808.46
2801.37
2793.55
2784.93
2775.46
2765.05
2753.64
2741.15
2727.48
2712.53
2696.21
2678.4
2658.97
2637.8
2614.76
2589.69
2562.44
2532.85
2500.76
2465.99
2428.38
2387.74
2343.92
2296.76
2246.1
2191.82
2133.81
2071.97
2006.27
1936.67
1863.19
2545.8
2344.53
2150.14
1963.24
1781.99
1604.82
1430.61
1258.6
1088.24
919.108
750.908
583.398
416.383
249.702
83.213
2404.5
2242.75
2073.45
1902.96
1733.26
1564.77
1397.47
1231.16
1065.67
900.807
736.439
572.44
408.707
245.155
81.7071
2287.87
2148.37
1997.8
1841.78
1683.19
1523.46
1363.23
1202.83
1042.39
881.959
721.555
561.179
400.826
240.49
80.1622
2191.35
2064.91
1927.5
1783.05
1634.18
1482.53
1329.1
1174.48
1019.04
863.03
706.599
549.861
392.905
235.8
78.6094
2110.48
1992.29
1864.14
1728.62
1587.84
1443.3
1296.06
1146.86
996.209
844.467
691.905
538.729
385.107
231.182
77.08
2042.11
1929.51
1808.01
1679.37
1545.16
1406.67
1264.91
1120.63
974.404
826.673
677.782
528.009
377.589
226.726
75.6038
1984.13
1875.51
1758.92
1635.57
1506.66
1373.24
1236.2
1096.27
954.044
809.988
664.498
517.904
370.492
222.516
74.2083
1935.05
1829.37
1716.48
1597.24
1472.57
1343.33
1210.3
1074.15
935.451
794.687
652.277
508.586
363.937
218.623
72.9173
1893.79
1790.34
1680.27
1564.23
1442.95
1317.14
1187.45
1054.52
918.865
780.982
641.297
500.195
358.024
215.107
71.751
1859.57
1757.82
1649.92
1536.38
1417.78
1294.73
1167.79
1037.53
904.452
769.031
631.696
492.841
352.834
212.019
70.7258
1831.81
1731.35
1625.11
1513.49
1396.99
1276.11
1151.38
1023.29
892.328
758.948
623.575
486.609
348.43
209.396
69.8547
1810.05
1710.57
1605.56
1495.4
1380.48
1261.28
1138.25
1011.86
882.568
750.81
617.007
481.562
344.859
207.267
69.1476
1794
1695.2
1591.08
1481.95
1368.19
1250.2
1128.41
1003.28
875.219
744.67
612.044
477.743
342.154
205.654
68.6115
1783.41
1685.06
1581.51
1473.05
1360.03
1242.83
1121.86
997.546
870.307
740.561
608.719
475.182
340.339
204.571
68.2516
1778.15
1680.02
1576.75
1468.61
1355.96
1239.15
1118.59
994.681
867.848
738.502
607.052
473.897
339.428
204.028
68.0709
)
;

boundaryField
{
    hot
    {
        type            fixedValue;
        value           uniform 10;
    }
    cold
    {
        type            fixedValue;
        value           uniform 0;
    }
    interface_left
    {
        type            fixedValue;
        value           nonuniform List<scalar> 
90
(
2264.69
2264.69
2264.69
2264.69
2264.69
2264.69
2264.69
2264.69
2264.69
2523.04
2523.04
2523.04
2523.04
2523.04
2523.04
2523.04
2659.55
2659.55
2659.55
2659.55
2659.55
2659.55
2749.41
2749.41
2749.41
2749.41
2749.41
2749.41
2749.41
2817.82
2817.82
2817.82
2817.82
2817.82
2817.82
2817.82
2850.38
2850.38
2850.38
2850.38
2850.38
2850.38
2850.38
2884.49
2884.49
2884.49
2884.49
2884.49
2884.49
2856.93
2856.93
2856.93
2856.93
2856.93
2856.93
2856.93
2806.21
2806.21
2806.21
2806.21
2806.21
2806.21
2806.21
2728.11
2728.11
2728.11
2728.11
2728.11
2728.11
2728.11
2791.55
2791.55
2791.55
2791.55
2791.55
2791.55
2791.55
2877.63
2877.63
2877.63
2877.63
2877.63
2877.63
2877.63
2877.63
2877.63
2877.63
2877.63
2877.63
2877.63
)
;
    }
    interface_right
    {
        type            fixedValue;
        value           nonuniform List<scalar> 
90
(
2879.66
2879.66
2879.66
2879.66
2879.66
2879.66
2879.66
2879.66
2879.66
2879.66
2879.66
2879.66
2879.66
2879.66
2879.66
2879.66
2879.66
2879.66
2879.66
2879.66
2879.66
2879.66
2879.66
2879.66
2879.66
2879.66
2879.66
2879.66
2879.66
2879.66
2879.66
2879.66
2879.66
2879.66
2879.66
2879.66
2879.66
2879.66
2879.66
2879.66
2879.66
2879.66
2879.66
2879.66
2879.66
2879.66
2879.66
2879.66
2884.49
2856.93
2856.93
2856.93
2856.93
2856.93
2856.93
2856.93
2806.21
2806.21
2806.21
2806.21
2806.21
2806.21
2806.21
2728.11
2728.11
2728.11
2728.11
2728.11
2728.11
2728.11
2791.55
2791.55
2791.55
2791.55
2791.55
2791.55
2791.55
2877.63
2877.63
2877.63
2877.63
2877.63
2877.63
2877.63
2877.63
2877.63
2877.63
2877.63
2877.63
2877.63
)
;
    }
    interface_top
    {
        type            fixedValue;
        value           uniform 2877.63;
    }
    interface_bottom
    {
        type            fixedValue;
        value           nonuniform List<scalar> 
90
(
2264.69
2264.69
2264.69
2264.69
2264.69
2264.69
2264.69
2264.69
2264.69
2264.69
2264.69
2264.69
2264.69
2264.69
2264.69
2264.69
2264.69
2264.69
2264.69
2264.69
2264.69
2264.69
2264.69
2264.69
2264.69
2264.69
2264.69
2264.69
2264.69
2264.69
2264.69
2264.69
2455.95
2455.95
2455.95
2455.95
2455.95
2455.95
2455.95
2455.95
2455.95
2455.95
2455.95
2643.68
2643.68
2643.68
2643.68
2643.68
2643.68
2643.68
2643.68
2643.68
2643.68
2643.68
2643.68
2643.68
2758.92
2758.92
2758.92
2758.92
2758.92
2758.92
2758.92
2758.92
2758.92
2758.92
2758.92
2758.92
2758.92
2758.92
2846.28
2846.28
2846.28
2846.28
2846.28
2846.28
2846.28
2846.28
2846.28
2846.28
2846.28
2846.28
2846.28
2879.66
2879.66
2879.66
2879.66
2879.66
2879.66
2879.66
)
;
    }
    defaultFaces
    {
        type            empty;
    }
}


// ************************************************************************* //
