/*--------------------------------*- C++ -*----------------------------------*\
| =========                 |                                                 |
| \\      /  F ield         | OpenFOAM: The Open Source CFD Toolbox           |
|  \\    /   O peration     | Version:  5.x                                   |
|   \\  /    A nd           | Web:      www.OpenFOAM.org                      |
|    \\/     M anipulation  |                                                 |
\*---------------------------------------------------------------------------*/
FoamFile
{
    version     2.0;
    format      ascii;
    class       volScalarField;
    location    "6.8";
    object      T;
}
// * * * * * * * * * * * * * * * * * * * * * * * * * * * * * * * * * * * * * //

dimensions      [0 0 0 1 0 0 0];

internalField   nonuniform List<scalar> 
6300
(
13.206
19.6088
25.9837
32.312
38.5751
44.7541
50.8301
56.7842
62.5977
68.2522
73.7301
79.0148
84.0913
88.9466
93.5701
13.2152
19.6362
26.0295
32.3763
38.658
44.8556
50.9502
56.9227
62.7543
68.4262
73.9204
79.2199
84.3092
89.1747
93.8056
13.2334
19.691
26.121
32.5048
38.8236
45.0585
51.1905
57.2001
63.0681
68.7752
74.3026
79.6322
84.7476
89.634
94.2797
13.2607
19.7731
26.258
32.6971
39.0717
45.3629
51.5512
57.6171
63.5405
69.3013
74.8796
80.2557
85.4115
90.3306
94.9994
13.297
19.8821
26.4401
32.953
39.402
45.7684
52.0326
58.1744
64.1731
70.0074
75.6557
81.0964
86.3088
91.2737
95.9753
13.3421
20.0176
26.6667
33.2715
39.8138
46.2746
52.6344
58.8726
64.9677
70.8969
76.6365
82.1623
87.45
92.4767
97.2226
13.3959
20.1792
26.9369
33.6516
40.3056
46.8802
53.3558
59.7118
65.9256
71.9732
77.8283
83.4631
88.8487
93.9567
98.7615
13.458
20.3659
27.2492
34.0915
40.8754
47.583
54.1951
60.6908
67.0474
73.2391
79.2373
85.0098
90.5215
95.7361
100.619
13.5281
20.5765
27.602
34.5886
41.5202
48.3797
55.1487
61.8069
68.3314
74.6958
80.8689
86.8139
92.4878
97.8431
102.832
13.6056
20.8098
27.9926
35.1396
42.2358
49.2653
56.2111
63.0543
69.7729
76.3408
82.7255
88.8856
94.7692
100.313
105.447
13.6901
21.0639
28.4184
35.7404
43.0166
50.2328
57.3741
64.4238
71.3625
78.1662
84.8032
91.2303
97.3865
103.189
108.532
13.7809
21.3369
28.8758
36.3859
43.8558
51.2734
58.6266
65.902
73.0845
80.1551
87.0877
93.8422
100.354
106.519
112.179
13.8772
21.6266
29.361
37.0706
44.7457
52.3768
59.9547
67.4706
74.9154
82.2789
89.5467
96.6929
103.665
110.35
116.524
13.9783
21.9307
29.8702
37.7886
45.6781
53.5314
61.3427
69.1077
76.8248
84.4953
92.1237
99.7143
107.258
114.688
121.757
14.0836
22.2471
30.3997
38.5344
46.6449
54.7261
62.7746
70.7902
78.7778
86.7505
94.7349
102.779
110.96
119.382
128.064
97.5892
101.074
104.39
107.537
110.519
113.339
116.004
118.52
120.895
123.138
125.257
127.263
129.166
130.976
132.702
134.355
135.944
137.479
138.969
140.422
141.847
143.252
144.644
146.03
147.415
148.804
150.202
151.613
153.038
154.479
155.937
157.411
158.902
160.407
161.925
163.452
164.987
166.527
168.067
169.605
171.136
172.657
174.162
175.647
177.109
178.542
179.942
181.305
182.628
183.907
185.139
186.321
187.45
188.523
189.536
190.486
191.369
192.181
192.919
193.578
194.154
194.642
195.038
195.337
195.533
195.62
195.593
195.444
195.166
194.75
194.187
193.468
192.582
191.519
190.266
188.812
187.145
185.252
183.122
180.74
178.096
175.177
171.972
168.47
164.663
160.543
156.104
151.345
146.264
140.864
97.8282
101.314
104.628
107.771
110.747
113.559
116.214
118.718
121.081
123.31
125.415
127.407
129.296
131.091
132.802
134.441
136.017
137.538
139.015
140.457
141.871
143.265
144.648
146.025
147.402
148.786
150.179
151.586
153.008
154.448
155.906
157.382
158.875
160.382
161.903
163.435
164.975
166.519
168.065
169.608
171.145
172.672
174.183
175.675
177.143
178.582
179.988
181.356
182.684
183.968
185.204
186.391
187.524
188.602
189.62
190.575
191.463
192.282
193.026
193.691
194.273
194.768
195.171
195.477
195.681
195.778
195.761
195.623
195.357
194.954
194.406
193.701
192.831
191.784
190.548
189.112
187.463
185.588
183.476
181.113
178.486
175.583
172.393
168.904
165.107
160.995
156.561
151.802
146.718
141.311
98.3096
101.797
105.108
108.243
111.205
114.001
116.635
119.116
121.453
123.655
125.732
127.695
129.554
131.32
133.002
134.613
136.161
137.656
139.108
140.525
141.916
143.29
144.653
146.013
147.376
148.746
150.13
151.529
152.947
154.385
155.844
157.322
158.819
160.333
161.86
163.4
164.948
166.502
168.058
169.613
171.162
172.701
174.226
175.731
177.212
178.663
180.08
181.459
182.796
184.089
185.334
186.529
187.672
188.758
189.786
190.752
191.652
192.482
193.238
193.915
194.51
195.019
195.436
195.757
195.978
196.092
196.095
195.979
195.737
195.361
194.84
194.166
193.328
192.314
191.112
189.711
188.098
186.26
184.185
181.857
179.266
176.397
173.237
169.775
166.001
161.904
157.48
152.723
147.632
142.209
99.0408
102.531
105.836
108.958
111.901
114.669
117.272
119.717
122.014
124.174
126.208
128.127
129.941
131.662
133.302
134.869
136.375
137.831
139.244
140.625
141.982
143.323
144.658
145.991
147.331
148.683
150.051
151.44
152.851
154.287
155.746
157.229
158.733
160.256
161.794
163.346
164.907
166.475
168.047
169.619
171.187
172.745
174.29
175.816
177.316
178.786
180.22
181.614
182.966
184.272
185.529
186.737
187.892
188.992
190.035
191.017
191.934
192.781
193.555
194.251
194.865
195.393
195.831
196.174
196.419
196.561
196.593
196.51
196.304
195.967
195.49
194.861
194.07
193.106
191.956
190.609
189.051
187.268
185.248
182.977
180.439
177.622
174.51
171.091
167.351
163.281
158.872
154.118
149.018
143.572
100.033
103.526
106.824
109.927
112.841
115.573
118.131
120.526
122.768
124.871
126.845
128.703
130.457
132.118
133.698
135.208
136.658
138.059
139.421
140.753
142.063
143.362
144.656
145.955
147.264
148.59
149.938
151.312
152.714
154.147
155.609
157.099
158.613
160.149
161.703
163.271
164.85
166.437
168.03
169.624
171.217
172.803
174.376
175.929
177.457
178.952
180.41
181.825
183.194
184.516
185.789
187.012
188.184
189.302
190.365
191.368
192.308
193.179
193.977
194.698
195.337
195.89
196.354
196.726
197.002
197.179
197.25
197.211
197.053
196.769
196.349
195.781
195.055
194.158
193.079
191.803
190.319
188.612
186.668
184.472
182.009
179.264
176.22
172.861
169.172
165.14
160.754
156.007
150.895
145.418
101.302
104.8
108.087
111.165
114.04
116.722
119.22
121.549
123.72
125.747
127.644
129.424
131.1
132.685
134.19
135.627
137.007
138.34
139.636
140.905
142.157
143.4
144.644
145.897
147.166
148.458
149.78
151.136
152.528
153.959
155.426
156.926
158.456
160.011
161.584
163.173
164.774
166.384
168.002
169.625
171.25
172.871
174.482
176.074
177.638
179.167
180.653
182.093
183.484
184.824
186.114
187.354
188.545
189.685
190.773
191.803
192.773
193.675
194.504
195.255
195.924
196.508
197.003
197.409
197.722
197.94
198.059
198.074
197.977
197.76
197.412
196.923
196.279
195.467
194.476
193.291
191.9
190.289
188.442
186.345
183.98
181.33
178.376
175.099
171.48
167.503
163.152
158.416
153.29
147.774
102.87
106.374
109.646
112.69
115.513
118.129
120.55
122.793
124.872
126.805
128.606
130.29
131.87
133.362
134.775
136.123
137.417
138.667
139.883
141.076
142.256
143.432
144.613
145.809
147.028
148.278
149.568
150.901
152.282
153.711
155.188
156.706
158.258
159.838
161.437
163.051
164.677
166.313
167.96
169.617
171.282
172.948
174.608
176.251
177.863
179.435
180.957
182.426
183.839
185.197
186.503
187.76
188.971
190.137
191.254
192.32
193.327
194.268
195.135
195.923
196.627
197.244
197.774
198.217
198.571
198.837
199.011
199.09
199.066
198.931
198.673
198.279
197.735
197.028
196.144
195.07
193.792
192.298
190.571
188.596
186.355
183.827
180.991
177.823
174.299
170.398
166.097
161.382
156.242
150.676
104.766
108.278
111.529
114.527
117.282
119.811
122.133
124.266
126.232
128.047
129.731
131.298
132.764
134.144
135.449
136.692
137.884
139.036
140.158
141.261
142.355
143.45
144.555
145.681
146.839
148.037
149.285
150.591
151.959
153.39
154.883
156.428
158.015
159.63
161.263
162.906
164.558
166.221
167.898
169.592
171.304
173.028
174.753
176.463
178.14
179.767
181.332
182.831
184.265
185.637
186.955
188.226
189.457
190.649
191.803
192.913
193.969
194.96
195.874
196.705
197.447
198.1
198.664
199.144
199.54
199.857
200.093
200.246
200.309
200.272
200.123
199.844
199.42
198.836
198.078
197.133
195.989
194.633
193.051
191.225
189.136
186.762
184.077
181.052
177.657
173.86
169.634
164.953
159.802
154.176
107.031
110.552
113.774
116.708
119.371
121.787
123.98
125.977
127.802
129.475
131.017
132.446
133.778
135.027
136.206
137.328
138.403
139.442
140.456
141.454
142.447
143.446
144.461
145.503
146.585
147.718
148.914
150.185
151.538
152.976
154.496
156.085
157.724
159.391
161.066
162.742
164.417
166.101
167.803
169.535
171.301
173.099
174.912
176.717
178.481
180.179
181.795
183.325
184.772
186.148
187.467
188.743
189.989
191.21
192.409
193.577
194.698
195.754
196.727
197.606
198.388
199.074
199.67
200.182
200.618
200.985
201.287
201.523
201.687
201.769
201.75
201.61
201.328
200.887
200.274
199.477
198.485
197.288
195.874
194.224
192.321
190.138
187.645
184.807
181.585
177.936
173.818
169.196
164.041
158.342
109.719
113.251
116.43
119.273
121.811
124.077
126.106
127.932
129.584
131.086
132.461
133.729
134.906
136.006
137.042
138.026
138.968
139.879
140.77
141.648
142.526
143.413
144.321
145.262
146.25
147.301
148.43
149.654
150.987
152.437
154.002
155.664
157.388
159.132
160.863
162.57
164.259
165.947
167.66
169.421
171.247
173.139
175.079
177.021
178.911
180.704
182.377
183.929
185.374
186.734
188.034
189.297
190.547
191.798
193.052
194.3
195.514
196.659
197.706
198.64
199.46
200.171
200.787
201.322
201.789
202.201
202.568
202.895
203.178
203.403
203.546
203.573
203.458
203.18
202.727
202.092
201.269
200.251
199.027
197.583
195.901
193.952
191.703
189.11
186.122
182.68
178.724
174.199
169.056
163.272
112.91
116.454
119.564
122.275
124.637
126.703
128.521
130.133
131.574
132.874
134.055
135.138
136.138
137.07
137.946
138.777
139.572
140.341
141.094
141.838
142.585
143.344
144.126
144.947
145.82
146.765
147.804
148.961
150.262
151.726
153.362
155.146
157.017
158.884
160.689
162.419
164.093
165.751
167.44
169.206
171.089
173.106
175.233
177.394
179.473
181.392
183.124
184.68
186.092
187.4
188.644
189.865
191.097
192.371
193.698
195.064
196.422
197.698
198.84
199.832
200.679
201.399
202.015
202.551
203.03
203.474
203.9
204.322
204.744
205.149
205.498
205.734
205.814
205.716
205.435
204.971
204.327
203.501
202.489
201.279
199.856
198.192
196.25
193.977
191.304
188.156
184.445
180.084
174.988
169.104
116.723
120.276
123.268
125.774
127.885
129.68
131.226
132.574
133.764
134.827
135.786
136.659
137.463
138.21
138.91
139.573
140.208
140.822
141.423
142.02
142.62
143.234
143.873
144.549
145.281
146.089
147.002
148.055
149.293
150.764
152.502
154.499
156.644
158.718
160.617
162.341
163.946
165.505
167.101
168.817
170.733
172.907
175.333
177.877
180.26
182.344
184.118
185.632
186.954
188.15
189.281
190.407
191.582
192.86
194.278
195.834
197.441
198.921
200.185
201.225
202.073
202.768
203.35
203.855
204.316
204.764
205.23
205.744
206.326
206.969
207.607
208.113
208.417
208.509
208.398
208.103
207.639
207.013
206.227
205.277
204.15
202.826
201.267
199.41
197.166
194.434
191.098
187.02
182.048
176.056
121.365
124.901
127.666
129.839
131.581
133.011
134.21
135.237
136.132
136.924
137.633
138.276
138.865
139.411
139.922
140.405
140.867
141.315
141.754
142.19
142.63
143.083
143.558
144.066
144.624
145.255
145.99
146.877
147.985
149.408
151.264
153.632
156.366
158.798
160.789
162.429
163.856
165.2
166.583
168.134
169.997
172.336
175.258
178.584
181.47
183.734
185.479
186.854
187.989
188.984
189.92
190.87
191.912
193.139
194.653
196.523
198.634
200.446
201.844
202.889
203.678
204.291
204.788
205.216
205.613
206.02
206.483
207.058
207.812
208.787
209.899
210.772
211.321
211.584
211.619
211.473
211.176
210.746
210.194
209.52
208.722
207.792
206.703
205.394
203.724
201.576
198.813
195.235
190.568
184.499
127.248
130.631
132.909
134.519
135.723
136.667
137.438
138.086
138.644
139.133
139.569
139.963
140.323
140.656
140.967
141.261
141.542
141.815
142.082
142.348
142.617
142.895
143.188
143.505
143.858
144.265
144.755
145.376
146.214
147.423
149.284
152.231
156.518
159.508
161.459
162.816
163.878
164.831
165.819
166.992
168.57
170.919
174.595
179.916
183.568
185.867
187.364
188.414
189.219
189.897
190.531
191.192
191.968
192.997
194.509
196.858
200.249
202.563
204.001
204.915
205.53
205.974
206.319
206.612
206.889
207.189
207.566
208.109
208.973
210.4
212.526
213.891
214.63
214.98
215.093
215.051
214.896
214.65
214.327
213.934
213.479
212.977
212.451
211.891
210.961
209.597
207.693
205.013
201.101
195.181
135.443
137.946
139.11
139.78
140.231
140.568
140.836
141.058
141.248
141.414
141.561
141.694
141.815
141.927
142.031
142.13
142.224
142.316
142.405
142.495
142.585
142.679
142.778
142.886
143.007
143.149
143.324
143.557
143.902
144.495
145.731
148.895
158.53
161.709
162.977
163.623
164.05
164.408
164.78
165.259
166.027
167.586
171.554
183.646
187.606
189.147
189.885
190.319
190.622
190.868
191.096
191.341
191.654
192.151
193.151
195.686
203.408
205.931
206.906
207.363
207.621
207.791
207.917
208.022
208.124
208.239
208.402
208.688
209.317
210.998
216.243
217.903
218.489
218.711
218.784
218.783
218.738
218.659
218.554
218.429
218.294
218.188
218.239
218.914
218.816
218.388
217.683
216.556
214.52
210.05
134.579
127.285
119.571
111.462
102.986
94.1738
85.0579
75.6718
66.0493
56.2241
46.2291
36.0967
25.8583
15.5449
5.18659
135.013
127.699
119.962
111.825
103.319
94.4742
85.325
75.9054
66.2497
56.3918
46.3649
36.2013
25.9325
15.5891
5.20131
135.886
128.533
120.747
112.554
103.986
95.0758
85.8595
76.3725
66.6499
56.7265
46.6357
36.4098
26.0803
15.6773
5.23061
137.21
129.796
121.934
113.654
104.99
95.9804
86.6618
77.0722
67.2487
57.2266
47.0398
36.7208
26.3005
15.8086
5.27425
139
131.502
123.535
115.133
106.338
97.1903
87.7317
78.0032
68.0435
57.8892
47.5745
37.1318
26.5912
15.982
5.33183
141.284
133.673
125.565
117.003
108.034
98.7073
89.0685
79.1626
69.0306
58.7101
48.2357
37.6391
26.9498
16.1956
5.40277
144.093
136.335
128.044
119.275
110.085
100.532
90.6693
80.5453
70.2036
59.6829
49.0174
38.2379
27.3725
16.4471
5.48627
147.474
139.525
130.998
121.964
112.496
102.663
92.5279
82.1426
71.5532
60.7983
49.9113
38.9213
27.8541
16.7335
5.5813
151.487
143.288
134.453
125.081
115.267
105.094
94.6329
83.9413
73.0656
62.0436
50.9064
39.6804
28.3884
17.0508
5.68655
156.215
147.681
138.442
128.637
118.392
107.809
96.9651
85.921
74.7217
63.4018
51.9885
40.504
28.9672
17.3943
5.80042
161.772
152.774
142.991
132.629
121.852
110.78
99.4942
88.053
76.4958
64.8511
53.1399
41.3787
29.581
17.7583
5.92102
168.323
158.647
148.114
137.031
125.603
113.959
102.176
90.2979
78.3548
66.3645
54.3394
42.2884
30.2187
18.1362
6.04621
176.107
165.373
153.782
141.771
129.567
117.275
104.947
92.6049
80.2581
67.9104
55.5628
43.2154
30.8682
18.521
6.17366
185.465
172.948
159.863
146.702
133.612
120.623
107.729
94.9132
82.1595
69.4536
56.7839
44.1408
31.5166
18.9051
6.30093
196.735
181.084
166.015
151.555
137.551
123.873
110.429
97.1561
84.0102
70.9583
57.9763
45.0456
32.1513
19.2815
6.42563
14.1833
22.5468
30.9007
39.2391
47.5567
55.8494
64.1152
72.3557
80.5788
88.8039
97.0706
105.458
114.128
123.444
134.419
14.2761
22.8254
31.3663
39.8933
48.4018
56.8879
65.3498
73.7889
82.2127
90.6393
99.1075
107.695
116.555
125.981
136.5
14.3707
23.1096
31.8408
40.5595
49.2612
57.9418
66.5986
75.231
83.8423
92.4432
101.059
109.74
118.585
127.757
137.459
14.467
23.3986
32.3234
41.2367
50.134
59.0107
67.8626
76.6857
85.4768
94.2345
102.962
111.669
120.385
129.161
138.059
14.5647
23.6921
32.8133
41.9241
51.0198
60.0954
69.1449
78.1606
87.1322
96.0446
104.875
113.589
122.139
130.475
138.579
14.6637
23.9894
33.3098
42.6209
51.9184
61.1968
70.4488
79.6641
88.8264
97.9091
106.866
115.619
124.04
131.947
139.187
14.7638
24.2901
33.812
43.3263
52.829
62.3149
71.7764
81.2022
90.5737
99.858
108.996
117.877
126.293
133.878
140.127
14.8648
24.5934
34.3189
44.0388
53.7501
63.4483
73.127
82.7761
92.3789
101.906
111.302
120.454
129.12
136.734
142.018
14.9663
24.8984
34.8289
44.7564
54.6789
64.5936
74.4962
84.3799
94.2343
104.042
113.773
123.367
132.674
141.203
146.815
15.068
25.2041
35.3403
45.4764
55.6119
65.7458
75.8765
86.0019
96.1197
106.229
116.336
126.474
136.766
147.692
161.41
15.1696
25.5094
35.8511
46.1958
56.5446
66.8985
77.2586
87.627
98.0084
108.414
118.875
129.472
140.413
152.24
166.24
15.2706
25.813
36.359
46.9114
57.4725
68.0452
78.633
89.241
99.8774
110.558
121.317
132.226
143.442
155.274
168.209
15.3706
26.1135
36.862
47.6197
58.3909
69.1797
79.9915
90.8328
101.713
112.645
123.651
134.765
146.038
157.539
169.315
15.4691
26.4098
37.3577
48.3178
59.2955
70.2966
81.3274
92.3955
103.509
114.678
125.907
137.189
148.472
159.607
170.287
15.5659
26.7006
37.8441
49.0027
60.1826
71.391
82.6353
93.9239
105.265
116.666
128.123
139.608
151.006
161.988
171.714
15.6604
26.9848
38.3194
49.6715
61.0486
72.4586
83.9104
95.4134
106.977
118.611
130.318
142.082
153.826
165.235
174.918
15.7525
27.2613
38.7818
50.322
61.8902
73.4955
85.1478
96.858
108.638
120.503
132.469
144.567
156.873
169.677
184.315
15.8417
27.5294
39.2298
50.9518
62.7046
74.498
86.3429
98.2515
110.238
122.32
134.525
146.902
159.571
172.841
187.49
15.9279
27.7881
39.6621
51.5592
63.4892
75.4628
87.4916
99.5885
111.769
124.05
136.458
149.032
161.846
175.044
188.86
16.0107
28.0369
40.0775
52.1425
64.2421
76.3876
88.5908
100.865
113.226
125.689
138.272
150.991
163.851
176.813
189.749
16.0901
28.2752
40.4753
52.7006
64.9617
77.2703
89.6384
102.08
114.609
127.241
139.988
152.849
165.779
178.596
190.78
16.1659
28.5027
40.8547
53.2326
65.647
78.1097
90.633
103.231
115.918
128.709
141.62
154.656
167.783
180.814
192.864
16.238
28.7191
41.2155
53.738
66.2973
78.905
91.5737
104.317
117.151
130.092
143.163
156.395
169.848
183.708
198.802
16.3064
28.9243
41.5575
54.2166
66.9123
79.6561
92.4603
105.338
118.306
131.382
144.591
157.976
171.625
185.741
200.808
16.3711
29.1184
41.8808
54.6686
67.4924
80.3634
93.2934
106.295
119.383
132.575
145.893
159.371
173.073
187.109
201.649
16.4322
29.3015
42.1855
55.0944
68.0383
81.0278
94.0742
107.189
120.386
133.677
147.079
160.608
174.283
188.123
202.128
16.4897
29.4738
42.4722
55.4946
68.5508
81.6509
94.8051
108.024
121.319
134.7
148.173
161.738
175.375
189.017
202.535
16.5437
29.6357
42.7415
55.8702
69.0313
82.2343
95.4887
108.804
122.19
135.654
149.199
162.815
176.458
189.994
203.098
16.5944
29.7876
42.9939
56.2222
69.4812
82.78
96.1274
109.533
123.004
136.55
150.173
163.87
177.609
191.268
204.313
16.6419
29.9299
43.2304
56.5516
69.902
83.2898
96.7237
110.212
123.764
137.387
151.092
164.891
178.812
192.962
207.826
16.6864
30.0631
43.4515
56.8595
70.295
83.7658
97.2799
110.845
124.471
138.165
151.942
165.822
179.853
194.154
209.011
16.728
30.1875
43.6582
57.1472
70.662
84.2098
97.798
111.434
125.126
138.883
152.716
166.644
180.702
194.956
209.505
16.7668
30.3039
43.8513
57.4158
71.0044
84.6237
98.2805
111.982
125.734
139.544
153.42
167.372
181.41
195.547
209.784
16.8031
30.4125
44.0316
57.6666
71.3239
85.0097
98.73
112.491
126.298
140.156
154.069
168.036
182.046
196.064
210.017
16.837
30.514
44.1999
57.9006
71.622
85.3696
99.1489
112.965
126.823
140.727
154.676
168.666
182.671
196.62
210.333
16.8687
30.6087
44.3571
58.1191
71.9002
85.7055
99.5398
113.408
127.314
141.262
155.252
169.281
183.331
197.335
211.002
16.8982
30.6972
44.5039
58.3232
72.1601
86.0191
99.9049
113.822
127.773
141.764
155.796
169.877
184.019
198.278
212.921
16.9259
30.7799
44.6411
58.5139
72.4028
86.3122
100.246
114.208
128.203
142.233
156.304
170.426
184.621
198.951
213.574
16.9517
30.8572
44.7693
58.6921
72.6298
86.5863
100.565
114.57
128.604
142.671
156.774
170.919
185.123
199.417
213.854
16.9758
30.9294
44.8891
58.8587
72.8421
86.8427
100.864
114.909
128.98
143.08
157.209
171.369
185.559
199.779
214.023
16.9984
30.997
45.0012
59.0146
73.0407
87.0827
101.144
115.226
129.333
143.464
157.619
171.793
185.97
200.118
214.179
17.0195
31.0601
45.106
59.1604
73.2266
87.3076
101.406
115.525
129.666
143.829
158.013
172.21
186.397
200.513
214.415
17.0392
31.1191
45.2039
59.2967
73.4005
87.5181
101.652
115.805
129.98
144.176
158.394
172.63
186.867
201.052
214.947
17.0576
31.1743
45.2955
59.4241
73.5631
87.715
101.883
116.068
130.275
144.504
158.759
173.044
187.371
201.786
216.509
17.0748
31.2258
45.381
59.5431
73.715
87.8991
102.098
116.314
130.551
144.811
159.099
173.425
187.808
202.301
217.033
17.0908
31.2738
45.4607
59.6541
73.8566
88.0707
102.299
116.543
130.808
145.095
159.41
173.761
188.164
202.647
217.251
17.1058
31.3185
45.535
59.7576
73.9886
88.2304
102.485
116.756
131.045
145.356
159.692
174.058
188.461
202.903
217.377
17.1197
31.3602
45.6041
59.8538
74.1113
88.3789
102.659
116.953
131.264
145.595
159.948
174.325
188.724
203.132
217.498
17.1326
31.3989
45.6684
59.9432
74.2253
88.5168
102.82
117.136
131.467
145.816
160.184
174.572
188.978
203.384
217.707
17.1446
31.4348
45.728
60.0262
74.3311
88.6447
102.969
117.304
131.654
146.019
160.401
174.802
189.227
203.69
218.264
17.1557
31.4681
45.7833
60.1031
74.4292
88.7632
103.107
117.461
131.827
146.207
160.601
175.011
189.443
203.913
218.46
17.166
31.499
45.8345
60.1743
74.5199
88.8729
103.234
117.606
131.988
146.381
160.785
175.201
189.63
204.076
218.551
17.1755
31.5274
45.8817
60.24
74.6038
88.9744
103.353
117.74
132.137
146.544
160.958
175.378
189.798
204.213
218.613
17.1843
31.5536
45.9252
60.3006
74.6812
89.0682
103.463
117.865
132.277
146.697
161.122
175.549
189.967
204.354
218.68
17.1923
31.5776
45.9651
60.3562
74.7522
89.1544
103.564
117.981
132.407
146.841
161.281
175.722
190.151
204.533
218.793
17.1996
31.5994
46.0014
60.4069
74.8172
89.2334
103.657
118.088
132.528
146.978
161.436
175.9
190.361
204.79
219.063
17.2062
31.6192
46.0344
60.4529
74.8761
89.3051
103.741
118.186
132.64
147.104
161.582
176.074
190.589
205.151
219.873
17.2121
31.637
46.0639
60.4942
74.929
89.3696
103.817
118.273
132.74
147.218
161.713
176.229
190.779
205.393
220.138
17.2174
31.6528
46.0902
60.5308
74.9759
89.4267
103.884
118.351
132.827
147.317
161.824
176.354
190.92
205.539
220.238
17.222
31.6666
46.1131
60.5628
75.0169
89.4765
103.943
118.418
132.903
147.4
161.914
176.45
191.017
205.625
220.281
17.2259
31.6784
46.1328
60.5903
75.0521
89.5192
103.993
118.474
132.965
147.467
161.984
176.519
191.079
205.671
220.299
17.2292
31.6883
46.1492
60.6133
75.0815
89.5549
104.034
118.521
133.016
147.521
162.037
176.567
191.114
205.687
220.295
17.2319
31.6962
46.1625
60.6318
75.1053
89.5838
104.068
118.559
133.056
147.561
162.074
176.596
191.127
205.671
220.251
17.2338
31.7022
46.1725
60.6459
75.1235
89.6061
104.094
118.588
133.088
147.593
162.102
176.613
191.124
205.625
220.087
17.2351
31.7061
46.1792
60.6556
75.1363
89.622
104.113
118.61
133.111
147.616
162.122
176.626
191.122
205.599
220.04
17.2357
31.708
46.1825
60.6606
75.1434
89.6316
104.125
118.625
133.128
147.634
162.14
176.64
191.127
205.593
220.027
17.2356
31.7075
46.1821
60.6608
75.1447
89.6347
104.131
118.633
133.14
147.649
162.156
176.656
191.141
205.601
220.029
17.2345
31.7047
46.1778
60.6557
75.1397
89.6307
104.129
118.634
133.145
147.659
162.172
176.677
191.166
205.626
220.043
17.2326
31.699
46.169
60.6446
75.1276
89.619
104.119
118.628
133.145
147.666
162.188
176.704
191.205
205.675
220.08
17.2296
31.6902
46.1551
60.6268
75.1074
89.5983
104.1
118.614
133.137
147.668
162.202
176.736
191.26
205.76
220.184
17.2254
31.6778
46.1354
60.6012
75.0778
89.5671
104.071
118.588
133.119
147.662
162.213
176.768
191.326
205.892
220.513
17.2197
31.6612
46.1088
60.5663
75.037
89.5234
104.027
118.55
133.09
147.646
162.215
176.793
191.379
205.98
220.618
17.2123
31.6395
46.0741
60.5206
74.983
89.4648
103.968
118.495
133.045
147.616
162.204
176.806
191.417
206.033
220.659
17.203
31.6121
46.0299
60.462
74.9134
89.3882
103.89
118.42
132.98
147.568
162.18
176.808
191.444
206.073
220.684
17.1914
31.5778
45.9746
60.3883
74.8251
89.2902
103.788
118.322
132.892
147.499
162.138
176.799
191.468
206.119
220.715
17.1772
31.5357
45.9063
60.2969
74.7148
89.1665
103.658
118.193
132.775
147.403
162.074
176.779
191.498
206.194
220.788
17.1599
31.4844
45.8229
60.1848
74.5786
89.0125
103.494
118.028
132.621
147.272
161.982
176.742
191.539
206.334
221.002
17.139
31.4225
45.7222
60.0487
74.4122
88.8227
103.289
117.82
132.421
147.097
161.848
176.674
191.573
206.554
221.706
17.1142
31.3487
45.6016
59.885
74.2109
88.5911
103.037
117.558
132.165
146.863
161.657
176.55
191.543
206.647
221.904
17.0849
31.2614
45.4586
59.69
73.9696
88.3111
102.728
117.234
131.84
146.557
161.393
176.349
191.428
206.628
221.944
17.0505
31.1591
45.2904
59.4598
73.6829
87.9757
102.354
116.835
131.434
146.165
161.038
176.058
191.223
206.521
221.92
17.0107
31.0404
45.0947
59.1905
73.3455
87.5777
101.906
116.351
130.932
145.668
160.574
175.659
190.92
206.335
221.86
16.965
30.9037
44.8688
58.8785
72.9519
87.1097
101.374
115.769
130.318
145.049
159.981
175.132
190.501
206.066
221.768
16.913
30.748
44.6107
58.5203
72.4975
86.5649
100.748
115.074
129.575
144.283
159.231
174.447
189.94
205.693
221.636
16.8544
30.5725
44.3188
58.1134
71.978
85.937
100.018
114.254
128.682
143.346
158.29
173.562
189.193
205.18
221.451
16.7891
30.3766
43.9922
57.6561
71.3907
85.2213
99.178
113.297
127.622
142.208
157.116
172.421
188.191
204.464
221.181
16.7171
30.1604
43.6308
57.1481
70.7343
84.4151
98.2216
112.193
126.377
140.84
155.662
170.951
186.833
203.431
220.764
16.6388
29.9246
43.2357
56.5905
70.0099
83.5187
97.1476
110.936
124.935
139.217
153.878
169.062
184.971
201.879
220.046
16.5544
29.6705
42.809
55.9863
69.2211
82.536
95.9595
109.529
123.293
137.325
151.727
166.663
182.408
199.447
218.611
16.4647
29.4002
42.3542
55.3404
68.3743
81.4752
94.667
107.981
121.462
135.17
149.198
163.697
178.941
195.53
215.158
208.091
188.005
171.088
155.582
140.86
126.633
112.743
99.0928
85.6175
72.2712
59.0206
45.8401
32.7097
19.613
6.53555
211.68
192.091
174.717
158.695
143.52
128.904
114.677
100.73
86.987
73.3966
59.9197
46.5265
33.1933
19.9005
6.63095
213.175
194.633
177.403
161.216
145.787
130.903
116.415
102.222
88.2486
74.4414
60.7592
47.17
33.648
20.1713
6.72091
213.925
196.26
179.361
163.208
147.672
132.622
117.946
103.559
89.3926
75.3974
61.5326
47.7658
34.0704
20.4235
6.80475
214.364
197.349
180.796
164.766
149.217
134.079
119.274
104.739
90.416
76.261
62.2364
48.3109
34.4584
20.6557
6.88203
214.651
198.111
181.865
165.985
150.474
135.299
120.413
105.768
91.3207
77.0323
62.8697
48.8043
34.8109
20.8672
6.95252
214.851
198.666
182.674
166.943
151.494
136.316
121.381
106.658
92.1127
77.7143
63.434
49.2464
35.1281
21.058
7.0162
214.998
199.081
183.297
167.702
152.323
137.16
122.2
107.421
92.8005
78.3122
63.9326
49.6391
35.411
21.2286
7.07322
215.109
199.4
183.784
168.308
152.997
137.859
122.889
108.073
93.3939
78.8327
64.3696
49.9854
35.6614
21.38
7.12388
215.195
199.649
184.169
168.795
153.548
138.439
123.468
108.627
93.9033
79.2832
64.7504
50.2885
35.8815
21.5134
7.16856
215.263
199.846
184.477
169.188
153.999
138.92
123.953
109.096
94.3388
79.6711
65.0802
50.5523
36.0737
21.6302
7.20772
215.317
200.003
184.726
169.509
154.37
139.319
124.361
109.493
94.7097
80.0038
65.3646
50.7808
36.2407
21.7318
7.24184
215.361
200.131
184.927
169.771
154.676
139.651
124.702
109.827
95.025
80.2882
65.6088
50.9778
36.385
21.8199
7.27143
215.396
200.234
185.092
169.986
154.928
139.927
124.987
110.11
95.2924
80.5306
65.8179
51.147
36.5094
21.8959
7.29698
215.425
200.319
185.228
170.164
155.138
140.158
125.227
110.348
95.5189
80.7367
65.9965
51.292
36.6161
21.9612
7.31897
215.449
200.389
185.339
170.311
155.312
140.35
125.428
110.548
95.7105
80.9118
66.1486
51.4158
36.7075
22.0172
7.33782
215.469
200.446
185.431
170.432
155.457
140.51
125.597
110.717
95.8724
81.0603
66.2779
51.5213
36.7855
22.065
7.35395
215.485
200.494
185.508
170.534
155.578
140.645
125.738
110.859
96.0092
81.1861
66.3878
51.6111
36.852
22.1059
7.36773
215.498
200.534
185.572
170.618
155.679
140.757
125.857
110.979
96.1249
81.2927
66.4811
51.6875
36.9086
22.1407
7.37947
215.509
200.567
185.625
170.689
155.764
140.852
125.957
111.08
96.2226
81.383
66.5602
51.7524
36.9568
22.1703
7.38947
215.519
200.595
185.67
170.748
155.835
140.932
126.042
111.166
96.3053
81.4595
66.6274
51.8076
36.9978
22.1956
7.39799
215.527
200.618
185.707
170.798
155.895
140.999
126.113
111.238
96.3753
81.5244
66.6845
51.8545
37.0327
22.2171
7.40525
215.533
200.637
185.739
170.84
155.945
141.056
126.173
111.299
96.4348
81.5796
66.7331
51.8945
37.0624
22.2354
7.41144
215.539
200.654
185.765
170.876
155.988
141.104
126.224
111.352
96.4855
81.6266
66.7745
51.9286
37.0879
22.2511
7.41674
215.544
200.668
185.788
170.906
156.025
141.145
126.268
111.396
96.5289
81.667
66.8101
51.9579
37.1097
22.2645
7.42129
215.548
200.68
185.808
170.933
156.056
141.18
126.306
111.435
96.5663
81.7018
66.8408
51.9832
37.1285
22.2762
7.42522
215.551
200.691
185.825
170.955
156.084
141.211
126.339
111.468
96.5988
81.732
66.8675
52.0052
37.1449
22.2863
7.42864
215.555
200.7
185.84
170.975
156.108
141.238
126.368
111.497
96.6274
81.7586
66.891
52.0246
37.1594
22.2952
7.43165
215.557
200.708
185.853
170.993
156.129
141.262
126.393
111.523
96.653
81.7824
66.9119
52.0418
37.1723
22.3031
7.43434
215.56
200.716
185.865
171.009
156.149
141.284
126.417
111.547
96.6762
81.804
66.931
52.0575
37.184
22.3104
7.43678
215.562
200.723
185.877
171.025
156.167
141.305
126.439
111.57
96.6978
81.824
66.9486
52.0721
37.1948
22.317
7.43903
215.565
200.73
185.888
171.039
156.185
141.325
126.46
111.591
96.7185
81.8432
66.9655
52.086
37.2051
22.3234
7.44118
215.567
200.737
185.899
171.054
156.202
141.344
126.481
111.612
96.7388
81.862
66.982
52.0995
37.2151
22.3296
7.44326
215.569
200.744
185.91
171.069
156.22
141.364
126.502
111.633
96.7594
81.8809
66.9985
52.113
37.2252
22.3357
7.44534
215.572
200.752
185.923
171.085
156.24
141.386
126.524
111.656
96.7807
81.9004
67.0155
52.1269
37.2354
22.342
7.44747
215.575
200.76
185.936
171.103
156.261
141.409
126.548
111.679
96.8034
81.9212
67.0335
52.1415
37.2462
22.3486
7.44969
215.578
200.77
185.952
171.123
156.284
141.435
126.575
111.706
96.8282
81.9436
67.0528
52.1571
37.2577
22.3557
7.45205
215.582
200.781
185.97
171.147
156.311
141.464
126.605
111.735
96.8555
81.9681
67.0739
52.1741
37.2701
22.3632
7.4546
215.587
200.795
185.992
171.175
156.343
141.498
126.639
111.768
96.8861
81.9955
67.0972
52.1928
37.2837
22.3715
7.45737
215.593
200.813
186.018
171.208
156.381
141.537
126.678
111.805
96.9207
82.026
67.123
52.2133
37.2987
22.3806
7.46041
215.601
200.834
186.051
171.249
156.426
141.584
126.724
111.848
96.9598
82.0603
67.1517
52.2361
37.3152
22.3905
7.46374
215.611
200.863
186.093
171.3
156.481
141.639
126.777
111.898
97.0041
82.0987
67.1837
52.2613
37.3333
22.4015
7.4674
215.625
200.901
186.148
171.363
156.548
141.705
126.839
111.954
97.0543
82.1417
67.2193
52.2891
37.3532
22.4134
7.4714
215.645
200.954
186.221
171.444
156.629
141.783
126.911
112.019
97.1106
82.1895
67.2584
52.3195
37.375
22.4265
7.47574
215.677
201.031
186.319
171.547
156.729
141.875
126.994
112.092
97.1734
82.2423
67.3012
52.3526
37.3985
22.4406
7.48042
215.734
201.148
186.453
171.679
156.85
141.983
127.088
112.173
97.2425
82.2998
67.3476
52.3883
37.4238
22.4556
7.48543
215.854
201.335
186.639
171.844
156.993
142.106
127.193
112.262
97.3175
82.3617
67.3973
52.4263
37.4506
22.4716
7.49074
216.155
201.642
186.888
172.044
157.157
142.242
127.308
112.359
97.3977
82.4274
67.4497
52.4663
37.4788
22.4884
7.4963
217.053
202.11
187.193
172.271
157.336
142.389
127.43
112.46
97.4818
82.496
67.5043
52.5079
37.508
22.5057
7.50205
217.819
202.556
187.498
172.501
157.52
142.54
127.556
112.565
97.5685
82.5667
67.5604
52.5505
37.5379
22.5235
7.50795
218.087
202.855
187.755
172.716
157.7
142.691
127.682
112.671
97.6562
82.6382
67.6172
52.5937
37.5683
22.5415
7.51391
218.204
203.056
187.966
172.91
157.87
142.838
127.807
112.776
97.7437
82.7097
67.674
52.6369
37.5986
22.5594
7.51986
218.277
203.212
188.148
173.088
158.032
142.979
127.929
112.879
97.8296
82.78
67.73
52.6794
37.6285
22.5772
7.52574
218.348
203.362
188.322
173.258
158.187
143.116
128.046
112.979
97.9131
82.8485
67.7845
52.7209
37.6576
22.5945
7.53148
218.463
203.544
188.508
173.429
158.338
143.247
128.159
113.075
97.9931
82.9141
67.8368
52.7607
37.6856
22.6111
7.53699
218.734
203.803
188.718
173.602
158.485
143.372
128.266
113.165
98.0688
82.9762
67.8864
52.7986
37.7122
22.6269
7.54223
219.544
204.163
188.944
173.773
158.624
143.489
128.365
113.249
98.1392
83.0341
67.9327
52.8339
37.7371
22.6417
7.54714
219.808
204.404
189.132
173.923
158.748
143.595
128.455
113.325
98.2035
83.0872
67.9751
52.8664
37.76
22.6553
7.55166
219.908
204.549
189.27
174.044
158.854
143.686
128.534
113.393
98.261
83.1348
68.0134
52.8957
37.7807
22.6676
7.55575
219.951
204.634
189.364
174.136
158.939
143.763
128.602
113.452
98.3113
83.1767
68.0472
52.9216
37.799
22.6785
7.55937
219.968
204.678
189.425
174.202
159.005
143.825
128.658
113.502
98.3542
83.2127
68.0763
52.9439
37.8148
22.6879
7.56249
219.964
204.693
189.457
174.246
159.053
143.873
128.704
113.543
98.3897
83.2426
68.1005
52.9625
37.8279
22.6957
7.56507
219.92
204.676
189.468
174.273
159.087
143.909
128.739
113.575
98.4181
83.2664
68.1197
52.9772
37.8383
22.7019
7.56711
219.755
204.628
189.463
174.287
159.111
143.936
128.766
113.6
98.4395
83.2843
68.1339
52.988
37.8457
22.7063
7.56855
219.707
204.601
189.459
174.298
159.128
143.956
128.785
113.617
98.4543
83.2962
68.143
52.9946
37.8501
22.7088
7.56937
219.694
204.594
189.462
174.308
159.142
143.971
128.798
113.628
98.4625
83.302
68.1468
52.9968
37.8513
22.7093
7.56951
219.696
204.601
189.474
174.322
159.155
143.981
128.806
113.633
98.464
83.3013
68.1448
52.9942
37.8489
22.7076
7.56891
219.709
204.625
189.497
174.341
159.168
143.988
128.808
113.63
98.4584
83.2937
68.1365
52.9864
37.8426
22.7035
7.56748
219.746
204.672
189.534
174.365
159.181
143.992
128.803
113.62
98.4446
83.2782
68.1211
52.9726
37.8317
22.6966
7.56511
219.85
204.756
189.587
174.394
159.192
143.989
128.791
113.601
98.4214
83.2536
68.0974
52.9519
37.8157
22.6865
7.56166
220.178
204.887
189.65
174.423
159.198
143.979
128.769
113.571
98.3869
83.2181
68.064
52.9232
37.7936
22.6726
7.55694
220.282
204.972
189.701
174.444
159.196
143.958
128.734
113.527
98.3387
83.1697
68.0191
52.8849
37.7645
22.6544
7.55074
220.323
205.024
189.735
174.453
159.181
143.922
128.683
113.466
98.2739
83.1058
67.9604
52.8353
37.727
22.631
7.54281
220.346
205.061
189.758
174.45
159.15
143.868
128.612
113.385
98.1888
83.0231
67.8855
52.7725
37.6796
22.6016
7.53283
220.377
205.104
189.778
174.435
159.101
143.792
128.516
113.278
98.0794
82.9181
67.7911
52.6938
37.6206
22.5651
7.52048
220.449
205.177
189.804
174.408
159.03
143.687
128.389
113.141
97.9405
82.7865
67.6738
52.5967
37.5481
22.5204
7.50536
220.662
205.313
189.838
174.364
158.928
143.546
128.224
112.965
97.7662
82.6231
67.5296
52.478
37.4599
22.4661
7.48704
221.364
205.528
189.865
174.286
158.783
143.358
128.012
112.744
97.5496
82.4225
67.3539
52.3343
37.3536
22.4008
7.46505
221.56
205.616
189.826
174.15
158.579
143.109
127.74
112.467
97.2831
82.1782
67.1417
52.1619
37.2265
22.3231
7.4389
221.597
205.59
189.7
173.936
158.298
142.786
127.398
112.125
96.958
81.8834
66.8877
51.9568
37.0761
22.2313
7.40805
221.571
205.474
189.482
173.627
157.923
142.372
126.971
111.706
96.5651
81.5309
66.5865
51.7149
36.8995
22.1239
7.372
221.507
205.277
189.161
173.207
157.435
141.85
126.443
111.198
96.0946
81.113
66.2322
51.4323
36.6941
21.9992
7.33023
221.41
204.994
188.721
172.653
156.813
141.2
125.799
110.586
95.5361
80.6221
65.8195
51.105
36.4572
21.856
7.28227
221.272
204.603
188.133
171.934
156.026
140.397
125.019
109.858
94.8796
80.051
65.3431
50.7296
36.1867
21.6928
7.22775
221.077
204.066
187.35
171.007
155.04
139.415
124.085
109
94.1155
79.3933
64.7989
50.3033
35.8809
21.5089
7.16638
220.795
203.315
186.301
169.813
153.811
138.224
122.975
107.997
93.2356
78.6437
64.1838
49.8244
35.5388
21.3037
7.098
220.359
202.235
184.88
168.274
152.289
136.792
121.671
106.841
92.2344
77.7997
63.4966
49.2925
35.1604
21.0773
7.02267
219.608
200.612
182.932
166.298
150.423
135.094
120.162
105.526
91.1103
76.8615
62.7383
48.7088
34.7468
20.8305
6.94062
218.107
198.067
180.251
163.789
148.172
133.114
118.444
104.053
89.867
75.8331
61.9128
48.0764
34.3003
20.5646
6.85233
214.496
193.971
176.624
160.686
145.527
130.86
116.528
102.435
88.5146
74.7231
61.0268
47.4005
33.8244
20.2818
6.75849
16.3612
29.088
41.8282
54.5915
67.3893
80.2356
93.1479
106.149
119.269
132.551
146.052
159.858
174.091
188.893
204.219
16.2436
28.7331
41.2294
53.7375
66.2632
78.8136
91.3973
104.025
116.71
129.466
142.307
155.237
168.223
181.117
193.437
16.1235
28.3705
40.6171
52.8634
65.1092
77.3543
89.5982
101.839
114.073
126.289
138.465
150.55
162.437
173.907
184.534
16.0032
28.0071
40.0036
51.9875
63.9529
75.8925
87.7975
99.6553
111.448
123.147
134.707
146.054
157.061
167.53
177.164
15.8849
27.6501
39.4012
51.128
62.8192
74.4618
86.0395
97.5318
108.911
120.138
131.157
141.888
152.215
161.981
170.986
15.771
27.3063
38.8214
50.3016
61.7313
73.0922
84.3628
95.5167
106.52
117.33
127.888
138.118
147.923
157.183
165.763
15.6635
26.982
38.2747
49.5237
60.7093
71.8094
82.7987
93.6471
104.318
114.768
124.94
134.767
144.169
153.055
161.333
15.5641
26.6824
37.7704
48.8071
59.7699
70.634
81.3714
91.9501
102.333
112.477
122.33
131.834
140.923
149.528
157.582
15.4744
26.4121
37.3158
48.1623
58.9265
69.5818
80.0987
90.4444
100.582
110.47
120.063
129.309
138.154
146.544
154.429
15.3956
26.1748
36.9171
47.5975
58.1894
68.6648
78.9933
89.1421
99.0754
108.754
118.137
127.178
135.833
144.058
151.813
15.3287
25.9733
36.579
47.1192
57.5662
67.8913
78.0637
88.0509
97.8183
107.329
116.545
125.427
133.935
142.034
149.69
15.2745
25.8099
36.3049
46.7318
57.0624
67.2672
77.3155
87.1752
96.8128
106.193
115.282
124.042
132.441
140.445
148.028
15.2333
25.6861
36.0974
46.4389
56.6818
66.7965
76.7522
86.5174
96.0593
105.345
114.341
123.014
131.333
139.27
146.8
15.2057
25.6031
35.9582
46.2425
56.4268
66.4815
76.3758
86.0785
95.5575
104.781
113.716
122.332
130.601
138.494
145.991
15.1918
25.5614
35.8883
46.1439
56.299
66.3237
76.1874
85.8589
95.3068
104.499
113.405
121.993
130.237
138.109
145.589
217.202
221.584
223.604
224.752
225.515
226.077
226.517
226.877
227.179
227.437
227.661
227.857
228.03
228.185
228.323
228.447
228.558
228.659
228.75
228.833
228.908
228.976
229.038
229.095
229.146
229.192
229.235
229.273
229.308
229.339
229.368
229.393
229.416
229.437
229.455
229.472
229.486
229.498
229.509
229.518
229.525
229.53
229.535
229.537
229.538
229.538
229.536
229.533
229.528
229.521
229.513
229.504
229.492
229.479
229.464
229.446
229.427
229.405
229.381
229.354
229.324
229.291
229.254
229.214
229.17
229.121
229.067
229.008
228.943
228.872
228.793
228.707
228.611
228.506
228.389
228.26
228.115
227.954
227.773
227.568
227.334
227.064
226.748
226.372
225.912
225.324
224.526
223.326
221.213
216.631
202.998
208.858
212.775
215.516
217.542
219.112
220.375
221.421
222.306
223.067
223.729
224.31
224.826
225.284
225.695
226.064
226.397
226.698
226.97
227.217
227.441
227.644
227.829
227.997
228.15
228.289
228.416
228.53
228.634
228.729
228.814
228.89
228.959
229.021
229.075
229.124
229.167
229.203
229.235
229.261
229.283
229.3
229.312
229.32
229.323
229.322
229.317
229.307
229.292
229.273
229.249
229.22
229.186
229.146
229.1
229.049
228.99
228.925
228.853
228.772
228.682
228.583
228.474
228.354
228.221
228.076
227.916
227.739
227.546
227.333
227.098
226.84
226.555
226.241
225.893
225.507
225.078
224.598
224.059
223.451
222.759
221.964
221.039
219.945
218.624
216.982
214.864
211.998
207.903
201.776
192.862
198.92
203.627
207.298
210.212
212.576
214.534
216.186
217.6
218.827
219.9
220.848
221.69
222.441
223.116
223.722
224.27
224.765
225.214
225.621
225.991
226.327
226.632
226.91
227.163
227.393
227.602
227.791
227.963
228.119
228.259
228.386
228.5
228.602
228.692
228.773
228.843
228.904
228.956
229
229.036
229.064
229.084
229.097
229.102
229.101
229.091
229.075
229.051
229.019
228.979
228.931
228.875
228.809
228.734
228.648
228.552
228.444
228.324
228.19
228.042
227.879
227.698
227.499
227.28
227.039
226.775
226.484
226.164
225.812
225.425
224.999
224.53
224.012
223.439
222.805
222.1
221.314
220.434
219.443
218.321
217.039
215.56
213.833
211.786
209.315
206.268
202.43
197.508
191.173
184.892
190.916
195.962
200.16
203.664
206.614
209.124
211.281
213.154
214.794
216.241
217.525
218.671
219.698
220.621
221.453
222.206
222.887
223.505
224.067
224.577
225.041
225.463
225.847
226.196
226.514
226.803
227.065
227.303
227.518
227.713
227.888
228.046
228.187
228.312
228.423
228.521
228.605
228.678
228.738
228.788
228.826
228.854
228.872
228.88
228.877
228.864
228.842
228.808
228.764
228.709
228.643
228.564
228.473
228.369
228.251
228.118
227.968
227.802
227.617
227.412
227.186
226.936
226.661
226.358
226.025
225.66
225.257
224.816
224.33
223.796
223.209
222.563
221.85
221.063
220.192
219.227
218.154
216.956
215.613
214.1
212.386
210.427
208.172
205.548
202.464
198.801
194.412
189.136
182.838
178.358
184.308
189.507
194.011
197.904
201.275
204.208
206.774
209.032
211.029
212.805
214.391
215.813
217.092
218.245
219.288
220.232
221.089
221.867
222.574
223.218
223.803
224.336
224.822
225.263
225.665
226.03
226.362
226.663
226.935
227.182
227.404
227.603
227.782
227.941
228.081
228.205
228.312
228.403
228.48
228.543
228.592
228.627
228.65
228.659
228.656
228.64
228.611
228.569
228.513
228.443
228.359
228.26
228.145
228.013
227.863
227.694
227.505
227.295
227.061
226.802
226.515
226.199
225.851
225.468
225.047
224.584
224.076
223.518
222.905
222.232
221.492
220.679
219.783
218.795
217.705
216.498
215.161
213.675
212.016
210.16
208.072
205.711
203.029
199.962
196.438
192.368
187.66
182.224
176.003
172.894
178.774
184.044
188.731
192.883
196.557
199.811
202.7
205.273
207.572
209.631
211.482
213.149
214.655
216.018
217.253
218.374
219.392
220.319
221.162
221.93
222.629
223.267
223.847
224.375
224.856
225.294
225.691
226.052
226.378
226.674
226.94
227.179
227.393
227.584
227.752
227.9
228.029
228.138
228.231
228.306
228.364
228.407
228.434
228.445
228.441
228.422
228.387
228.337
228.27
228.186
228.085
227.966
227.828
227.67
227.49
227.288
227.061
226.809
226.528
226.218
225.874
225.496
225.079
224.62
224.116
223.563
222.955
222.288
221.556
220.752
219.87
218.901
217.836
216.663
215.372
213.947
212.373
210.629
208.694
206.541
204.138
201.449
198.428
195.026
191.185
186.844
181.944
176.435
170.288
168.291
174.108
179.411
184.212
188.54
192.432
195.928
199.071
201.899
204.447
206.746
208.825
210.706
212.413
213.962
215.37
216.65
217.816
218.878
219.846
220.729
221.533
222.267
222.935
223.544
224.098
224.603
225.061
225.477
225.854
226.195
226.502
226.778
227.026
227.246
227.44
227.611
227.76
227.887
227.993
228.08
228.147
228.197
228.228
228.241
228.237
228.214
228.174
228.116
228.038
227.942
227.825
227.688
227.528
227.345
227.138
226.904
226.643
226.351
226.027
225.669
225.272
224.836
224.355
223.826
223.245
222.607
221.907
221.139
220.297
219.374
218.361
217.25
216.031
214.691
213.219
211.6
209.816
207.848
205.675
203.271
200.607
197.651
194.366
190.71
186.641
182.117
177.098
171.554
165.472
164.409
170.174
175.49
180.365
184.815
188.865
192.545
195.886
198.917
201.669
204.168
206.44
208.505
210.385
212.098
213.658
215.081
216.378
217.562
218.642
219.628
220.528
221.348
222.097
222.779
223.4
223.966
224.48
224.947
225.37
225.752
226.097
226.407
226.685
226.932
227.151
227.343
227.509
227.652
227.771
227.869
227.945
228
228.035
228.05
228.045
228.02
227.975
227.909
227.822
227.714
227.583
227.428
227.249
227.044
226.811
226.549
226.255
225.928
225.564
225.162
224.717
224.227
223.687
223.094
222.443
221.728
220.945
220.086
219.144
218.113
216.983
215.744
214.387
212.899
211.268
209.477
207.512
205.352
202.977
200.364
197.487
194.318
190.826
186.979
182.744
178.092
172.996
167.439
161.412
161.156
166.877
172.197
177.119
181.655
185.822
189.641
193.134
196.328
199.244
201.908
204.34
206.561
208.589
210.441
212.134
213.68
215.092
216.383
217.563
218.64
219.624
220.522
221.342
222.09
222.771
223.391
223.955
224.468
224.932
225.352
225.731
226.071
226.376
226.648
226.888
227.099
227.282
227.438
227.57
227.677
227.76
227.821
227.86
227.876
227.87
227.843
227.793
227.721
227.626
227.506
227.362
227.193
226.996
226.77
226.515
226.226
225.904
225.544
225.145
224.703
224.215
223.677
223.085
222.435
221.721
220.938
220.079
219.139
218.109
216.982
215.748
214.398
212.92
211.303
209.534
207.597
205.476
203.154
200.611
197.827
194.777
191.439
187.787
183.795
179.439
174.697
169.551
163.989
158.009
158.463
164.147
169.466
174.421
179.019
183.271
187.194
190.806
194.126
197.174
199.97
202.533
204.882
207.034
209.004
210.808
212.46
213.971
215.353
216.618
217.775
218.832
219.797
220.679
221.484
222.218
222.886
223.493
224.045
224.546
224.999
225.407
225.774
226.103
226.396
226.655
226.883
227.08
227.249
227.391
227.506
227.596
227.662
227.703
227.721
227.715
227.685
227.632
227.554
227.451
227.322
227.167
226.984
226.772
226.528
226.252
225.942
225.594
225.206
224.776
224.299
223.773
223.193
222.556
221.855
221.086
220.243
219.32
218.309
217.203
215.992
214.669
213.223
211.642
209.916
208.029
205.969
203.719
201.263
198.583
195.66
192.473
189.002
185.227
181.126
176.68
171.874
166.695
161.134
155.192
156.28
161.936
167.252
172.228
176.869
181.184
185.185
188.887
192.305
195.455
198.356
201.025
203.477
205.729
207.796
209.691
211.43
213.023
214.482
215.818
217.041
218.159
219.182
220.116
220.969
221.746
222.455
223.1
223.685
224.216
224.697
225.131
225.52
225.87
226.181
226.456
226.697
226.907
227.086
227.237
227.359
227.455
227.525
227.569
227.588
227.581
227.55
227.493
227.41
227.301
227.164
226.999
226.805
226.579
226.321
226.028
225.698
225.329
224.917
224.46
223.954
223.396
222.781
222.104
221.361
220.546
219.653
218.675
217.604
216.434
215.154
213.756
212.23
210.564
208.746
206.764
204.603
202.248
199.684
196.895
193.862
190.568
186.995
183.125
178.942
174.431
169.58
164.378
158.821
152.909
154.572
160.205
165.517
170.508
175.18
179.54
183.598
187.366
190.858
194.086
197.068
199.817
202.349
204.68
206.822
208.79
210.598
212.256
213.776
215.169
216.445
217.613
218.681
219.658
220.549
221.363
222.104
222.779
223.392
223.948
224.451
224.905
225.313
225.679
226.004
226.293
226.546
226.765
226.953
227.111
227.239
227.34
227.413
227.459
227.479
227.472
227.439
227.379
227.292
227.178
227.035
226.862
226.658
226.422
226.152
225.845
225.499
225.112
224.681
224.203
223.673
223.089
222.445
221.737
220.96
220.107
219.173
218.151
217.032
215.81
214.475
213.017
211.427
209.693
207.803
205.745
203.504
201.068
198.42
195.546
192.429
189.054
185.404
181.465
177.222
172.664
167.78
162.563
157.011
151.122
153.312
158.929
164.237
169.237
173.93
178.321
182.42
186.235
189.778
193.063
196.102
198.911
201.502
203.89
206.088
208.11
209.969
211.676
213.242
214.678
215.994
217.199
218.302
219.31
220.231
221.071
221.837
222.535
223.169
223.743
224.264
224.733
225.155
225.533
225.87
226.168
226.43
226.657
226.852
227.015
227.148
227.251
227.327
227.375
227.395
227.388
227.354
227.292
227.203
227.084
226.936
226.757
226.547
226.302
226.022
225.705
225.347
224.947
224.502
224.007
223.459
222.855
222.19
221.458
220.655
219.774
218.809
217.753
216.599
215.337
213.96
212.458
210.82
209.035
207.091
204.977
202.678
200.181
197.472
194.536
191.358
187.924
184.22
180.232
175.947
171.356
166.451
161.224
155.675
149.804
152.482
158.088
163.393
168.398
173.104
177.516
181.64
185.485
189.062
192.383
195.46
198.307
200.936
203.362
205.597
207.655
209.548
211.287
212.883
214.348
215.691
216.921
218.046
219.076
220.017
220.875
221.658
222.371
223.018
223.606
224.137
224.617
225.049
225.435
225.78
226.085
226.352
226.584
226.783
226.95
227.086
227.192
227.269
227.318
227.339
227.332
227.297
227.234
227.142
227.021
226.869
226.687
226.471
226.221
225.935
225.611
225.245
224.836
224.381
223.875
223.315
222.698
222.018
221.27
220.449
219.549
218.564
217.486
216.307
215.02
213.615
212.083
210.412
208.594
206.615
204.463
202.125
199.589
196.84
193.863
190.646
187.175
183.435
179.415
175.105
170.493
165.574
160.342
154.795
148.936
152.07
157.67
162.974
167.982
172.694
177.115
181.251
185.111
188.705
192.043
195.139
198.005
200.653
203.098
205.352
207.427
209.337
211.092
212.703
214.182
215.538
216.781
217.918
218.958
219.909
220.777
221.568
222.288
222.943
223.536
224.074
224.559
224.995
225.386
225.734
226.042
226.313
226.548
226.748
226.917
227.054
227.162
227.24
227.289
227.31
227.303
227.268
227.204
227.111
226.989
226.836
226.651
226.433
226.181
225.891
225.563
225.194
224.78
224.32
223.808
223.243
222.619
221.931
221.175
220.346
219.437
218.441
217.351
216.161
214.86
213.441
211.894
210.208
208.373
206.376
204.205
201.849
199.293
196.523
193.527
190.291
186.801
183.044
179.009
174.685
170.064
165.138
159.903
154.358
148.504
203.055
187.029
171.552
156.671
142.236
128.12
114.234
100.517
86.9253
73.4262
59.9962
46.6169
33.2739
19.9551
6.65018
191.778
178.896
165.414
151.837
138.318
124.893
111.557
98.2956
85.0939
71.9385
58.818
45.7235
32.6474
19.5838
6.52715
182.466
171.355
159.363
146.935
134.3
121.57
108.799
96.009
83.2119
70.4119
57.6108
44.8091
32.0069
19.2043
6.40148
174.757
164.685
153.74
142.231
130.369
118.284
106.053
93.7246
81.3282
68.8828
56.4012
43.8928
31.3651
18.8242
6.27558
168.296
158.881
148.671
137.874
126.656
115.136
103.399
91.5034
79.4894
67.3861
55.2153
42.9936
30.7349
18.4508
6.15188
162.833
153.862
144.182
133.931
123.236
112.199
100.899
89.3955
77.7355
65.9535
54.0773
42.1293
30.1284
18.0912
6.03272
158.199
149.545
140.255
130.426
120.152
109.519
98.5953
87.4399
76.0994
64.6117
53.0083
41.3156
29.5566
17.7519
5.92024
154.275
145.855
136.86
127.358
117.423
107.122
96.5187
85.6649
74.6064
63.3822
52.0257
40.566
29.0291
17.4385
5.8163
150.976
142.734
133.963
124.717
115.052
105.024
94.6872
84.0899
73.2752
62.2817
51.1436
39.8915
28.5536
17.1558
5.72249
148.24
140.133
131.536
122.488
113.037
103.229
93.1113
82.7278
72.119
61.3225
50.3726
39.3008
28.1366
16.9075
5.64009
146.02
138.016
129.55
120.656
111.372
101.738
91.7964
81.5864
71.1467
60.5135
49.7207
38.8005
27.7829
16.6968
5.57011
144.281
136.354
127.987
119.208
110.051
100.55
90.7447
80.6705
70.3642
59.8608
49.1938
38.3953
27.4962
16.5259
5.51332
142.997
135.125
126.828
118.132
109.066
99.6628
89.9566
79.9825
69.775
59.3684
48.7957
38.0889
27.2791
16.3964
5.47029
142.15
134.314
126.063
117.42
108.413
99.0728
89.4318
79.5234
69.3813
59.0389
48.529
37.8834
27.1335
16.3095
5.4414
141.73
133.911
125.682
117.065
108.087
98.7783
89.1696
79.2938
69.1842
58.8738
48.3952
37.7804
27.0604
16.2659
5.42689
)
;

boundaryField
{
    hot
    {
        type            fixedValue;
        value           uniform 10;
    }
    cold
    {
        type            fixedValue;
        value           uniform 0;
    }
    interface_left
    {
        type            fixedValue;
        value           nonuniform List<scalar> 
90
(
142.505
142.505
142.505
142.505
142.505
142.505
142.505
142.505
142.505
175.226
175.226
175.226
175.226
175.226
175.226
175.226
196.036
196.036
196.036
196.036
196.036
196.036
209.1
209.1
209.1
209.1
209.1
209.1
209.1
216.854
216.854
216.854
216.854
216.854
216.854
216.854
221.072
221.072
221.072
221.072
221.072
221.072
221.072
224.535
224.535
224.535
224.535
224.535
224.535
225.72
225.72
225.72
225.72
225.72
225.72
225.72
227.527
227.527
227.527
227.527
227.527
227.527
227.527
227.125
227.125
227.125
227.125
227.125
227.125
227.125
227.864
227.864
227.864
227.864
227.864
227.864
227.864
229.518
229.518
229.518
229.518
229.518
229.518
229.518
229.518
229.518
229.518
229.518
229.518
229.518
)
;
    }
    interface_right
    {
        type            fixedValue;
        value           nonuniform List<scalar> 
90
(
222.899
222.899
222.899
222.899
222.899
222.899
222.899
222.899
222.899
222.899
222.899
222.899
222.899
222.899
222.899
222.899
222.899
222.899
222.899
222.899
222.899
222.899
222.899
222.899
222.899
222.899
222.899
222.899
222.899
222.899
222.899
222.899
222.899
222.899
222.899
222.899
222.899
222.899
222.899
222.899
222.899
222.899
222.899
222.899
222.899
222.899
222.899
222.899
224.535
225.72
225.72
225.72
225.72
225.72
225.72
225.72
227.527
227.527
227.527
227.527
227.527
227.527
227.527
227.125
227.125
227.125
227.125
227.125
227.125
227.125
227.864
227.864
227.864
227.864
227.864
227.864
227.864
229.518
229.518
229.518
229.518
229.518
229.518
229.518
229.518
229.518
229.518
229.518
229.518
229.518
)
;
    }
    interface_top
    {
        type            fixedValue;
        value           uniform 229.518;
    }
    interface_bottom
    {
        type            fixedValue;
        value           nonuniform List<scalar> 
90
(
142.505
142.505
142.505
142.505
142.505
142.505
142.505
142.505
142.505
142.505
142.505
142.505
142.505
142.505
142.505
142.505
142.505
142.505
142.505
142.505
142.505
142.505
142.505
142.505
142.505
142.505
142.505
142.505
142.505
142.505
142.505
142.505
164.115
164.115
164.115
164.115
164.115
164.115
164.115
164.115
164.115
164.115
164.115
191.288
191.288
191.288
191.288
191.288
191.288
191.288
191.288
191.288
191.288
191.288
191.288
191.288
208.649
208.649
208.649
208.649
208.649
208.649
208.649
208.649
208.649
208.649
208.649
208.649
208.649
208.649
220.598
220.598
220.598
220.598
220.598
220.598
220.598
220.598
220.598
220.598
220.598
220.598
220.598
222.899
222.899
222.899
222.899
222.899
222.899
222.899
)
;
    }
    defaultFaces
    {
        type            empty;
    }
}


// ************************************************************************* //
