/*--------------------------------*- C++ -*----------------------------------*\
| =========                 |                                                 |
| \\      /  F ield         | OpenFOAM: The Open Source CFD Toolbox           |
|  \\    /   O peration     | Version:  5.x                                   |
|   \\  /    A nd           | Web:      www.OpenFOAM.org                      |
|    \\/     M anipulation  |                                                 |
\*---------------------------------------------------------------------------*/
FoamFile
{
    version     2.0;
    format      ascii;
    class       volScalarField;
    location    "3.2";
    object      T;
}
// * * * * * * * * * * * * * * * * * * * * * * * * * * * * * * * * * * * * * //

dimensions      [0 0 0 1 0 0 0];

internalField   nonuniform List<scalar> 
6300
(
29.8446
69.4777
108.942
148.124
186.909
225.181
262.825
299.721
335.754
370.807
404.767
437.527
468.99
499.069
527.694
29.8999
69.6438
109.219
148.514
187.413
225.8
263.559
300.572
336.719
371.882
405.948
438.805
470.352
500.5
529.176
30.0103
69.9754
109.774
149.293
188.419
227.037
265.029
302.274
338.651
374.039
408.318
441.371
473.091
503.381
532.161
30.1752
70.471
110.602
150.459
189.926
228.891
267.232
304.83
341.557
377.288
411.895
445.251
477.239
507.749
536.691
30.3938
71.128
111.702
152.006
191.929
231.356
270.168
308.241
345.445
381.645
416.703
450.48
482.841
513.66
542.832
30.6648
71.9428
113.065
153.927
194.418
234.426
273.832
312.508
350.32
387.126
422.772
457.104
489.962
521.197
550.676
30.9864
72.9101
114.685
156.211
197.382
238.089
278.212
317.624
356.187
393.747
430.138
465.18
498.685
530.465
560.352
31.3563
74.0227
116.55
158.843
200.803
242.323
283.289
323.575
363.039
401.519
438.833
474.772
509.108
541.602
572.028
31.7712
75.2714
118.644
161.802
204.654
247.101
289.035
330.334
370.858
410.441
448.882
485.945
521.349
554.782
585.928
32.2272
76.6442
120.948
165.061
208.901
252.381
295.402
337.853
379.602
420.483
460.29
498.755
535.537
570.224
602.356
32.7198
78.1271
123.438
168.585
213.499
258.107
302.326
346.06
389.195
431.582
473.018
513.223
551.797
588.195
621.73
33.2434
79.7039
126.085
172.334
218.395
264.211
309.72
354.851
399.519
443.61
486.956
529.297
570.207
609
644.644
33.7923
81.3566
128.86
176.263
223.526
270.61
317.478
364.089
410.403
456.362
501.878
546.778
590.709
632.925
671.958
34.3603
83.0667
131.73
180.325
228.826
277.214
325.477
373.609
421.622
469.537
517.391
565.204
612.897
660.006
704.89
34.9417
84.8161
134.664
184.472
234.229
283.932
333.59
383.233
432.918
482.753
532.921
583.725
635.641
689.279
744.652
552.552
574.084
594.542
613.929
632.258
649.551
665.842
681.168
695.576
709.115
721.84
733.807
745.073
755.698
765.738
775.252
784.294
792.919
801.179
809.122
816.795
824.242
831.502
838.611
845.602
852.502
859.336
866.122
872.875
879.603
886.313
893.004
899.675
906.321
912.934
919.504
926.021
932.474
938.849
945.134
951.315
957.376
963.303
969.081
974.693
980.125
985.363
990.392
995.2
999.775
1004.11
1008.18
1011.99
1015.52
1018.75
1021.68
1024.28
1026.55
1028.46
1029.99
1031.13
1031.85
1032.13
1031.95
1031.28
1030.08
1028.34
1026.01
1023.06
1019.44
1015.12
1010.03
1004.14
997.377
989.697
981.037
971.335
960.53
948.556
935.352
920.853
905
887.735
869.006
848.767
826.979
803.617
778.664
752.118
723.991
554.062
575.604
596.057
615.424
633.719
650.966
667.2
682.46
696.794
710.255
722.899
734.782
745.964
756.504
766.462
775.895
784.859
793.41
801.598
809.474
817.085
824.474
831.681
838.743
845.694
852.56
859.367
866.132
872.871
879.592
886.3
892.994
899.673
906.329
912.955
919.541
926.075
932.545
938.94
945.245
951.447
957.53
963.48
969.279
974.913
980.366
985.623
990.671
995.496
1000.09
1004.44
1008.53
1012.35
1015.9
1019.15
1022.1
1024.73
1027.02
1028.96
1030.52
1031.69
1032.44
1032.76
1032.62
1031.99
1030.84
1029.15
1026.87
1023.98
1020.43
1016.17
1011.16
1005.35
998.67
991.076
982.504
972.893
962.18
950.298
937.185
922.774
907.004
889.816
871.153
850.968
829.221
805.882
780.934
754.372
726.209
557.104
578.666
599.108
618.434
636.659
653.811
669.927
685.053
699.238
712.54
725.018
736.731
747.743
758.114
767.906
777.176
785.984
794.384
802.43
810.171
817.656
824.928
832.03
838.999
845.868
852.666
859.417
866.142
872.853
879.56
886.265
892.968
899.663
906.342
912.995
919.612
926.179
932.686
939.119
945.464
951.709
957.836
963.831
969.676
975.354
980.849
986.145
991.229
996.089
1000.71
1005.09
1009.22
1013.08
1016.66
1019.96
1022.95
1025.63
1027.97
1029.96
1031.58
1032.81
1033.63
1034.02
1033.95
1033.4
1032.35
1030.75
1028.59
1025.82
1022.4
1018.28
1013.42
1007.76
1001.25
993.828
985.435
976.007
965.479
953.783
940.854
926.622
911.022
893.989
875.464
855.392
833.729
810.439
785.501
758.91
730.674
561.722
583.316
603.74
622.999
641.114
658.117
674.051
688.967
702.923
715.98
728.203
739.658
750.411
760.525
770.064
779.089
787.66
795.833
803.663
811.201
818.495
825.592
832.534
839.36
846.105
852.8
859.469
866.132
872.804
879.491
886.196
892.913
899.636
906.352
913.049
919.714
926.333
932.893
939.384
945.79
952.099
958.295
964.359
970.273
976.019
981.577
986.933
992.071
996.981
1001.65
1006.08
1010.25
1014.16
1017.8
1021.16
1024.22
1026.97
1029.39
1031.46
1033.17
1034.49
1035.4
1035.89
1035.94
1035.51
1034.59
1033.15
1031.15
1028.56
1025.33
1021.42
1016.79
1011.37
1005.11
997.947
989.824
980.673
970.426
959.015
946.367
932.411
917.074
900.284
881.974
862.081
840.552
817.343
792.426
765.791
737.445
567.986
589.623
610.02
629.184
647.141
663.932
679.609
694.232
707.867
720.587
732.461
743.563
753.962
763.727
772.926
781.62
789.872
797.74
805.279
812.543
819.581
826.441
833.167
839.8
846.377
852.931
859.489
866.072
872.693
879.359
886.068
892.812
899.579
906.35
913.11
919.841
926.529
933.162
939.729
946.217
952.613
958.902
965.062
971.073
976.912
982.559
987.994
993.203
998.176
1002.91
1007.39
1011.62
1015.6
1019.31
1022.75
1025.9
1028.74
1031.27
1033.45
1035.27
1036.71
1037.75
1038.37
1038.56
1038.3
1037.55
1036.3
1034.52
1032.17
1029.21
1025.58
1021.25
1016.15
1010.23
1003.42
995.66
986.883
977.019
965.995
953.734
940.158
925.187
908.739
890.735
871.1
849.767
826.68
801.801
775.112
746.616
575.997
597.69
618.045
637.077
654.818
671.321
686.652
700.885
714.099
726.377
737.798
748.444
758.391
767.712
776.477
784.752
792.601
800.083
807.256
814.173
820.886
827.444
833.895
840.282
846.644
853.018
859.435
865.916
872.478
879.124
885.85
892.64
899.474
906.326
913.172
919.99
926.765
933.487
940.146
946.736
953.243
959.652
965.94
972.08
978.044
983.804
989.339
994.634
999.68
1004.48
1009.02
1013.32
1017.37
1021.17
1024.71
1027.97
1030.94
1033.6
1035.92
1037.88
1039.47
1040.66
1041.44
1041.8
1041.73
1041.2
1040.19
1038.68
1036.63
1034
1030.73
1026.78
1022.09
1016.59
1010.23
1002.93
994.626
985.25
974.723
962.963
949.885
935.397
919.405
901.816
882.536
861.479
838.572
813.759
787.009
758.322
585.892
607.654
627.949
646.797
664.247
680.367
695.245
708.972
721.646
733.364
744.218
754.297
763.685
772.46
780.696
788.461
795.821
802.835
809.562
816.058
822.375
828.565
834.677
840.759
846.855
853.006
859.247
865.607
872.101
878.735
885.498
892.366
899.303
906.271
913.232
920.16
927.038
933.86
940.625
947.332
953.974
960.536
966.99
973.301
979.428
985.333
990.99
996.383
1001.51
1006.37
1010.97
1015.33
1019.46
1023.36
1027.02
1030.43
1033.56
1036.38
1038.87
1041
1042.75
1044.12
1045.08
1045.64
1045.78
1045.5
1044.77
1043.58
1041.89
1039.66
1036.83
1033.35
1029.15
1024.17
1018.34
1011.6
1003.88
995.107
985.194
974.06
961.61
947.741
932.343
915.302
896.502
875.829
853.181
828.478
801.67
772.747
597.854
619.702
639.907
658.502
675.557
691.172
705.46
718.542
730.538
741.561
751.719
761.11
769.826
777.949
785.557
792.719
799.5
805.962
812.164
818.162
824.009
829.759
835.464
841.177
846.948
852.824
858.851
865.063
871.484
878.12
884.956
891.952
899.049
906.185
913.301
920.362
927.352
934.276
941.147
947.98
954.78
961.534
968.207
974.746
981.089
987.181
992.982
998.478
1003.67
1008.58
1013.23
1017.65
1021.85
1025.86
1029.67
1033.25
1036.58
1039.6
1042.3
1044.62
1046.56
1048.11
1049.27
1050.03
1050.41
1050.4
1049.99
1049.17
1047.9
1046.14
1043.83
1040.91
1037.3
1032.93
1027.74
1021.66
1014.63
1006.57
997.393
987.021
975.346
962.255
947.617
931.294
913.136
892.993
870.723
846.204
819.353
790.144
612.135
634.089
654.155
672.392
688.911
703.855
717.38
729.644
740.795
750.969
760.288
768.86
776.784
784.146
791.023
797.487
803.601
809.428
815.024
820.445
825.745
830.979
836.203
841.474
846.85
852.389
858.148
864.179
870.518
877.18
884.144
891.35
898.701
906.086
913.411
920.625
927.722
934.726
941.683
948.635
955.612
962.608
969.578
976.434
983.073
989.405
995.375
1000.97
1006.21
1011.13
1015.78
1020.22
1024.49
1028.61
1032.59
1036.4
1039.98
1043.27
1046.21
1048.76
1050.9
1052.64
1053.98
1054.94
1055.56
1055.83
1055.76
1055.36
1054.58
1053.38
1051.69
1049.42
1046.5
1042.84
1038.38
1033.06
1026.82
1019.59
1011.29
1001.82
991.093
978.964
965.289
949.897
932.6
913.194
891.476
867.261
840.408
810.858
629.084
651.162
671.007
688.726
704.5
718.546
731.083
742.315
752.426
761.574
769.896
777.51
784.516
791.003
797.048
802.72
808.081
813.188
818.098
822.863
827.538
832.176
836.837
841.581
846.477
851.597
857.016
862.812
869.049
875.764
882.944
890.501
898.266
906.032
913.639
921.019
928.184
935.206
942.184
949.216
956.376
963.682
971.07
978.394
985.459
992.109
998.269
1003.94
1009.16
1014.02
1018.61
1023.01
1027.3
1031.53
1035.72
1039.83
1043.77
1047.41
1050.65
1053.45
1055.79
1057.69
1059.19
1060.33
1061.16
1061.7
1062
1062.04
1061.83
1061.29
1060.34
1058.85
1056.72
1053.87
1050.23
1045.76
1040.41
1034.12
1026.82
1018.42
1008.82
997.869
985.401
971.215
955.07
936.696
915.798
892.088
865.323
835.373
649.201
671.419
690.89
707.827
722.546
735.378
746.63
756.567
765.407
773.331
780.487
786.996
792.959
798.46
803.574
808.363
812.886
817.196
821.342
825.374
829.343
833.302
837.31
841.431
845.743
850.333
855.303
860.77
866.85
873.638
881.162
889.313
897.789
906.165
914.155
921.679
928.811
935.709
942.565
949.572
956.889
964.594
972.615
980.686
988.4
995.479
1001.83
1007.5
1012.6
1017.27
1021.66
1025.91
1030.15
1034.47
1038.93
1043.47
1047.94
1052.07
1055.7
1058.76
1061.26
1063.28
1064.88
1066.13
1067.12
1067.91
1068.54
1069.08
1069.5
1069.76
1069.72
1069.16
1067.95
1065.99
1063.24
1059.69
1055.31
1050.06
1043.9
1036.73
1028.45
1018.93
1007.96
995.321
980.721
963.802
944.142
921.285
894.797
864.392
673.256
695.601
714.388
730.09
743.274
754.45
764.037
772.361
779.672
786.16
791.975
797.233
802.029
806.439
810.529
814.353
817.962
821.4
824.711
827.938
831.125
834.321
837.581
840.97
844.569
848.481
852.838
857.806
863.591
870.414
878.439
887.614
897.418
906.814
915.301
922.865
929.736
936.232
942.688
949.441
956.804
965.009
974.051
983.45
992.216
999.858
1006.34
1011.84
1016.61
1020.87
1024.87
1028.79
1032.83
1037.18
1041.97
1047.19
1052.54
1057.43
1061.53
1064.82
1067.41
1069.43
1071.02
1072.28
1073.34
1074.28
1075.21
1076.22
1077.37
1078.64
1079.79
1080.39
1080.22
1079.21
1077.39
1074.78
1071.42
1067.3
1062.38
1056.6
1049.86
1042.02
1032.89
1022.22
1009.68
994.824
977.063
955.681
929.884
899.007
702.558
724.877
742.292
755.947
766.857
775.775
783.228
789.58
795.083
799.921
804.226
808.098
811.616
814.842
817.827
820.615
823.244
825.749
828.163
830.52
832.856
835.209
837.626
840.166
842.905
845.95
849.451
853.628
858.8
865.417
874.019
884.972
897.591
908.734
917.736
925.006
931.161
936.771
942.344
948.389
955.466
964.179
974.929
987.083
997.612
1005.87
1012.21
1017.2
1021.29
1024.84
1028.14
1031.45
1035.03
1039.22
1044.35
1050.68
1057.79
1063.86
1068.48
1071.86
1074.34
1076.18
1077.58
1078.7
1079.68
1080.64
1081.72
1083.12
1085.05
1087.64
1090.61
1092.71
1093.66
1093.57
1092.61
1090.93
1088.6
1085.65
1082.07
1077.82
1072.82
1066.94
1060.01
1051.79
1041.95
1029.99
1015.17
996.407
972.256
941.091
739.745
761.18
775.579
785.72
793.271
799.174
803.969
807.981
811.417
814.412
817.062
819.436
821.586
823.554
825.372
827.068
828.667
830.19
831.659
833.096
834.522
835.965
837.455
839.036
840.763
842.724
845.053
847.975
851.889
857.521
866.175
879.892
899.849
913.695
922.625
928.713
933.331
937.32
941.281
945.811
951.731
960.373
973.748
993.013
1006.24
1014.58
1020.01
1023.81
1026.71
1029.13
1031.36
1033.66
1036.33
1039.84
1044.99
1052.98
1064.51
1072.35
1077.17
1080.18
1082.14
1083.5
1084.5
1085.3
1086.01
1086.77
1087.75
1089.23
1091.74
1096.06
1102.63
1106.65
1108.56
1109.13
1108.85
1107.97
1106.63
1104.87
1102.7
1100.09
1097
1093.33
1088.94
1083.65
1077.24
1069.26
1058.92
1044.86
1024.7
994.442
791.659
807.578
814.96
819.187
822.023
824.13
825.799
827.176
828.347
829.362
830.257
831.058
831.781
832.443
833.053
833.623
834.159
834.67
835.164
835.646
836.126
836.612
837.117
837.654
838.247
838.929
839.76
840.855
842.466
845.231
851.002
865.787
910.864
925.696
931.564
934.495
936.366
937.867
939.357
941.19
944.035
949.711
964.042
1007.59
1021.87
1027.44
1030.12
1031.68
1032.77
1033.65
1034.45
1035.3
1036.38
1038.08
1041.49
1050.14
1076.52
1085.12
1088.42
1089.95
1090.79
1091.31
1091.68
1091.98
1092.24
1092.55
1092.99
1093.83
1095.79
1101.19
1118.3
1123.6
1125.35
1125.89
1125.91
1125.66
1125.22
1124.64
1123.91
1123.03
1121.98
1120.72
1119.15
1117.08
1114.77
1111.89
1107.98
1102.08
1091.64
1068.93
691.339
653.541
613.66
571.817
528.148
482.807
435.954
387.756
338.382
287.998
236.768
184.854
132.412
79.5962
26.5568
693.495
655.603
615.605
573.624
529.805
484.303
437.285
388.921
339.381
288.834
237.446
185.376
132.782
79.8171
26.6302
697.835
659.75
619.512
577.253
533.127
487.301
439.949
391.25
341.377
290.504
238.797
186.417
133.52
80.2571
26.7765
704.413
666.031
625.42
582.731
538.133
491.809
443.949
394.739
344.363
292.998
240.813
187.968
134.619
80.9125
26.9943
713.317
674.519
633.388
590.099
544.847
497.839
449.283
399.382
348.328
296.305
243.481
190.019
136.07
81.7776
27.2817
724.671
685.319
643.495
599.411
553.3
505.402
455.95
405.165
353.253
300.401
246.781
192.552
137.86
82.8439
27.6358
738.643
698.569
655.843
610.732
563.524
514.502
463.934
412.064
359.107
305.256
250.683
195.541
139.97
84.0997
28.0527
755.461
714.449
670.556
624.132
575.543
525.132
473.208
420.036
365.843
310.824
255.146
198.953
142.375
85.5299
28.5273
775.43
733.191
687.778
639.679
589.366
537.261
483.714
429.015
373.395
317.043
260.116
202.744
145.044
87.115
29.053
798.968
755.082
707.667
657.419
604.965
550.814
495.36
438.902
381.667
323.828
265.521
206.859
147.935
88.8312
29.6219
826.653
780.479
730.366
677.346
622.242
565.653
507.994
449.554
390.531
331.069
271.275
211.23
151.002
90.65
30.2246
859.317
809.792
755.949
699.335
640.986
581.544
521.396
460.774
399.823
338.634
277.271
215.777
154.19
92.539
30.8504
898.181
843.398
784.283
723.039
660.804
598.125
535.254
472.31
409.34
346.364
283.387
220.412
157.438
94.4627
31.4876
944.991
881.31
814.72
747.714
681.047
614.877
549.172
483.857
418.851
354.083
289.495
225.04
160.68
96.3841
32.1241
1001.51
922.106
845.549
772.027
700.774
631.145
562.685
495.081
428.111
361.611
295.46
229.567
163.855
98.2665
32.7479
35.4817
86.4405
137.386
188.313
239.221
290.119
341.029
392
443.118
494.541
546.55
599.66
654.884
714.494
784.82
35.9751
87.9239
139.87
191.813
243.76
295.725
347.739
399.855
452.165
504.836
558.158
612.658
669.312
729.953
797.808
36.4687
89.4073
142.351
195.304
248.278
301.29
354.368
407.561
460.948
514.663
568.931
624.14
680.949
740.377
803.594
36.9605
90.8851
144.82
198.776
252.763
306.799
360.906
415.12
469.49
524.089
579.032
634.493
690.744
748.148
806.989
37.4492
92.3529
147.272
202.219
257.206
312.248
367.36
422.559
477.858
533.262
588.753
644.277
699.717
754.898
809.67
37.9335
93.8073
149.701
205.629
261.604
317.639
373.742
429.915
486.138
542.356
598.435
654.099
708.846
761.907
812.535
38.4123
95.2452
152.103
209
265.953
322.973
380.065
437.222
494.408
551.531
608.385
664.537
719.125
770.581
816.688
38.8846
96.6637
154.472
212.328
270.248
328.247
386.331
444.496
502.706
560.877
618.804
676.041
731.557
782.944
824.757
39.3494
98.0595
156.804
215.604
274.48
333.452
392.531
451.724
511.018
570.373
629.685
688.717
746.835
801.931
844.965
39.8054
99.4294
159.093
218.821
278.639
338.572
398.641
458.868
519.273
579.881
640.743
702.008
764.188
829.27
906.229
40.2515
100.769
161.332
221.969
282.711
343.587
404.63
465.876
527.372
589.197
651.501
714.642
779.504
848.337
926.482
40.6865
102.076
163.516
225.039
286.68
348.476
410.466
472.696
535.229
598.161
661.659
726.059
792.038
860.912
934.677
41.1091
103.346
165.637
228.021
290.535
353.221
416.123
479.292
542.794
606.714
671.173
736.358
802.54
870.064
939.156
41.5183
104.575
167.69
230.906
294.263
357.806
421.582
485.645
550.054
614.874
680.164
745.944
812.087
878.103
942.892
41.9129
105.76
169.67
233.687
297.854
362.219
426.831
491.744
557.014
622.691
688.796
755.255
821.699
886.969
948.088
42.2922
106.899
171.572
236.356
301.3
366.45
431.859
497.582
563.675
630.192
697.164
764.556
832.103
898.692
959.41
42.6553
107.989
173.392
238.91
304.593
370.491
436.657
503.149
570.028
637.36
705.222
773.729
843.148
914.469
992.306
43.0017
109.029
175.127
241.344
307.73
374.337
441.218
508.434
576.05
644.142
712.814
782.246
852.851
925.696
1003.45
43.331
110.017
176.775
243.655
310.706
377.981
445.535
513.429
581.727
650.505
719.858
789.929
860.975
933.489
1008.26
43.6427
110.952
178.335
245.84
313.518
381.421
449.605
518.129
587.056
656.452
726.384
796.915
868.058
939.688
1011.36
43.9369
111.835
179.806
247.899
316.165
384.657
453.428
522.537
592.044
662.009
732.478
803.453
874.779
945.838
1014.87
44.2134
112.664
181.188
249.832
318.649
387.688
457.004
526.655
596.699
667.198
738.201
809.729
881.664
953.37
1021.87
44.4725
113.441
182.481
251.641
320.969
390.517
460.337
530.487
601.025
672.019
743.543
815.7
888.685
963.106
1041.69
44.7143
114.166
183.688
253.326
323.129
393.147
463.431
534.035
605.02
676.455
748.426
821.077
894.688
969.93
1048.39
44.9391
114.84
184.809
254.891
325.133
395.583
466.29
537.307
608.689
680.501
752.821
825.766
899.537
974.499
1051.19
45.1476
115.464
185.847
256.339
326.985
397.831
468.924
540.312
612.045
684.178
756.763
829.861
903.536
977.843
1052.77
45.3401
116.041
186.805
257.674
328.69
399.898
471.341
543.063
615.111
687.523
760.331
833.537
907.075
980.735
1054.08
45.5173
116.572
187.686
258.901
330.256
401.792
473.552
545.577
617.908
690.578
763.605
836.962
910.509
983.823
1055.85
45.6799
117.059
188.494
260.024
331.687
403.522
475.569
547.867
620.456
693.37
766.632
840.236
914.084
987.78
1059.63
45.8287
117.504
189.232
261.049
332.992
405.096
477.4
549.942
622.763
695.903
769.405
843.32
917.744
992.993
1070.56
45.9644
117.91
189.904
261.982
334.176
406.522
479.054
551.811
624.835
698.17
771.874
846.033
920.809
996.577
1074.2
46.0878
118.279
190.515
262.828
335.248
407.808
480.541
553.484
626.676
700.165
774.009
848.297
923.167
998.851
1075.65
46.2
118.614
191.069
263.594
336.216
408.965
481.872
554.971
628.298
701.897
775.82
850.138
924.939
1000.33
1076.36
46.3019
118.918
191.571
264.286
337.088
410.003
483.06
556.287
629.718
703.389
777.341
851.623
926.282
1001.35
1076.78
46.3944
119.194
192.026
264.912
337.873
410.934
484.118
557.449
630.957
704.669
778.616
852.828
927.322
1002.09
1077.06
46.4788
119.445
192.439
265.479
338.583
411.771
485.062
558.478
632.04
705.771
779.691
853.817
928.152
1002.67
1077.31
46.5561
119.676
192.817
265.996
339.227
412.526
485.909
559.392
632.992
706.727
780.607
854.643
928.833
1003.16
1077.6
46.6275
119.888
193.165
266.471
339.817
413.214
486.675
560.212
633.838
707.564
781.398
855.345
929.399
1003.55
1077.77
46.6941
120.086
193.49
266.913
340.363
413.849
487.378
560.959
634.601
708.312
782.095
855.953
929.88
1003.86
1077.88
46.7573
120.274
193.797
267.33
340.877
414.444
488.033
561.651
635.303
708.993
782.723
856.495
930.303
1004.14
1077.98
46.8183
120.455
194.093
267.731
341.371
415.013
488.658
562.308
635.965
709.631
783.307
856.994
930.688
1004.38
1078.07
46.8784
120.633
194.383
268.125
341.855
415.57
489.268
562.947
636.606
710.246
783.866
857.468
931.053
1004.62
1078.15
46.9387
120.813
194.676
268.521
342.341
416.129
489.879
563.586
637.246
710.858
784.421
857.938
931.413
1004.85
1078.24
47.0007
120.997
194.976
268.928
342.841
416.705
490.509
564.245
637.906
711.488
784.99
858.417
931.779
1005.09
1078.38
47.0657
121.19
195.291
269.356
343.368
417.312
491.175
564.943
638.606
712.157
785.593
858.922
932.16
1005.33
1078.47
47.1348
121.395
195.627
269.813
343.932
417.965
491.894
565.7
639.368
712.887
786.252
859.471
932.565
1005.58
1078.55
47.2095
121.617
195.992
270.309
344.547
418.68
492.686
566.539
640.219
713.708
786.995
860.086
933.007
1005.82
1078.62
47.291
121.86
196.39
270.854
345.225
419.473
493.569
567.483
641.185
714.649
787.854
860.798
933.503
1006.05
1078.62
47.3804
122.127
196.829
271.457
345.978
420.36
494.566
568.559
642.3
715.751
788.875
861.652
934.086
1006.25
1078.41
47.479
122.421
197.314
272.126
346.819
421.357
495.697
569.794
643.599
717.059
790.117
862.721
934.832
1006.42
1077.41
47.5875
122.745
197.851
272.868
347.758
422.478
496.981
571.215
645.12
718.625
791.65
864.109
935.913
1007
1077.34
47.7069
123.103
198.443
273.691
348.804
423.736
498.437
572.848
646.897
720.501
793.554
865.926
937.468
1008.05
1077.67
47.8377
123.494
199.095
274.599
349.964
425.142
500.079
574.712
648.964
722.738
795.904
868.291
939.661
1009.74
1078.37
47.9801
123.922
199.806
275.594
351.241
426.7
501.915
576.822
651.341
725.371
798.771
871.333
942.721
1012.4
1079.69
48.1343
124.384
200.579
276.677
352.638
428.413
503.948
579.18
654.035
728.416
802.192
875.16
946.936
1016.69
1082.56
48.2999
124.882
201.41
277.847
354.151
430.276
506.172
581.78
657.034
731.854
806.146
879.781
952.521
1023.64
1089.96
48.4765
125.413
202.299
279.099
355.774
432.283
508.577
584.604
660.308
735.63
810.524
884.99
959.192
1033.89
1112.5
48.6631
125.974
203.239
280.426
357.5
434.421
511.147
587.63
663.821
739.675
815.166
890.347
965.479
1041.38
1120.11
48.8588
126.563
204.227
281.822
359.317
436.677
513.864
590.834
667.542
743.939
819.99
895.7
971.191
1046.85
1123.46
49.0621
127.175
205.255
283.276
361.213
439.035
516.709
594.196
671.449
748.412
825.014
901.163
976.743
1051.62
1125.72
49.2716
127.806
206.314
284.777
363.173
441.477
519.663
597.694
675.528
753.103
830.315
906.982
982.736
1056.87
1128.29
49.4855
128.451
207.397
286.312
365.18
443.983
522.699
601.303
679.758
758.009
835.957
913.39
989.808
1063.96
1132.88
49.7019
129.103
208.494
287.868
367.217
446.529
525.791
604.987
684.097
763.091
841.916
920.459
998.404
1074.62
1144.14
49.9188
129.756
209.594
289.43
369.262
449.088
528.903
608.703
688.485
768.254
848.03
927.898
1008.15
1089.89
1178.11
50.134
130.405
210.686
290.981
371.296
451.634
532.001
612.402
692.851
773.373
854.038
935.024
1016.8
1100.6
1189.38
50.3453
131.042
211.758
292.505
373.295
454.14
535.049
616.04
697.131
778.356
859.781
941.553
1024
1107.79
1194.02
50.5504
131.661
212.8
293.987
375.24
456.577
538.016
619.578
701.284
783.16
865.239
947.566
1030.21
1113.23
1196.67
50.747
132.254
213.8
295.41
377.109
458.922
540.873
622.986
705.285
787.785
870.48
953.314
1036.09
1118.32
1199.11
50.9328
132.815
214.745
296.757
378.881
461.148
543.59
626.235
709.112
792.234
875.582
959.052
1042.3
1124.36
1202.86
51.1055
133.336
215.626
298.013
380.535
463.232
546.139
629.294
712.734
796.485
880.555
964.895
1049.28
1132.8
1211.56
51.2628
133.812
216.429
299.161
382.051
465.146
548.489
632.126
716.105
800.476
885.296
970.661
1056.8
1144.5
1237.44
51.4024
134.234
217.144
300.185
383.408
466.866
550.608
634.69
719.17
804.114
889.615
975.845
1063.17
1152.5
1245.97
51.5219
134.595
217.758
301.068
384.584
468.364
552.466
636.949
721.878
807.325
893.386
980.219
1068.1
1157.56
1249.33
51.619
134.89
218.26
301.795
385.56
469.618
554.032
638.868
724.191
810.069
896.578
983.814
1071.9
1160.96
1251.04
51.6913
135.111
218.639
302.35
386.313
470.601
555.28
640.42
726.085
812.337
899.223
986.773
1074.95
1163.6
1252.27
51.7365
135.25
218.883
302.715
386.825
471.289
556.182
641.577
727.539
814.125
901.364
989.247
1077.64
1166.15
1253.79
51.7522
135.3
218.979
302.874
387.073
471.658
556.711
642.31
728.528
815.42
903.019
991.317
1080.2
1169.26
1256.95
51.7358
135.255
218.915
302.81
387.034
471.679
556.834
642.586
729.014
816.185
904.147
992.935
1082.58
1173.28
1266.18
51.685
135.106
218.678
302.505
386.687
471.324
556.518
642.364
728.952
816.363
904.661
993.909
1084.19
1175.72
1269.09
51.5972
134.846
218.257
301.94
386.005
470.563
555.724
641.597
728.287
815.888
904.476
994.12
1084.88
1176.83
1270.05
51.4701
134.468
217.638
301.097
384.965
469.361
554.41
640.235
726.958
814.689
903.519
993.514
1084.69
1177.01
1270.28
51.3015
133.965
216.809
299.958
383.54
467.685
552.532
638.222
724.897
812.69
901.714
992.042
1083.67
1176.47
1270.15
51.0894
133.331
215.76
298.507
381.707
465.502
550.045
635.497
722.027
809.801
898.965
989.624
1081.78
1175.29
1269.75
50.8323
132.561
214.482
296.729
379.444
462.779
546.902
631.996
718.263
805.91
895.141
986.121
1078.91
1173.38
1269.08
50.5294
131.652
212.968
294.614
376.734
459.489
543.061
627.655
713.509
800.884
890.063
981.318
1074.83
1170.57
1268.06
50.1806
130.604
211.218
292.156
373.566
455.612
538.486
622.414
707.667
794.571
883.507
974.903
1069.16
1166.49
1266.52
49.7866
129.42
209.234
289.36
369.941
451.141
533.156
616.225
700.649
786.812
875.205
966.457
1061.32
1160.49
1264.09
49.3496
128.104
207.026
286.236
365.87
446.084
527.07
609.069
692.395
777.471
864.88
955.465
1050.43
1151.38
1259.86
48.8728
126.667
204.609
282.807
361.38
440.472
520.259
600.966
682.898
766.474
852.315
941.392
1035.33
1137
1251.35
48.3608
125.123
202.008
279.105
356.515
434.359
512.786
591.989
672.229
753.872
837.467
923.905
1014.81
1113.76
1230.81
1058.65
956.867
871.004
792.214
717.35
644.967
574.272
504.776
436.156
368.181
300.686
233.542
166.649
99.9252
33.2978
1076.71
977.391
889.214
807.824
730.681
656.347
583.96
512.972
443.012
373.814
305.186
236.977
169.069
101.364
33.7752
1084.22
990.159
902.694
820.469
742.047
666.361
592.666
520.445
449.328
379.045
309.388
240.198
171.345
102.719
34.2254
1087.99
998.325
912.516
830.455
751.499
674.978
600.336
527.14
455.058
383.832
313.26
243.181
173.46
103.982
34.6451
1090.2
1003.79
919.717
838.269
759.244
682.276
606.99
533.051
460.183
388.156
316.784
245.91
175.402
105.144
35.0319
1091.63
1007.62
925.077
844.382
765.544
688.394
612.695
538.208
464.714
392.019
319.955
248.38
177.167
106.203
35.3848
1092.64
1010.4
929.135
849.188
770.658
693.489
617.546
542.666
468.681
395.434
322.781
250.594
178.755
107.158
35.7036
1093.38
1012.48
932.26
852.993
774.81
697.718
621.647
546.49
472.126
398.429
325.278
252.56
180.172
108.012
35.9891
1093.93
1014.08
934.701
856.029
778.19
701.223
625.1
549.754
475.098
401.036
327.466
254.294
181.425
108.77
36.2428
1094.37
1015.33
936.632
858.468
780.95
704.128
628
552.528
477.65
403.291
329.373
255.812
182.527
109.438
36.4664
1094.71
1016.31
938.176
860.44
783.21
706.537
630.433
554.878
479.83
405.234
331.024
257.133
183.489
110.023
36.6624
1094.98
1017.1
939.42
862.045
785.067
708.536
632.471
556.864
481.687
406.899
332.448
258.276
184.325
110.531
36.8332
1095.2
1017.74
940.43
863.358
786.598
710.198
634.179
558.54
483.265
408.322
333.67
259.262
185.047
110.972
36.9813
1095.37
1018.26
941.255
864.435
787.863
711.58
635.609
559.954
484.603
409.535
334.716
260.108
185.669
111.352
37.1091
1095.52
1018.69
941.932
865.323
788.911
712.732
636.807
561.144
485.736
410.566
335.609
260.833
186.203
111.679
37.219
1095.64
1019.03
942.49
866.058
789.781
713.692
637.811
562.145
486.693
411.44
336.368
261.451
186.659
111.958
37.3131
1095.73
1019.32
942.951
866.666
790.504
714.494
638.652
562.988
487.501
412.181
337.014
261.978
187.048
112.197
37.3936
1095.82
1019.56
943.333
867.171
791.107
715.164
639.358
563.697
488.183
412.808
337.561
262.425
187.379
112.4
37.4622
1095.88
1019.76
943.65
867.592
791.61
715.724
639.949
564.293
488.757
413.338
338.025
262.805
187.661
112.573
37.5205
1095.94
1019.92
943.914
867.943
792.03
716.193
640.445
564.794
489.241
413.785
338.417
263.126
187.899
112.72
37.5701
1095.98
1020.06
944.134
868.235
792.38
716.586
640.861
565.215
489.649
414.162
338.748
263.398
188.101
112.845
37.6121
1096.02
1020.17
944.317
868.479
792.674
716.914
641.21
565.569
489.992
414.48
339.027
263.628
188.272
112.95
37.6476
1096.05
1020.27
944.471
868.684
792.919
717.19
641.503
565.866
490.281
414.748
339.263
263.822
188.417
113.039
37.6777
1096.08
1020.35
944.599
868.854
793.125
717.421
641.749
566.116
490.524
414.973
339.462
263.986
188.539
113.114
37.7031
1096.1
1020.41
944.706
868.997
793.297
717.614
641.955
566.326
490.728
415.163
339.629
264.124
188.642
113.177
37.7245
1096.12
1020.47
944.795
869.116
793.441
717.776
642.128
566.502
490.9
415.323
339.771
264.24
188.728
113.231
37.7426
1096.14
1020.51
944.87
869.216
793.561
717.912
642.273
566.65
491.044
415.458
339.889
264.338
188.802
113.276
37.7579
1096.15
1020.55
944.932
869.299
793.662
718.025
642.394
566.774
491.165
415.571
339.989
264.421
188.863
113.314
37.7708
1096.16
1020.58
944.983
869.369
793.745
718.12
642.496
566.877
491.267
415.666
340.074
264.49
188.915
113.347
37.7817
1096.17
1020.61
945.026
869.426
793.815
718.199
642.58
566.964
491.352
415.745
340.145
264.549
188.959
113.374
37.7909
1096.18
1020.63
945.061
869.472
793.872
718.263
642.651
567.037
491.424
415.813
340.204
264.599
188.997
113.397
37.7988
1096.18
1020.65
945.088
869.51
793.918
718.317
642.709
567.097
491.484
415.869
340.255
264.642
189.029
113.417
37.8055
1096.19
1020.66
945.11
869.539
793.955
718.359
642.756
567.147
491.534
415.917
340.299
264.678
189.056
113.434
37.8114
1096.19
1020.67
945.125
869.561
793.982
718.393
642.794
567.188
491.576
415.958
340.336
264.71
189.081
113.449
37.8165
1096.19
1020.68
945.134
869.575
794.002
718.417
642.823
567.221
491.611
415.994
340.369
264.738
189.102
113.463
37.8212
1096.19
1020.68
945.136
869.58
794.012
718.434
642.845
567.248
491.641
416.025
340.399
264.765
189.123
113.476
37.8257
1096.19
1020.67
945.13
869.577
794.013
718.441
642.86
567.27
491.668
416.054
340.428
264.791
189.144
113.489
37.8302
1096.19
1020.66
945.114
869.562
794.003
718.44
642.869
567.287
491.692
416.083
340.457
264.818
189.165
113.503
37.835
1096.18
1020.64
945.085
869.532
793.981
718.429
642.87
567.301
491.716
416.113
340.49
264.848
189.189
113.519
37.8404
1096.16
1020.6
945.036
869.483
793.942
718.406
642.866
567.314
491.742
416.147
340.527
264.883
189.218
113.537
37.8469
1096.14
1020.54
944.961
869.408
793.882
718.37
642.856
567.327
491.774
416.19
340.574
264.927
189.254
113.56
37.8549
1096.11
1020.45
944.844
869.296
793.796
718.319
642.842
567.345
491.815
416.245
340.634
264.983
189.299
113.59
37.8649
1096.05
1020.31
944.666
869.133
793.675
718.253
642.827
567.372
491.873
416.32
340.713
265.056
189.357
113.627
37.8778
1095.95
1020.07
944.392
868.897
793.513
718.171
642.817
567.418
491.956
416.422
340.818
265.151
189.433
113.675
37.8944
1095.76
1019.66
943.972
868.565
793.305
718.081
642.824
567.495
492.076
416.562
340.959
265.277
189.53
113.737
37.9156
1095.35
1018.96
943.331
868.113
793.052
717.996
642.865
567.62
492.25
416.754
341.146
265.44
189.656
113.816
37.9425
1094.38
1017.72
942.381
867.53
792.775
717.946
642.968
567.819
492.497
417.014
341.391
265.65
189.816
113.916
37.9765
1091.67
1015.53
941.071
866.859
792.532
717.98
643.175
568.122
492.842
417.361
341.709
265.917
190.017
114.041
38.0186
1083.09
1012.17
939.562
866.245
792.423
718.17
643.536
568.568
493.313
417.814
342.114
266.252
190.266
114.194
38.0703
1079.39
1009.94
938.523
865.959
792.593
718.605
644.11
569.197
493.939
418.395
342.621
266.664
190.57
114.38
38.1329
1078.29
1009.05
938.256
866.204
793.172
719.37
644.956
570.05
494.747
419.124
343.244
267.165
190.935
114.602
38.2074
1078.16
1009.21
938.834
867.105
794.262
720.539
646.123
571.161
495.763
420.017
343.996
267.761
191.367
114.863
38.2948
1078.61
1010.33
940.323
868.752
795.937
722.164
647.65
572.555
497.003
421.087
344.884
268.459
191.869
115.166
38.3959
1079.78
1012.6
942.869
871.235
798.251
724.28
649.557
574.249
498.479
422.342
345.914
269.262
192.444
115.511
38.5111
1082.55
1016.62
946.702
874.626
801.224
726.891
651.847
576.244
500.193
423.783
347.088
270.172
193.092
115.899
38.6404
1089.88
1023.38
951.998
878.905
804.813
729.967
654.503
578.529
502.138
425.406
348.402
271.186
193.812
116.33
38.7835
1112.37
1033.48
958.447
883.843
808.897
733.443
657.487
581.083
504.299
427.201
349.849
272.299
194.601
116.8
38.94
1119.94
1040.85
964.56
888.984
813.299
737.239
660.755
583.878
506.659
429.155
351.42
273.504
195.453
117.308
39.1087
1123.26
1046.24
970.135
894.163
817.926
741.297
664.27
586.885
509.195
431.252
353.102
274.792
196.363
117.85
39.2886
1125.49
1050.93
975.577
899.487
822.79
745.599
668.005
590.081
511.886
433.472
354.881
276.153
197.322
118.421
39.478
1128.05
1056.13
981.482
905.191
827.959
750.147
671.939
593.438
514.708
435.796
356.74
277.573
198.323
119.016
39.6754
1132.62
1063.17
988.481
911.506
833.491
754.936
676.047
596.927
517.632
438.201
358.661
279.038
199.354
119.629
39.8788
1143.87
1073.8
997.018
918.498
839.36
759.919
680.284
600.51
520.628
440.66
360.623
280.534
200.407
120.254
40.0862
1177.82
1089.03
1006.71
925.873
845.399
764.999
684.587
604.141
523.659
443.145
362.604
282.043
201.468
120.884
40.2952
1189.09
1099.72
1015.33
932.946
851.344
770.049
688.88
607.768
526.688
445.628
364.583
283.55
202.527
121.513
40.5036
1193.72
1106.89
1022.49
939.431
857.035
774.973
693.099
611.345
529.678
448.08
366.536
285.036
203.572
122.133
40.7091
1196.37
1112.31
1028.67
945.407
862.448
779.729
697.2
614.831
532.595
450.471
368.44
286.485
204.589
122.736
40.9091
1198.8
1117.39
1034.53
951.124
867.652
784.312
701.157
618.195
535.409
452.776
370.275
287.879
205.568
123.316
41.1014
1202.55
1123.41
1040.72
956.835
872.722
788.725
704.946
621.406
538.089
454.969
372.017
289.202
206.495
123.866
41.2835
1211.24
1131.84
1047.68
962.656
877.668
792.946
708.536
624.432
540.606
457.023
373.645
290.437
207.36
124.378
41.4529
1237.12
1143.53
1055.18
968.402
882.385
796.909
711.879
627.235
542.928
458.911
375.139
291.566
208.149
124.845
41.6074
1245.64
1151.52
1061.55
973.568
886.683
800.524
714.919
629.774
545.023
460.608
376.475
292.573
208.852
125.259
41.7444
1249.01
1156.58
1066.47
977.926
890.435
803.713
717.604
632.01
546.859
462.086
377.634
293.442
209.455
125.614
41.8616
1250.71
1159.97
1070.25
981.506
893.61
806.439
719.897
633.908
548.405
463.321
378.592
294.156
209.947
125.903
41.9566
1251.94
1162.6
1073.3
984.452
896.238
808.688
721.771
635.44
549.633
464.286
379.33
294.697
210.317
126.117
42.027
1253.45
1165.15
1075.97
986.912
898.364
810.457
723.206
636.578
550.517
464.957
379.827
295.05
210.551
126.251
42.0703
1256.61
1168.26
1078.52
988.968
900.002
811.734
724.175
637.292
551.027
465.309
380.06
295.197
210.638
126.296
42.084
1265.84
1172.27
1080.89
990.572
901.113
812.481
724.642
637.548
551.131
465.313
380.006
295.121
210.565
126.245
42.0658
1268.75
1174.7
1082.49
991.53
901.608
812.638
724.559
637.304
550.795
464.94
379.643
294.803
210.319
126.09
42.013
1269.7
1175.8
1083.16
991.724
901.403
812.141
723.871
636.515
549.98
464.159
378.945
294.225
209.888
125.824
41.9232
1269.93
1175.97
1082.96
991.098
900.423
810.917
722.516
635.128
548.642
462.937
377.887
293.368
209.259
125.44
41.794
1269.8
1175.42
1081.92
989.602
898.591
808.889
720.426
633.087
546.739
461.238
376.442
292.213
208.418
124.93
41.6231
1269.39
1174.22
1080.01
987.155
895.81
805.967
717.523
630.331
544.222
459.029
374.587
290.745
207.357
124.288
41.4085
1268.71
1172.29
1077.11
983.617
891.947
802.037
713.721
626.794
541.047
456.277
372.3
288.948
206.065
123.51
41.1487
1267.69
1169.46
1073
978.771
886.823
796.964
708.922
622.412
537.169
452.956
369.564
286.811
204.537
122.592
40.8427
1266.13
1165.35
1067.28
972.301
880.21
790.596
703.029
617.124
532.553
449.043
366.367
284.332
202.77
121.535
40.4906
1263.68
1159.3
1059.37
963.786
871.839
782.772
695.952
610.882
527.176
444.533
362.71
281.51
200.768
120.339
40.0931
1259.42
1150.12
1048.39
952.705
861.431
773.354
687.629
603.666
521.04
439.433
358.604
278.359
198.541
119.012
39.6523
1250.84
1135.62
1033.17
938.521
848.765
762.269
678.054
595.497
514.172
433.774
354.076
274.901
196.104
117.563
39.1715
1230.15
1112.2
1012.5
920.897
833.799
749.566
667.3
586.447
506.638
427.611
349.171
271.168
193.48
116.006
38.6552
47.7651
123.325
198.975
274.78
350.816
427.169
503.949
581.294
659.39
738.483
818.923
901.212
986.063
1074.31
1165.68
47.0836
121.267
195.5
269.817
344.259
418.873
493.712
568.844
644.346
720.303
796.794
873.839
951.237
1028.1
1101.53
46.3838
119.153
191.928
264.713
337.511
410.325
483.153
555.989
628.807
701.546
774.064
846.06
916.893
985.245
1048.58
45.6799
117.027
188.337
259.581
330.727
401.737
472.558
543.118
613.31
682.965
751.81
819.394
884.973
947.351
1004.75
44.9862
114.933
184.8
254.531
324.061
393.314
462.195
530.584
598.314
665.154
730.77
794.682
856.2
914.378
968.03
44.3166
112.911
181.389
249.667
317.652
385.238
452.298
518.676
584.172
648.525
711.392
772.317
830.717
885.873
936.99
43.6834
111.001
178.169
245.081
311.623
377.665
443.056
507.619
571.137
633.345
693.91
752.431
808.426
861.354
910.663
43.0975
109.234
175.193
240.852
306.076
370.719
434.616
497.577
559.38
619.767
678.433
735.026
789.154
840.403
888.375
42.5682
107.639
172.51
237.043
301.092
364.498
427.086
488.662
549.007
607.874
664.987
720.041
772.714
822.68
869.64
42.1029
106.237
170.154
233.705
296.733
359.072
420.543
480.949
540.079
597.699
653.559
707.394
758.934
807.915
854.102
41.7075
105.046
168.155
230.876
293.046
354.494
415.038
474.485
532.627
589.248
644.117
697.001
747.666
795.894
841.492
41.3865
104.08
166.534
228.585
290.065
350.8
410.607
469.296
526.666
582.512
636.622
688.783
738.791
786.456
831.614
41.1432
103.348
165.306
226.851
287.812
348.012
407.27
465.397
522.199
577.479
631.037
682.677
732.214
779.478
824.323
40.9799
102.856
164.482
225.689
286.302
346.147
405.04
462.796
519.224
574.133
627.331
678.634
727.867
774.873
819.515
40.8978
102.61
164.069
225.105
285.545
345.212
403.923
461.495
517.737
572.463
625.484
676.621
725.705
772.584
817.128
1243.06
1269.18
1281.22
1288.06
1292.6
1295.95
1298.58
1300.72
1302.52
1304.06
1305.39
1306.56
1307.59
1308.51
1309.33
1310.07
1310.74
1311.34
1311.88
1312.38
1312.82
1313.23
1313.6
1313.93
1314.24
1314.52
1314.77
1315
1315.21
1315.4
1315.57
1315.72
1315.86
1315.98
1316.09
1316.19
1316.27
1316.35
1316.41
1316.47
1316.51
1316.54
1316.57
1316.59
1316.6
1316.6
1316.59
1316.57
1316.54
1316.51
1316.46
1316.41
1316.34
1316.27
1316.18
1316.08
1315.97
1315.85
1315.71
1315.55
1315.38
1315.19
1314.98
1314.75
1314.5
1314.22
1313.91
1313.57
1313.2
1312.79
1312.34
1311.84
1311.29
1310.69
1310.02
1309.27
1308.44
1307.52
1306.48
1305.3
1303.95
1302.4
1300.59
1298.43
1295.79
1292.41
1287.83
1280.94
1268.81
1242.49
1158.51
1193.44
1216.78
1233.11
1245.18
1254.54
1262.07
1268.3
1273.57
1278.11
1282.05
1285.52
1288.59
1291.32
1293.77
1295.97
1297.95
1299.74
1301.37
1302.84
1304.17
1305.39
1306.49
1307.49
1308.4
1309.23
1309.99
1310.67
1311.29
1311.85
1312.36
1312.82
1313.23
1313.6
1313.93
1314.22
1314.48
1314.7
1314.89
1315.05
1315.19
1315.29
1315.37
1315.42
1315.44
1315.44
1315.41
1315.36
1315.28
1315.18
1315.04
1314.88
1314.68
1314.46
1314.2
1313.9
1313.57
1313.2
1312.78
1312.32
1311.81
1311.24
1310.62
1309.93
1309.17
1308.33
1307.41
1306.4
1305.29
1304.06
1302.72
1301.24
1299.6
1297.8
1295.8
1293.58
1291.11
1288.36
1285.27
1281.77
1277.8
1273.23
1267.92
1261.64
1254.05
1244.63
1232.46
1216
1192.48
1157.29
1098.2
1134.31
1162.36
1184.24
1201.6
1215.68
1227.35
1237.19
1245.62
1252.92
1259.32
1264.97
1269.98
1274.46
1278.48
1282.1
1285.36
1288.31
1290.99
1293.41
1295.62
1297.62
1299.44
1301.1
1302.61
1303.98
1305.22
1306.36
1307.38
1308.31
1309.15
1309.91
1310.59
1311.2
1311.75
1312.23
1312.65
1313.02
1313.34
1313.6
1313.82
1313.99
1314.12
1314.21
1314.25
1314.25
1314.2
1314.11
1313.98
1313.8
1313.58
1313.31
1312.99
1312.62
1312.19
1311.7
1311.15
1310.54
1309.85
1309.08
1308.24
1307.3
1306.26
1305.12
1303.87
1302.48
1300.96
1299.29
1297.46
1295.44
1293.22
1290.77
1288.08
1285.1
1281.81
1278.17
1274.12
1269.61
1264.55
1258.86
1252.42
1245.06
1236.57
1226.65
1214.89
1200.7
1183.21
1161.16
1132.9
1096.52
1050.81
1086.7
1116.77
1141.78
1162.66
1180.24
1195.19
1208.04
1219.2
1228.98
1237.6
1245.25
1252.08
1258.19
1263.69
1268.65
1273.14
1277.2
1280.88
1284.23
1287.27
1290.04
1292.55
1294.84
1296.93
1298.82
1300.55
1302.11
1303.53
1304.82
1305.98
1307.03
1307.97
1308.82
1309.57
1310.24
1310.82
1311.33
1311.77
1312.14
1312.44
1312.68
1312.86
1312.98
1313.03
1313.03
1312.97
1312.85
1312.66
1312.42
1312.11
1311.74
1311.29
1310.78
1310.18
1309.51
1308.75
1307.9
1306.94
1305.89
1304.71
1303.41
1301.98
1300.4
1298.67
1296.76
1294.66
1292.35
1289.81
1287.02
1283.96
1280.59
1276.88
1272.78
1268.26
1263.27
1257.72
1251.56
1244.68
1236.97
1228.28
1218.43
1207.19
1194.24
1179.17
1161.46
1140.42
1115.22
1084.92
1048.75
1011.95
1047.41
1078.38
1105.21
1128.41
1148.49
1165.97
1181.26
1194.71
1206.61
1217.19
1226.64
1235.11
1242.73
1249.61
1255.82
1261.45
1266.56
1271.19
1275.41
1279.24
1282.73
1285.91
1288.81
1291.44
1293.84
1296.02
1298
1299.79
1301.42
1302.89
1304.22
1305.42
1306.49
1307.44
1308.28
1309.03
1309.67
1310.23
1310.69
1311.08
1311.38
1311.6
1311.75
1311.82
1311.82
1311.74
1311.59
1311.36
1311.05
1310.66
1310.18
1309.62
1308.97
1308.22
1307.36
1306.4
1305.32
1304.11
1302.77
1301.29
1299.65
1297.83
1295.84
1293.64
1291.22
1288.57
1285.65
1282.45
1278.93
1275.07
1270.82
1266.15
1261
1255.33
1249.07
1242.14
1234.46
1225.93
1216.4
1205.74
1193.75
1180.2
1164.79
1147.18
1126.94
1103.57
1076.53
1045.32
1009.6
979.473
1014.5
1045.9
1073.82
1098.56
1120.45
1139.83
1157.05
1172.38
1186.07
1198.34
1209.37
1219.3
1228.28
1236.4
1243.76
1250.44
1256.51
1262.03
1267.06
1271.64
1275.81
1279.6
1283.07
1286.22
1289.09
1291.7
1294.07
1296.22
1298.17
1299.94
1301.53
1302.96
1304.24
1305.39
1306.4
1307.29
1308.06
1308.73
1309.29
1309.75
1310.11
1310.38
1310.56
1310.64
1310.64
1310.55
1310.36
1310.08
1309.71
1309.25
1308.68
1308
1307.22
1306.32
1305.29
1304.14
1302.84
1301.4
1299.79
1298.01
1296.04
1293.87
1291.48
1288.85
1285.96
1282.78
1279.29
1275.46
1271.26
1266.65
1261.58
1256.02
1249.9
1243.17
1235.75
1227.57
1218.53
1208.52
1197.41
1185.04
1171.24
1155.8
1138.45
1118.91
1096.86
1071.94
1043.8
1012.16
976.867
952.109
986.764
1018.35
1046.96
1072.74
1095.93
1116.76
1135.48
1152.33
1167.51
1181.21
1193.59
1204.81
1214.97
1224.2
1232.59
1240.23
1247.18
1253.51
1259.28
1264.54
1269.33
1273.7
1277.69
1281.32
1284.63
1287.64
1290.38
1292.86
1295.11
1297.15
1298.99
1300.64
1302.12
1303.44
1304.61
1305.64
1306.53
1307.3
1307.95
1308.48
1308.9
1309.21
1309.41
1309.51
1309.51
1309.4
1309.19
1308.87
1308.44
1307.9
1307.24
1306.46
1305.56
1304.51
1303.33
1302
1300.5
1298.83
1296.98
1294.93
1292.65
1290.15
1287.39
1284.36
1281.02
1277.36
1273.34
1268.94
1264.1
1258.8
1252.99
1246.61
1239.61
1231.92
1223.46
1214.16
1203.92
1192.62
1180.14
1166.33
1151.04
1134.06
1115.2
1094.2
1070.84
1044.86
1016.04
984.211
949.292
929.042
963.381
995.05
1024.09
1050.6
1074.73
1096.65
1116.55
1134.61
1151.01
1165.9
1179.43
1191.74
1202.94
1213.15
1222.45
1230.92
1238.66
1245.71
1252.15
1258.03
1263.39
1268.28
1272.75
1276.82
1280.52
1283.9
1286.97
1289.76
1292.28
1294.57
1296.63
1298.49
1300.15
1301.63
1302.95
1304.1
1305.11
1305.97
1306.7
1307.29
1307.76
1308.11
1308.34
1308.45
1308.45
1308.33
1308.09
1307.73
1307.25
1306.64
1305.9
1305.03
1304.01
1302.84
1301.51
1300.01
1298.33
1296.46
1294.38
1292.07
1289.53
1286.71
1283.62
1280.22
1276.48
1272.38
1267.88
1262.95
1257.54
1251.62
1245.13
1238.02
1230.23
1221.69
1212.32
1202.04
1190.75
1178.35
1164.71
1149.7
1133.18
1114.99
1094.93
1072.84
1048.53
1021.82
992.557
960.647
926.046
909.709
943.785
975.475
1004.8
1031.82
1056.64
1079.39
1100.2
1119.23
1136.61
1152.48
1166.97
1180.2
1192.28
1203.32
1213.41
1222.62
1231.04
1238.73
1245.76
1252.19
1258.05
1263.41
1268.3
1272.76
1276.82
1280.52
1283.89
1286.95
1289.72
1292.23
1294.5
1296.53
1298.36
1299.99
1301.43
1302.7
1303.81
1304.75
1305.55
1306.21
1306.73
1307.11
1307.36
1307.49
1307.48
1307.35
1307.08
1306.69
1306.16
1305.49
1304.68
1303.72
1302.6
1301.32
1299.86
1298.21
1296.37
1294.31
1292.02
1289.49
1286.7
1283.61
1280.22
1276.48
1272.39
1267.89
1262.96
1257.57
1251.65
1245.18
1238.1
1230.35
1221.86
1212.58
1202.41
1191.29
1179.11
1165.78
1151.18
1135.19
1117.68
1098.51
1077.54
1054.62
1029.6
1002.38
972.83
940.898
906.563
893.707
927.566
959.249
988.762
1016.15
1041.48
1064.85
1086.37
1106.15
1124.31
1140.97
1156.24
1170.23
1183.06
1194.8
1205.55
1215.39
1224.39
1232.63
1240.17
1247.07
1253.37
1259.13
1264.39
1269.19
1273.56
1277.55
1281.18
1284.47
1287.46
1290.17
1292.61
1294.81
1296.78
1298.54
1300.09
1301.46
1302.65
1303.67
1304.54
1305.24
1305.8
1306.22
1306.49
1306.62
1306.61
1306.47
1306.19
1305.76
1305.19
1304.47
1303.59
1302.56
1301.35
1299.97
1298.39
1296.62
1294.63
1292.41
1289.95
1287.22
1284.2
1280.88
1277.22
1273.2
1268.79
1263.95
1258.65
1252.85
1246.49
1239.55
1231.95
1223.65
1214.57
1204.65
1193.82
1181.99
1169.07
1154.97
1139.58
1122.79
1104.49
1084.56
1062.88
1039.34
1013.81
986.216
956.477
924.554
890.437
880.74
914.426
946.088
975.728
1003.37
1029.08
1052.92
1074.97
1095.33
1114.1
1131.38
1147.28
1161.89
1175.31
1187.63
1198.92
1209.28
1218.78
1227.47
1235.44
1242.73
1249.39
1255.49
1261.06
1266.15
1270.79
1275.02
1278.86
1282.36
1285.53
1288.41
1291
1293.33
1295.42
1297.29
1298.94
1300.4
1301.66
1302.75
1303.66
1304.41
1305.01
1305.45
1305.74
1305.88
1305.87
1305.72
1305.42
1304.96
1304.36
1303.59
1302.66
1301.56
1300.28
1298.81
1297.14
1295.25
1293.14
1290.79
1288.17
1285.27
1282.07
1278.55
1274.67
1270.4
1265.73
1260.6
1254.98
1248.84
1242.12
1234.77
1226.75
1217.98
1208.42
1197.98
1186.59
1174.18
1160.66
1145.94
1129.92
1112.51
1093.59
1073.07
1050.86
1026.84
1000.94
973.08
943.214
911.311
877.369
870.593
904.143
935.781
965.506
993.335
1019.31
1043.49
1065.93
1086.73
1105.97
1123.73
1140.11
1155.2
1169.08
1181.85
1193.58
1204.35
1214.23
1223.29
1231.6
1239.2
1246.17
1252.53
1258.36
1263.68
1268.53
1272.95
1276.98
1280.64
1283.96
1286.97
1289.68
1292.13
1294.32
1296.27
1298
1299.52
1300.85
1301.99
1302.95
1303.73
1304.36
1304.82
1305.12
1305.27
1305.26
1305.1
1304.78
1304.31
1303.67
1302.87
1301.9
1300.74
1299.4
1297.86
1296.11
1294.14
1291.93
1289.46
1286.72
1283.69
1280.34
1276.65
1272.59
1268.13
1263.23
1257.87
1252
1245.58
1238.57
1230.9
1222.53
1213.4
1203.44
1192.59
1180.77
1167.91
1153.92
1138.71
1122.21
1104.31
1084.93
1063.97
1041.35
1016.99
990.82
962.779
932.828
900.949
867.144
863.108
896.558
928.175
957.954
985.908
1012.07
1036.48
1059.21
1080.32
1099.89
1118
1134.73
1150.17
1164.4
1177.5
1189.55
1200.62
1210.79
1220.13
1228.69
1236.53
1243.72
1250.29
1256.3
1261.8
1266.81
1271.38
1275.55
1279.33
1282.76
1285.87
1288.68
1291.21
1293.47
1295.49
1297.28
1298.86
1300.23
1301.41
1302.4
1303.21
1303.86
1304.33
1304.65
1304.8
1304.79
1304.62
1304.3
1303.81
1303.15
1302.32
1301.31
1300.12
1298.73
1297.14
1295.33
1293.29
1291
1288.45
1285.62
1282.48
1279.02
1275.2
1271
1266.4
1261.34
1255.8
1249.74
1243.12
1235.88
1227.97
1219.34
1209.94
1199.69
1188.53
1176.38
1163.18
1148.85
1133.29
1116.43
1098.18
1078.47
1057.2
1034.3
1009.7
983.336
955.169
925.164
893.306
859.601
858.175
891.561
923.162
952.973
981.004
1007.28
1031.85
1054.75
1076.06
1095.85
1114.18
1131.14
1146.81
1161.26
1174.58
1186.85
1198.12
1208.49
1218
1226.73
1234.74
1242.07
1248.78
1254.92
1260.53
1265.66
1270.33
1274.58
1278.45
1281.96
1285.13
1288
1290.59
1292.9
1294.97
1296.8
1298.41
1299.81
1301.02
1302.03
1302.86
1303.52
1304.01
1304.33
1304.48
1304.48
1304.3
1303.97
1303.47
1302.8
1301.95
1300.92
1299.7
1298.28
1296.65
1294.8
1292.71
1290.38
1287.77
1284.87
1281.67
1278.13
1274.23
1269.94
1265.23
1260.07
1254.41
1248.22
1241.46
1234.07
1226
1217.2
1207.61
1197.17
1185.81
1173.45
1160.03
1145.46
1129.67
1112.58
1094.11
1074.18
1052.7
1029.62
1004.87
978.394
950.149
920.112
888.27
854.63
855.726
889.079
920.672
950.498
978.566
1004.9
1029.54
1052.53
1073.94
1093.83
1112.27
1129.35
1145.13
1159.7
1173.12
1185.49
1196.87
1207.33
1216.94
1225.75
1233.84
1241.24
1248.03
1254.23
1259.9
1265.08
1269.8
1274.1
1278
1281.55
1284.76
1287.66
1290.28
1292.62
1294.71
1296.56
1298.18
1299.6
1300.82
1301.84
1302.68
1303.35
1303.84
1304.17
1304.32
1304.32
1304.14
1303.81
1303.3
1302.62
1301.76
1300.72
1299.49
1298.05
1296.41
1294.53
1292.42
1290.06
1287.43
1284.5
1281.26
1277.68
1273.74
1269.4
1264.65
1259.43
1253.71
1247.46
1240.62
1233.16
1225.01
1216.13
1206.45
1195.91
1184.44
1171.98
1158.45
1143.77
1127.87
1110.66
1092.08
1072.04
1050.47
1027.3
1002.47
975.937
947.655
917.603
885.769
852.162
1164.52
1072.45
983.526
898.027
815.11
734.056
654.359
575.668
497.73
420.363
343.426
266.809
190.423
114.194
38.0546
1099.87
1025.88
948.431
870.442
792.809
715.733
639.196
563.118
487.412
412
336.817
261.805
186.92
112.119
37.3676
1046.51
982.694
913.82
842.447
769.901
696.829
623.536
550.162
476.77
403.385
330.015
256.661
183.32
109.988
36.6621
1002.35
944.508
881.653
815.574
747.474
678.104
607.918
537.19
466.091
394.729
323.177
251.488
179.7
107.845
35.9526
965.341
911.279
852.658
790.671
726.271
660.154
592.804
524.558
455.647
386.24
316.458
246.398
176.135
105.734
35.2535
934.06
882.554
826.977
768.132
706.742
643.396
578.552
512.557
445.672
378.1
309.999
241.496
172.697
103.697
34.5786
907.529
857.845
804.514
748.092
689.125
628.097
565.416
501.414
436.358
370.468
303.923
236.874
169.452
101.772
33.9404
885.069
836.732
785.092
730.551
673.527
614.415
553.568
491.293
427.852
363.468
298.333
232.612
166.453
99.991
33.35
866.189
818.872
768.524
715.45
659.976
602.429
543.113
482.309
420.264
357.199
293.31
228.773
163.748
98.3831
32.8165
850.53
803.991
754.637
702.705
648.46
592.175
534.116
474.536
413.67
351.731
288.918
225.409
161.374
96.9703
32.3476
837.823
791.878
743.282
692.231
638.945
583.658
526.607
468.022
408.123
347.118
285.202
222.558
159.36
95.7703
31.9491
827.868
782.367
734.339
683.95
631.392
576.871
520.6
462.793
403.657
343.395
282.198
220.249
157.726
94.7965
31.6256
820.521
775.335
727.711
677.797
625.764
571.798
516.098
458.864
400.294
340.586
279.927
218.502
156.489
94.0586
31.3803
815.676
770.694
723.331
673.723
622.03
568.427
513.1
456.242
398.047
338.706
278.406
217.33
155.658
93.5632
31.2157
813.27
768.388
721.152
671.695
620.169
566.744
511.602
454.931
396.922
337.764
277.643
216.743
155.242
93.3145
31.133
)
;

boundaryField
{
    hot
    {
        type            fixedValue;
        value           uniform 10;
    }
    cold
    {
        type            fixedValue;
        value           uniform 0;
    }
    interface_left
    {
        type            fixedValue;
        value           nonuniform List<scalar> 
90
(
836.512
836.512
836.512
836.512
836.512
836.512
836.512
836.512
836.512
973.809
973.809
973.809
973.809
973.809
973.809
973.809
1046.47
1046.47
1046.47
1046.47
1046.47
1046.47
1090.04
1090.04
1090.04
1090.04
1090.04
1090.04
1090.04
1114.22
1114.22
1114.22
1114.22
1114.22
1114.22
1114.22
1114.58
1114.58
1114.58
1114.58
1114.58
1114.58
1114.58
1114.73
1114.73
1114.73
1114.73
1114.73
1114.73
1111.71
1111.71
1111.71
1111.71
1111.71
1111.71
1111.71
1161.68
1161.68
1161.68
1161.68
1161.68
1161.68
1161.68
1237.5
1237.5
1237.5
1237.5
1237.5
1237.5
1237.5
1295.47
1295.47
1295.47
1295.47
1295.47
1295.47
1295.47
1316.33
1316.33
1316.33
1316.33
1316.33
1316.33
1316.33
1316.33
1316.33
1316.33
1316.33
1316.33
1316.33
)
;
    }
    interface_right
    {
        type            fixedValue;
        value           nonuniform List<scalar> 
90
(
1133.61
1133.61
1133.61
1133.61
1133.61
1133.61
1133.61
1133.61
1133.61
1133.61
1133.61
1133.61
1133.61
1133.61
1133.61
1133.61
1133.61
1133.61
1133.61
1133.61
1133.61
1133.61
1133.61
1133.61
1133.61
1133.61
1133.61
1133.61
1133.61
1133.61
1133.61
1133.61
1133.61
1133.61
1133.61
1133.61
1133.61
1133.61
1133.61
1133.61
1133.61
1133.61
1133.61
1133.61
1133.61
1133.61
1133.61
1133.61
1114.73
1111.71
1111.71
1111.71
1111.71
1111.71
1111.71
1111.71
1161.68
1161.68
1161.68
1161.68
1161.68
1161.68
1161.68
1237.5
1237.5
1237.5
1237.5
1237.5
1237.5
1237.5
1295.47
1295.47
1295.47
1295.47
1295.47
1295.47
1295.47
1316.33
1316.33
1316.33
1316.33
1316.33
1316.33
1316.33
1316.33
1316.33
1316.33
1316.33
1316.33
1316.33
)
;
    }
    interface_top
    {
        type            fixedValue;
        value           uniform 1316.33;
    }
    interface_bottom
    {
        type            fixedValue;
        value           nonuniform List<scalar> 
90
(
836.512
836.512
836.512
836.512
836.512
836.512
836.512
836.512
836.512
836.512
836.512
836.512
836.512
836.512
836.512
836.512
836.512
836.512
836.512
836.512
836.512
836.512
836.512
836.512
836.512
836.512
836.512
836.512
836.512
836.512
836.512
836.512
937.715
937.715
937.715
937.715
937.715
937.715
937.715
937.715
937.715
937.715
937.715
1035.53
1035.53
1035.53
1035.53
1035.53
1035.53
1035.53
1035.53
1035.53
1035.53
1035.53
1035.53
1035.53
1094.92
1094.92
1094.92
1094.92
1094.92
1094.92
1094.92
1094.92
1094.92
1094.92
1094.92
1094.92
1094.92
1094.92
1134.25
1134.25
1134.25
1134.25
1134.25
1134.25
1134.25
1134.25
1134.25
1134.25
1134.25
1134.25
1134.25
1133.61
1133.61
1133.61
1133.61
1133.61
1133.61
1133.61
)
;
    }
    defaultFaces
    {
        type            empty;
    }
}


// ************************************************************************* //
