/*--------------------------------*- C++ -*----------------------------------*\
| =========                 |                                                 |
| \\      /  F ield         | OpenFOAM: The Open Source CFD Toolbox           |
|  \\    /   O peration     | Version:  5.x                                   |
|   \\  /    A nd           | Web:      www.OpenFOAM.org                      |
|    \\/     M anipulation  |                                                 |
\*---------------------------------------------------------------------------*/
FoamFile
{
    version     2.0;
    format      ascii;
    class       volScalarField;
    location    "15.6";
    object      gradTy;
}
// * * * * * * * * * * * * * * * * * * * * * * * * * * * * * * * * * * * * * //

dimensions      [0 -1 0 1 0 0 0];

internalField   nonuniform List<scalar> 
6300
(
1007.41
1022.21
1036.94
1051.56
1066.03
1080.29
1094.31
1108.04
1121.44
1134.47
1147.09
1159.25
1170.94
1182.13
1192.78
0.0330462
0.0991307
0.165176
0.231114
0.296812
0.362039
0.426426
0.489423
0.550267
0.607944
0.661187
0.708501
0.74825
0.778785
0.798632
0.0550853
0.165254
0.275401
0.385445
0.4952
0.604321
0.712238
0.818083
0.920613
1.01815
1.10854
1.18921
1.25728
1.30979
1.34409
0.0771244
0.231397
0.385721
0.54005
0.694201
0.847781
1.00009
1.15003
1.29592
1.43546
1.56558
1.68249
1.78182
1.85899
1.90974
0.099134
0.297478
0.496024
0.694816
0.89375
1.09248
1.2903
1.48597
1.67755
1.86215
2.03578
2.1933
2.32849
2.43458
2.50506
0.121065
0.363346
0.606059
0.84941
1.09347
1.33805
1.58261
1.82597
2.06609
2.29973
2.52204
2.72636
2.90417
3.04568
3.141
0.142841
0.428772
0.715436
1.00327
1.29262
1.58361
1.87606
2.16914
2.46107
2.74856
3.02622
3.28582
3.51606
3.70285
3.83106
0.164362
0.493446
0.823613
1.15559
1.49007
1.82767
2.1688
2.51338
2.86038
3.20715
3.54831
3.87453
4.17125
4.41843
4.59249
0.185516
0.557019
0.929954
1.30535
1.68434
2.06815
2.45804
2.8551
3.25983
3.6712
4.08522
4.49257
4.87578
5.20691
5.44856
0.206195
0.619141
1.0338
1.45148
1.87374
2.30247
2.74
3.18907
3.6525
4.13247
4.6286
5.13454
5.63218
6.08465
6.43228
0.226311
0.679526
1.1346
1.59299
2.0566
2.52791
3.01035
3.50853
4.02849
4.57738
5.16199
5.78456
6.43351
7.06697
7.59258
0.245824
0.738036
1.23202
1.72925
2.23168
2.74214
3.26483
3.80609
4.37539
4.98637
5.6572
6.40797
7.25007
8.15689
9.00361
0.264764
0.794747
1.32616
1.86023
2.39865
2.94404
3.50061
4.07544
4.6804
5.33531
6.07221
6.93979
8.00164
9.30664
10.7677
0.28324
0.849995
1.41761
1.9868
2.55858
3.13464
3.71801
4.31449
4.93527
5.60201
6.35632
7.27711
8.50977
10.2999
12.9316
0.301432
0.904356
1.50744
2.11071
2.71415
3.3178
3.92214
4.52904
5.14396
5.78092
6.47373
7.30231
8.46013
10.4511
14.7717
1202.05
1210.1
1217.77
1225.06
1231.99
1238.57
1244.8
1250.72
1256.33
1261.67
1266.75
1271.6
1276.25
1280.72
1285.03
1289.22
1293.3
1297.31
1301.26
1305.18
1309.09
1313.02
1316.97
1320.98
1325.05
1329.21
1333.45
1337.81
1342.27
1346.85
1351.54
1356.36
1361.29
1366.32
1371.46
1376.7
1382.02
1387.41
1392.86
1398.36
1403.89
1409.42
1414.94
1420.43
1425.86
1431.21
1436.47
1441.6
1446.59
1451.42
1456.07
1460.51
1464.72
1468.69
1472.38
1475.77
1478.83
1481.53
1483.84
1485.73
1487.15
1488.08
1488.48
1488.3
1487.51
1486.06
1483.89
1480.96
1477.2
1472.54
1466.93
1460.27
1452.49
1443.5
1433.22
1421.55
1408.4
1393.66
1377.23
1359.01
1338.91
1316.81
1292.62
1266.26
1237.64
1206.71
1173.4
1137.68
1099.56
1059.03
0.806018
0.804198
0.793831
0.775209
0.748899
0.715683
0.676492
0.632329
0.584201
0.533064
0.479793
0.425158
0.369818
0.314331
0.259163
0.204715
0.151335
0.0993509
0.0490874
0.000886563
-0.044877
-0.087787
-0.127385
-0.16318
-0.194672
-0.221381
-0.242898
-0.258926
-0.269329
-0.27416
-0.273656
-0.268201
-0.258255
-0.244256
-0.226528
-0.205222
-0.180314
-0.151662
-0.119113
-0.082637
-0.0424399
0.000966729
0.0467795
0.094
0.1416
0.188715
0.234813
0.279797
0.324024
0.368226
0.413377
0.460511
0.51055
0.564158
0.621663
0.68306
0.748094
0.81641
0.887728
0.962005
1.03954
1.12102
1.20746
1.30013
1.40039
1.50958
1.6288
1.75889
1.90028
2.05303
2.21686
2.39122
2.57543
2.76867
2.9701
3.17871
3.39327
3.61216
3.83317
4.05334
4.26884
4.47494
4.66602
4.83581
4.9777
5.08516
5.15226
5.17422
5.14792
5.07221
1.35697
1.35398
1.33625
1.30432
1.25922
1.20238
1.13547
1.06027
0.978527
0.891907
0.801895
0.709782
0.616659
0.523433
0.430851
0.339542
0.250054
0.162896
0.078577
-0.00235579
-0.0792924
-0.15154
-0.218318
-0.278775
-0.33202
-0.377188
-0.413518
-0.440445
-0.457702
-0.465376
-0.463923
-0.454102
-0.436831
-0.412984
-0.383194
-0.347719
-0.306426
-0.258906
-0.204699
-0.143569
-0.0757566
-0.00213284
0.0758082
0.156141
0.236846
0.316215
0.393197
0.467609
0.540156
0.612284
0.685893
0.762987
0.845329
0.93415
1.03
1.13272
1.24167
1.35596
1.47489
1.5982
1.72634
1.86051
2.00257
2.15483
2.31984
2.50001
2.69741
2.91352
3.14907
3.40411
3.67801
3.96973
4.278
4.60147
4.93877
5.28843
5.64866
6.01702
6.3901
6.76318
7.12994
7.48237
7.81085
8.1044
8.3513
8.53983
8.65927
8.70088
8.65887
8.53106
1.92904
1.92491
1.89905
1.85232
1.78639
1.70354
1.60636
1.49758
1.37985
1.25562
1.12701
0.995857
0.863652
0.731613
0.600715
0.47176
0.345432
0.222367
0.10321
-0.0113315
-0.120437
-0.223142
-0.318326
-0.404723
-0.480969
-0.545692
-0.597642
-0.635858
-0.659841
-0.6697
-0.666205
-0.650699
-0.624845
-0.59024
-0.548017
-0.498565
-0.441476
-0.375753
-0.300229
-0.2141
-0.117417
-0.0114257
0.101416
0.217764
0.334035
0.447169
0.555297
0.658116
0.756903
0.85422
0.9534
1.05792
1.17079
1.29404
1.42843
1.57344
1.72755
1.88885
2.05573
2.22743
2.40446
2.58864
2.78296
2.99119
3.21744
3.46563
3.73909
4.04013
4.36982
4.72801
5.11349
5.5244
5.95866
6.41431
6.88961
7.38291
7.8923
8.41504
8.947
9.48206
10.0116
10.5243
11.0059
11.4401
11.8089
12.0939
12.2783
12.3479
12.2933
12.1108
2.53232
2.52714
2.49189
2.42797
2.33796
2.22533
2.09396
1.94781
1.7906
1.62567
1.45587
1.28352
1.1105
0.938247
0.767889
0.600305
0.43623
0.276337
0.121325
-0.0280006
-0.170657
-0.30543
-0.430839
-0.545134
-0.646352
-0.732425
-0.801378
-0.851595
-0.882145
-0.893078
-0.885605
-0.862021
-0.825281
-0.778286
-0.723071
-0.660229
-0.58878
-0.506533
-0.410855
-0.299647
-0.172304
-0.0304028
0.122152
0.279679
0.435919
0.585507
0.725219
0.854602
0.975936
1.09365
1.21339
1.341
1.48148
1.63807
1.81177
2.00122
2.20324
2.4139
2.62981
2.84917
3.07245
3.30235
3.5435
3.80178
4.08359
4.39504
4.74123
5.12563
5.54969
6.01275
6.51248
7.04558
7.60866
8.19898
8.81463
9.45433
10.1168
10.7999
11.4995
12.209
12.9176
13.6108
14.2694
14.8701
15.387
15.793
16.0625
16.1737
16.1117
15.8705
3.17866
3.17253
3.12592
3.04105
2.92198
2.77396
2.60271
2.4138
2.21232
2.00262
1.78826
1.57206
1.35614
1.14207
0.930985
0.723726
0.52094
0.323217
0.131197
-0.0543207
-0.232272
-0.401241
-0.559386
-0.704405
-0.833567
-0.943832
-1.03211
-1.09567
-1.13271
-1.14297
-1.12822
-1.0923
-1.0405
-0.978188
-0.909131
-0.834316
-0.751662
-0.656689
-0.543887
-0.408476
-0.248208
-0.0647776
0.135666
0.343383
0.547308
0.737989
0.90993
1.06259
1.20009
1.33004
1.46193
1.60546
1.76884
1.95736
2.17232
2.41078
2.66637
2.93128
3.19876
3.46515
3.73075
3.9997
4.2792
4.57832
4.90689
5.27424
5.68817
6.15386
6.6732
7.24451
7.86324
8.52336
9.21923
9.94695
10.7048
11.4927
12.3114
13.1605
14.0377
14.9366
15.8457
16.747
17.6158
18.4204
19.1244
19.6884
20.0743
20.2486
20.1879
19.8819
3.88299
3.87607
3.81491
3.70321
3.54752
3.3559
3.1367
2.89772
2.64568
2.38606
2.12312
1.86
1.59893
1.34142
1.08843
0.840563
0.598228
0.361761
0.131588
-0.0916433
-0.306921
-0.51273
-0.706918
-0.88659
-1.04807
-1.18697
-1.29849
-1.37799
-1.4219
-1.42895
-1.40138
-1.34551
-1.27093
-1.18787
-1.10355
-1.01976
-0.932361
-0.832601
-0.709565
-0.553202
-0.357579
-0.123774
0.138578
0.412407
0.677619
0.917302
1.12224
1.29224
1.43495
1.56345
1.69352
1.84111
2.01978
2.23834
2.49881
2.79544
3.11583
3.44469
3.76905
4.08202
4.38394
4.6816
4.98635
5.31219
5.67403
6.08607
6.56024
7.10453
7.72153
8.40766
9.15403
9.9493
10.7836
11.6512
12.5512
13.4865
14.4615
15.4804
16.5442
17.6492
18.7844
19.9296
21.0539
22.1152
23.0627
23.8399
24.3899
24.6615
24.6165
24.2371
4.66508
4.65751
4.57644
4.42849
4.22459
3.97733
3.69898
3.40023
3.08973
2.77408
2.45801
2.14477
1.83639
1.53405
1.2383
0.949266
0.6669
0.391087
0.121838
-0.140555
-0.395333
-0.641073
-0.875464
-1.09508
-1.29517
-1.46962
-1.61108
-1.71164
-1.76425
-1.76487
-1.71536
-1.62573
-1.51368
-1.39944
-1.29732
-1.21052
-1.13096
-1.04214
-0.923347
-0.75459
-0.522072
-0.224037
0.124789
0.493652
0.844495
1.14644
1.38464
1.56097
1.69006
1.79435
1.89968
2.03177
2.21301
2.45869
2.77295
3.14561
3.5528
3.96429
4.35544
4.71445
5.04297
5.35298
5.66279
5.99388
6.36852
6.80807
7.33095
7.9501
8.6699
9.48365
10.374
11.3186
12.2995
13.3082
14.3463
15.4225
16.5482
17.7349
18.9907
20.3176
21.7081
23.1418
24.5818
25.9733
27.2455
28.3178
29.1058
29.5297
29.5257
29.061
5.55285
5.54456
5.43405
5.23414
4.96391
4.64343
4.29057
3.91962
3.5412
3.16268
2.78884
2.42253
2.06518
1.71723
1.37851
1.04842
0.726191
0.411031
0.102294
-0.200341
-0.496658
-0.785647
-1.06517
-1.33154
-1.57907
-1.79963
-1.98239
-2.11421
-2.1813
-2.17282
-2.08698
-1.93809
-1.75942
-1.59344
-1.46888
-1.39072
-1.34277
-1.29468
-1.20893
-1.04765
-0.780772
-0.397317
0.0822492
0.60094
1.08186
1.46746
1.73621
1.89776
1.98098
2.02388
2.06738
2.15177
2.31353
2.58036
2.96308
3.44611
3.98361
4.51321
4.98814
5.3908
5.72868
6.02466
6.30866
6.61288
6.96961
7.41012
7.96304
8.65075
9.483
10.4493
11.5158
12.6358
13.7751
14.9227
16.0868
17.2869
18.5469
19.8897
21.3347
22.8942
24.5695
26.3447
28.1795
30.0028
31.7161
33.2047
34.3456
35.0137
35.0982
34.5325
6.58886
6.57863
6.42025
6.14091
5.77544
5.35605
4.90815
4.44979
3.99288
3.54464
3.10897
2.68755
2.28058
1.88732
1.50648
1.13646
0.77553
0.421964
0.0742124
-0.26896
-0.60826
-0.943568
-1.2735
-1.59481
-1.9015
-2.18375
-2.4267
-2.60966
-2.70682
-2.69181
-2.54905
-2.29301
-1.98655
-1.72746
-1.57327
-1.52708
-1.55447
-1.60111
-1.60297
-1.49242
-1.20701
-0.708666
-0.0163108
0.762926
1.45678
1.95702
2.24246
2.34763
2.33024
2.25283
2.17652
2.16068
2.26309
2.53549
3.0091
3.66848
4.42609
5.14117
5.72523
6.1607
6.47504
6.71387
6.9257
7.15659
7.45037
7.8506
8.40136
9.14357
10.1033
11.271
12.5807
13.9252
15.2392
16.5137
17.7754
19.0654
20.4264
21.8977
23.514
25.3041
27.2869
29.4621
31.7935
34.1908
36.5101
38.5925
40.2662
41.3378
41.6071
40.9248
7.84436
7.82585
7.58047
7.17157
6.66444
6.10951
5.54045
4.97754
4.43175
3.90816
3.40828
2.93148
2.47596
2.03927
1.61865
1.21121
0.814052
0.424334
0.0393627
-0.343316
-0.725758
-1.10936
-1.49438
-1.87925
-2.25923
-2.62455
-2.95749
-3.22871
-3.39391
-3.39484
-3.1743
-2.72061
-2.14555
-1.71051
-1.52223
-1.55757
-1.73855
-1.97212
-2.15902
-2.18911
-1.94002
-1.29956
-0.240164
1.04766
2.11027
2.75566
3.00805
2.97374
2.76561
2.47989
2.19829
1.99897
1.96756
2.20054
2.7873
3.74906
4.92947
5.95742
6.67592
7.10463
7.32971
7.44155
7.51484
7.60927
7.77736
8.07387
8.56353
9.32261
10.4238
11.8876
13.5949
15.2581
16.7597
18.1224
19.4226
20.741
22.1463
23.6962
25.4424
27.4357
29.7265
32.3538
35.3117
38.4903
41.6441
44.5678
47.0529
48.8164
49.4854
48.6937
9.45582
9.39945
8.9758
8.34336
7.62194
6.88306
6.16374
5.48044
4.83845
4.2374
3.6742
3.14464
2.6441
2.16797
1.71175
1.27109
0.841805
0.41983
0.00118924
-0.418018
-0.841582
-1.27306
-1.71546
-2.17065
-2.63799
-3.11188
-3.57706
-4.00034
-4.31743
-4.41668
-4.13518
-3.32287
-2.10285
-1.33819
-1.14915
-1.37833
-1.84682
-2.41029
-2.94081
-3.28775
-3.23655
-2.49366
-0.792937
1.65667
3.36445
4.12008
4.18636
3.85003
3.31264
2.70092
2.10149
1.59542
1.29126
1.35608
2.02542
3.5147
5.65223
7.21908
8.04371
8.34156
8.34724
8.22453
8.07338
7.95568
7.91925
8.01883
8.33756
9.00874
10.2221
12.1532
14.6724
16.8236
18.4796
19.8206
21.0435
22.2909
23.6575
25.2116
27.0144
29.1383
31.681
34.7688
38.5115
42.8247
47.1089
51.1739
54.8777
57.8701
59.466
58.7092
11.7401
11.5014
10.6713
9.64289
8.60426
7.62817
6.73494
5.9237
5.18612
4.51206
3.89165
3.31597
2.77711
2.26805
1.78248
1.31465
0.859114
0.410628
-0.0360514
-0.486315
-0.945862
-1.42085
-1.91796
-2.44435
-3.0071
-3.61151
-4.2567
-4.9246
-5.55434
-5.98649
-5.86011
-4.512
-1.40422
-0.136805
-0.173675
-0.85432
-1.81812
-2.89569
-3.98668
-4.95944
-5.5288
-5.0668
-2.4239
3.334
5.98976
6.47715
5.94443
5.01584
3.96677
2.90435
1.87036
0.901297
0.0837842
-0.35868
0.0829784
2.34696
7.19681
9.54953
10.17
9.99917
9.54961
9.04848
8.58376
8.18512
7.86534
7.64829
7.60414
7.91419
8.98707
11.5717
16.2798
19.1019
20.653
21.6889
22.6288
23.6688
24.8988
26.3685
28.1239
30.2376
32.8503
36.2405
40.8894
47.2005
52.8887
58.2997
63.7262
68.9343
72.8336
72.9788
15.6403
14.4548
12.6519
10.9568
9.49618
8.25362
7.18774
6.26054
5.442
4.70917
4.04444
3.43407
2.867
2.33409
1.82752
1.34034
0.866141
0.398708
-0.0682277
-0.541321
-1.02797
-1.53681
-2.07831
-2.66571
-3.31618
-4.05237
-4.90355
-5.90372
-7.07565
-8.36045
-9.34419
-8.235
1.94451
2.94266
1.72875
0.0773851
-1.62561
-3.36176
-5.20276
-7.21195
-9.30611
-10.7803
-8.54051
9.47817
11.7372
10.3029
8.27222
6.35487
4.63985
3.06661
1.54557
-0.0112185
-1.66387
-3.34667
-4.48372
-2.5446
12.3369
14.374
13.4355
12.0577
10.8258
9.81961
8.99863
8.30065
7.66316
7.0285
6.36037
5.72088
5.57481
7.93206
20.6026
23.2098
23.5678
23.6949
24.0693
24.7724
25.7942
27.1132
28.717
30.6176
32.8994
35.8988
40.873
52.4722
59.0664
65.402
72.8878
81.8817
91.6056
97.4559
24.7928
18.2969
14.477
11.9325
10.0738
8.62436
7.44062
6.44075
5.57432
4.80809
4.11889
3.48975
2.90765
2.36218
1.84463
1.34739
0.863468
0.386141
-0.0914517
-0.576696
-1.07802
-1.60559
-2.17241
-2.79604
-3.50162
-4.3274
-5.33558
-6.63517
-8.43404
-11.1675
-15.8416
-25.0189
18.5144
9.20749
4.26113
1.08351
-1.38518
-3.67661
-6.17633
-9.34173
-13.9756
-21.8416
-37.3782
38.3159
22.8029
14.987
10.4367
7.40245
5.10874
3.15373
1.27237
-0.785524
-3.36788
-7.12026
-13.4798
-26.0729
35.9728
23.4828
17.3334
13.9059
11.777
10.3239
9.2363
8.32907
7.45693
6.45695
5.07547
2.81716
-1.4421
-10.5586
39.4162
30.5562
26.8146
25.3444
25.0364
25.4168
26.2614
27.4474
28.8822
30.4486
31.9144
32.7131
31.3163
64.9501
65.6159
70.8471
79.8767
93.7769
115.954
155.057
1011.86
957.075
899.126
838.19
774.48
708.229
639.684
569.101
496.736
422.844
347.675
271.471
194.471
116.907
39.0064
4.93569
4.72189
4.45211
4.13755
3.79025
3.42178
3.04229
2.6599
2.28055
1.90803
1.54426
1.18957
0.843112
0.50312
0.167238
8.29811
7.93192
7.4699
6.9323
6.34063
5.71528
5.07376
4.42986
3.79338
3.17038
2.56368
1.97349
1.398
0.833968
0.277166
11.7725
11.2377
10.5632
9.78108
8.92468
8.02492
7.10761
6.1924
5.29272
4.41641
3.56658
2.74268
1.94142
1.15756
0.384617
15.4126
14.6832
13.7641
12.704
11.552
10.3521
9.13933
7.9394
6.76872
5.63595
4.54353
3.48921
2.4674
1.47022
0.488346
19.2822
18.318
17.1058
15.7185
14.2271
12.6918
11.1581
9.65707
8.20677
6.81513
5.48236
4.20321
2.96874
1.76756
0.586883
23.4614
22.2003
20.622
18.8368
16.9459
15.0295
13.144
11.3238
9.58607
7.93539
6.36755
4.87254
3.43674
2.04439
0.678503
28.055
26.3992
24.3445
22.0603
19.6897
17.3361
15.0642
12.9077
10.8781
8.97273
7.17986
5.48262
3.86129
2.29475
0.761238
33.2067
30.9968
28.2964
25.3699
22.4163
19.5607
16.8687
14.3642
12.0456
9.89737
7.89645
6.01673
4.23102
2.51206
0.832941
39.1218
36.0849
32.4744
28.7064
25.0446
21.6219
18.4858
15.6346
13.0427
10.6745
8.4917
6.45678
4.53396
2.68952
0.891401
46.106
41.7454
36.8091
31.9361
27.433
23.3963
19.8176
16.6454
13.8158
11.2659
8.93899
6.78465
4.75847
2.82064
0.934534
54.6269
47.9809
41.0797
34.7954
29.3544
24.7122
20.7427
17.3134
14.3088
11.6343
9.21354
6.98426
4.8946
2.89999
0.960623
65.3398
54.4712
44.7329
36.811
30.4766
25.355
21.1273
17.5564
14.4715
11.7488
9.29648
7.04415
4.93562
2.92408
0.968579
78.5867
59.83
46.5692
37.2385
30.3855
25.1035
20.8548
17.3131
14.2717
11.5927
9.17932
6.96015
4.87959
2.89208
0.958185
90.0045
59.6917
44.4749
35.1874
28.7228
23.8184
19.8749
16.5692
13.7092
11.1707
8.86784
6.73747
4.73047
2.80643
0.930257
0.318041
0.954005
1.58953
2.224
2.85633
3.48473
4.10649
4.71799
5.31521
5.89568
6.46398
7.04556
7.72051
8.70629
10.5596
0.333218
0.999443
1.66489
2.32851
2.98841
3.64122
4.28135
4.89972
5.48205
6.00637
6.43911
6.72688
6.76835
6.28801
4.22804
0.348536
1.0454
1.74147
2.43556
3.12532
3.80643
4.4712
5.10633
5.68903
6.18052
6.51478
6.57904
6.17831
4.96654
2.33808
0.363988
1.09189
1.8194
2.54556
3.26817
3.98289
4.68151
5.34918
5.95919
6.46372
6.77777
6.75391
6.1514
4.62866
1.87009
0.37948
1.13864
1.89823
2.65795
3.41644
4.17041
4.91319
5.63193
6.30244
6.87901
7.2752
7.33044
6.76341
5.14889
2.08374
0.394827
1.18506
1.97693
2.77115
3.56775
4.3656
5.16141
5.94804
6.71081
7.41938
8.00913
8.33897
8.1026
6.67638
3.06282
0.409762
1.23032
2.05396
2.88262
3.71812
4.56207
5.41584
6.28054
7.15666
8.0421
8.92324
9.74057
10.2678
9.72267
5.78634
0.423969
1.27342
2.12745
2.98929
3.86254
4.7516
5.66252
6.60493
7.59589
8.66765
9.88134
11.3434
13.1775
15.1237
13.8127
0.437117
1.31331
2.19547
3.08797
3.99591
4.92582
5.88716
6.89538
7.9788
9.19445
10.6666
12.6877
16.0089
22.7861
40.1127
0.448894
1.34902
2.25627
3.17587
4.11392
5.07809
6.07908
7.13341
8.26967
9.54289
11.0704
13.1287
16.44
23.122
40.2457
0.45904
1.37974
2.30843
3.25089
4.21369
5.20468
6.23379
7.31434
8.46518
9.71448
11.1054
12.6991
14.5298
16.2061
14.2553
0.467354
1.40488
2.35097
3.31171
4.29379
5.30467
6.35263
7.44625
8.59209
9.78748
10.9993
12.1045
12.7266
11.8086
6.70894
0.4737
1.42404
2.38327
3.35764
4.3538
5.37878
6.4396
7.54168
8.68437
9.84883
10.967
11.845
11.9926
10.3147
4.93892
0.477997
1.43698
2.405
3.38836
4.39367
5.42787
6.49776
7.60873
8.76129
9.94208
11.101
12.0926
12.5258
11.3887
6.29515
0.480208
1.44361
2.41602
3.40374
4.41339
5.45204
6.52721
7.6467
8.8184
10.0503
11.3509
12.7278
14.1491
15.2098
12.8573
0.480338
1.44393
2.41637
3.40381
4.41285
5.45072
6.52572
7.64821
8.83352
10.1105
11.5475
13.3318
16.0224
21.4009
35.6428
0.478429
1.43809
2.40624
3.38881
4.39218
5.42347
6.49106
7.6059
8.78476
10.0594
11.5025
13.3062
16.0287
21.4363
35.6705
0.474562
1.42632
2.38604
3.35929
4.35203
5.37087
6.42342
7.51891
8.66928
9.89097
11.2069
12.6421
14.17
15.3415
12.9734
0.468857
1.40898
2.35639
3.31615
4.29365
5.29473
6.32579
7.39361
8.50406
9.65691
10.8281
11.9132
12.5585
11.7045
6.65006
0.461468
1.38655
2.31811
3.26063
4.2188
5.19764
6.20247
7.23851
8.30915
9.40987
10.5089
11.4895
11.9878
10.9841
6.05272
0.452578
1.35959
2.27218
3.19416
4.1295
5.08239
6.05732
7.0592
8.09316
9.16378
10.2716
11.4003
12.4599
12.991
10.4372
0.442391
1.32871
2.21966
3.11834
4.02792
4.9517
5.89332
6.85743
7.85152
8.89161
10.0196
11.3589
13.2988
17.1398
27.5442
0.431125
1.2946
2.16173
3.03489
3.91639
4.8085
5.71356
6.63466
7.57776
8.55818
9.62058
10.9002
12.8172
16.7302
27.3658
0.419001
1.25792
2.09955
2.94557
3.79741
4.65618
5.5225
6.39646
7.27791
8.16763
9.07044
9.99865
10.9491
11.6516
9.81486
0.406229
1.21933
2.03429
2.85214
3.67354
4.49851
5.32599
6.15289
6.97214
7.76783
8.50244
9.08138
9.25299
8.33613
4.6199
0.393003
1.17941
1.96697
2.75618
3.5471
4.339
5.12975
5.91447
6.68255
7.41026
8.04233
8.44676
8.31254
6.96447
3.26065
0.379486
1.13868
1.89846
2.65897
3.4199
4.1802
4.93758
5.68746
6.42082
7.11892
7.74011
8.18601
8.21483
7.22858
3.8579
0.365807
1.09751
1.82941
2.56141
3.29306
4.02334
4.75049
5.47179
6.18344
6.88083
7.55941
8.21473
8.82183
9.14839
7.47249
0.352058
1.05618
1.76025
2.46405
3.16709
3.86856
4.56736
5.2627
5.95584
6.65564
7.39467
8.27676
9.62344
12.4586
20.3015
0.3383
1.01486
1.69123
2.36715
3.04215
3.71553
4.38653
5.055
5.72347
6.40308
7.13041
8.01599
9.39116
12.2909
20.2384
0.324566
0.973637
1.62249
2.27085
2.91827
3.56406
4.20734
4.84718
5.48323
6.11723
6.75608
7.41503
8.09996
8.61742
7.26805
0.310866
0.932549
1.55405
2.17515
2.79545
3.41427
4.03044
4.64187
5.24429
5.82788
6.36764
6.79587
6.92488
6.2402
3.45496
0.297193
0.891564
1.48586
2.07997
2.67361
3.26624
3.85675
4.44271
5.0183
5.56885
6.0565
6.38433
6.31473
5.32155
2.50616
0.283524
0.850607
1.41778
1.98506
2.5524
3.1196
3.68613
4.25064
4.80957
5.35337
5.85621
6.24863
6.3458
5.66819
3.08297
0.269825
0.809568
1.34959
1.89008
2.43125
2.97336
3.51683
4.06235
4.61126
5.16621
5.73244
6.31785
6.91478
7.33944
6.14631
0.256056
0.768318
1.28104
1.79458
2.30938
2.82612
3.34603
3.87162
4.40864
4.97112
5.59522
6.37893
7.60322
10.134
16.9175
0.242177
0.726731
1.2119
1.69816
2.18611
2.67661
3.17119
3.67285
4.18825
4.73314
5.34703
6.13392
7.38422
9.97502
16.8574
0.228153
0.6847
1.14198
1.60054
2.06101
2.52421
2.99136
3.46447
3.94727
4.44714
4.97858
5.56697
6.23413
6.83561
5.95111
0.213956
0.642142
1.07115
1.50156
1.93398
2.36903
2.80732
3.24926
3.69436
4.13914
4.57045
4.94519
5.12952
4.72796
2.69592
0.199566
0.598997
0.999331
1.40116
1.80507
2.21153
2.62068
3.03177
3.44158
3.84039
4.20152
4.45551
4.43168
3.75248
1.77386
0.184962
0.555214
0.926443
1.29929
1.67436
2.05212
2.43265
2.81511
3.19637
3.56772
3.90688
4.15866
4.18885
3.67931
1.9414
0.170128
0.510738
0.852411
1.19586
1.54176
1.89073
2.24321
2.59921
2.95797
3.31733
3.67282
4.01561
4.32074
4.45907
3.59843
0.155044
0.465514
0.777132
1.09068
1.40698
1.72687
2.05127
2.38134
2.7191
3.06957
3.44748
3.89865
4.56837
5.93247
9.65551
0.139693
0.419482
0.700493
0.983584
1.26968
1.55984
1.85535
2.15807
2.47135
2.80268
3.17119
3.62983
4.33367
5.7676
9.59555
0.124059
0.372593
0.622396
0.874375
1.12954
1.38906
1.65438
1.92741
2.21102
2.50991
2.83222
3.19067
3.59186
3.94009
3.40811
0.108132
0.324815
0.542774
0.762936
0.986346
1.21422
1.448
1.68936
1.94002
2.20081
2.46811
2.72173
2.88675
2.72374
1.58465
0.0919134
0.276144
0.461612
0.649227
0.840034
1.03526
1.23633
1.44481
1.66195
1.88716
2.11343
2.31427
2.40938
2.18517
1.17103
0.075412
0.226608
0.378948
0.533289
0.690638
0.852211
1.01949
1.19422
1.37822
1.57272
1.77636
1.98018
2.15371
2.19512
1.67954
0.0586507
0.176273
0.294886
0.415252
0.538294
0.665183
0.79745
0.937156
1.08718
1.25189
1.43913
1.6671
1.98972
2.59182
4.16265
0.0416655
0.125245
0.2096
0.295347
0.383267
0.474405
0.570227
0.672908
0.785919
0.915393
1.07356
1.28825
1.63161
2.31574
4.05195
0.0245066
0.0736766
0.123343
0.173927
0.225996
0.280361
0.338225
0.401467
0.47321
0.558954
0.668713
0.820023
1.03682
1.30899
1.30852
0.00723824
0.0217617
0.0364469
0.0514719
0.0671274
0.0838814
0.102477
0.124111
0.150765
0.185831
0.234993
0.306294
0.403567
0.491535
0.382125
-0.010063
-0.030266
-0.0506861
-0.0714219
-0.0925055
-0.11388
-0.135384
-0.15674
-0.177528
-0.197085
-0.214109
-0.225481
-0.223239
-0.188862
-0.0895296
-0.0273107
-0.0821427
-0.137599
-0.194073
-0.251934
-0.311549
-0.373347
-0.437983
-0.506676
-0.581756
-0.667135
-0.766705
-0.872361
-0.914363
-0.616549
-0.0444117
-0.133585
-0.223802
-0.315756
-0.41014
-0.507697
-0.609331
-0.7164
-0.831377
-0.959265
-1.1103
-1.30369
-1.56567
-1.87583
-1.79306
-0.0612694
-0.184298
-0.308796
-0.435745
-0.566135
-0.701003
-0.841529
-0.989312
-1.14709
-1.32068
-1.52402
-1.79301
-2.22549
-3.11012
-5.40241
-0.0777856
-0.233988
-0.392083
-0.553336
-0.71901
-0.890367
-1.06867
-1.25526
-1.45181
-1.66141
-1.89213
-2.16875
-2.57127
-3.36682
-5.50084
-0.0938623
-0.282358
-0.473169
-0.667845
-0.867923
-1.07489
-1.29004
-1.51426
-1.74743
-1.98744
-2.22832
-2.45701
-2.64407
-2.69395
-2.11515
-0.109402
-0.329115
-0.551563
-0.778589
-1.01204
-1.2537
-1.50509
-1.76702
-2.03828
-2.31281
-2.57293
-2.77413
-2.81208
-2.45761
-1.26519
-0.124308
-0.373966
-0.626768
-0.884857
-1.15043
-1.42571
-1.71281
-2.01325
-2.3268
-2.64813
-2.95841
-3.20457
-3.25253
-2.80313
-1.34435
-0.138487
-0.416627
-0.698289
-0.98591
-1.28206
-1.5895
-1.91121
-2.25035
-2.60988
-2.99107
-3.38836
-3.77258
-4.0383
-3.84956
-2.27758
-0.151854
-0.456833
-0.765659
-1.08102
-1.40583
-1.74334
-2.09746
-2.47324
-2.87786
-3.32277
-3.8273
-4.4228
-5.13956
-5.8565
-5.28242
-0.164337
-0.49436
-0.828475
-1.16956
-1.52074
-1.88561
-2.26864
-2.67604
-3.11782
-3.61299
-4.20298
-4.98872
-6.24061
-8.75983
-15.2252
-0.175878
-0.529036
-0.886437
-1.25105
-1.6261
-2.01523
-2.42285
-2.8549
-3.32063
-3.83728
-4.44264
-5.23083
-6.46142
-8.92262
-15.2873
-0.186444
-0.560755
-0.939371
-1.32528
-1.72167
-2.13197
-2.56005
-3.0103
-3.488
-3.9999
-4.55524
-5.1656
-5.82748
-6.37445
-5.48533
-0.196017
-0.589473
-0.98722
-1.39221
-1.80752
-2.23633
-2.68179
-3.14657
-3.63155
-4.13227
-4.62954
-5.06449
-5.27322
-4.82342
-2.6843
-0.2046
-0.615199
-1.03002
-1.45195
-1.88397
-2.32908
-2.79006
-3.26875
-3.76408
-4.26695
-4.74703
-5.12034
-5.17617
-4.44542
-2.1259
-0.212208
-0.637982
-1.06786
-1.50466
-1.9513
-2.41077
-2.88598
-3.3793
-3.8913
-4.41737
-4.93856
-5.39657
-5.62525
-5.17065
-2.90933
-0.218868
-0.657904
-1.10087
-1.5505
-2.00967
-2.48147
-2.96926
-3.47682
-4.00868
-4.57108
-5.17384
-5.83196
-6.54869
-7.15043
-6.16307
-0.224621
-0.675082
-1.12924
-1.58969
-2.05923
-2.54101
-3.03875
-3.55738
-4.10477
-4.69666
-5.37056
-6.22655
-7.55187
-10.2336
-17.2908
-0.229523
-0.689681
-1.15321
-1.62253
-2.10026
-2.58942
-3.09366
-3.61788
-4.16989
-4.7652
-5.44072
-6.29508
-7.61293
-10.278
-17.3077
-0.23365
-0.701921
-1.17316
-1.64949
-2.1333
-2.6273
-3.13464
-3.65899
-4.20484
-4.77795
-5.38657
-6.04162
-6.73826
-7.29119
-6.21789
-0.237097
-0.71209
-1.18953
-1.67123
-2.15923
-2.65587
-3.16372
-3.68511
-4.22077
-4.76595
-5.30007
-5.75914
-5.96326
-5.43357
-3.01856
-0.239984
-0.720544
-1.20293
-1.68856
-2.1791
-2.6766
-3.18333
-3.70123
-4.22999
-4.76154
-5.26558
-5.65358
-5.69772
-4.8851
-2.33454
-0.242456
-0.727713
-1.21406
-1.70243
-2.19411
-2.69088
-3.19512
-3.70973
-4.23717
-4.77612
-5.31155
-5.78671
-6.02704
-5.54342
-3.12166
-0.244685
-0.734109
-1.22375
-1.71398
-2.20554
-2.6999
-3.19964
-3.70925
-4.23628
-4.79306
-5.39925
-6.08282
-6.85897
-7.54756
-6.56256
-0.246872
-0.740338
-1.23302
-1.72456
-2.215
-2.70511
-3.19722
-3.69661
-4.21464
-4.77558
-5.4331
-6.31451
-7.75157
-10.7137
-18.434
-0.249247
-0.7471
-1.24304
-1.73587
-2.22462
-2.70889
-3.18967
-3.67092
-4.16312
-4.69093
-5.31136
-6.16022
-7.58489
-10.5755
-18.3775
-0.252063
-0.755172
-1.2552
-1.74998
-2.2373
-2.71504
-3.18172
-3.63755
-4.08678
-4.54187
-5.03087
-5.60593
-6.3306
-7.09582
-6.3712
-0.255578
-0.765369
-1.27097
-1.76924
-2.25658
-2.72882
-3.18121
-3.60869
-4.00627
-4.36917
-4.69051
-4.94761
-5.04803
-4.65061
-2.71048
-0.260034
-0.778461
-1.2918
-1.79605
-2.28631
-2.75631
-3.19793
-3.60052
-3.94974
-4.22525
-4.39464
-4.398
-4.11108
-3.27663
-1.46696
-0.265622
-0.795072
-1.3189
-1.83253
-2.33004
-2.80345
-3.2417
-3.62931
-3.94431
-4.15492
-4.21399
-4.04986
-3.55426
-2.57982
-1.00412
-0.272449
-0.815567
-1.35306
-1.88017
-2.39047
-2.87494
-3.32055
-3.70845
-4.0113
-4.18974
-4.18822
-3.93182
-3.32989
-2.30048
-0.841651
-0.280505
-0.839951
-1.3944
-1.93942
-2.46879
-2.97334
-3.4394
-3.84657
-4.16459
-4.34944
-4.33934
-4.05366
-3.4023
-2.31929
-0.835048
-0.289639
-0.867787
-1.44225
-2.00951
-2.5643
-3.09841
-3.59908
-4.0465
-4.41026
-4.64443
-4.68172
-4.42935
-3.77437
-2.61667
-0.957492
-0.29955
-0.898163
-1.49506
-2.08822
-2.6741
-3.24663
-3.79564
-4.30443
-4.74582
-5.07601
-5.22514
-5.0845
-4.49546
-3.26223
-1.25756
-0.309793
-0.929708
-1.55044
-2.17194
-2.79311
-3.4111
-4.02005
-4.60905
-5.15848
-5.63321
-5.96962
-6.05092
-5.66378
-4.44344
-1.91204
-0.319801
-0.960663
-1.60525
-2.25583
-2.91428
-3.58179
-4.25822
-4.94103
-5.62287
-6.2863
-6.89109
-7.34249
-7.41057
-6.535
-3.46414
-0.328925
-0.989011
-1.65586
-2.3342
-3.02911
-3.74619
-4.49186
-5.27355
-6.09989
-6.97994
-7.9189
-8.90004
-9.81249
-10.151
-7.69479
-0.336491
-1.01264
-1.69846
-2.40103
-3.12847
-3.89069
-4.70038
-5.57491
-6.5394
-7.63245
-8.91725
-10.5051
-12.6126
-15.7075
-20.9068
63.4598
47.3631
37.6253
30.9271
25.8758
21.8247
18.435
15.5091
12.9209
10.5842
8.43618
6.42888
4.52353
2.68739
0.891404
23.1951
30.2508
28.8269
25.7212
22.4948
19.4932
16.7643
14.2829
12.0093
9.90488
7.93505
6.06964
4.28202
2.54818
0.845924
10.2455
19.0268
21.1962
20.5987
18.9573
16.9723
14.9216
12.9122
10.9802
9.13202
7.36132
5.65633
4.00312
2.38703
0.793205
5.42774
12.3941
15.4866
16.201
15.6583
14.4967
13.0501
11.4875
9.8927
8.30527
6.74189
5.207
3.69841
2.21039
0.735328
3.31063
8.45152
11.4282
12.6763
12.7888
12.2189
11.259
10.0852
8.79997
7.46172
6.10262
4.73934
3.37937
2.02474
0.674383
2.22151
6.01174
8.57026
9.93987
10.3931
10.2118
9.61636
8.76006
7.74396
6.63259
5.4662
4.26935
3.05658
1.8361
0.612327
1.58567
4.42725
6.53782
7.83978
8.43778
8.49228
8.15473
7.5458
6.75404
5.84159
4.85087
3.81039
2.73912
1.64972
0.55088
1.17883
3.35036
5.06685
6.22848
6.85982
7.04489
6.88147
6.45843
5.84788
5.10488
4.27004
3.37276
2.43423
1.46989
0.491453
0.901241
2.58942
3.98116
4.98535
5.59171
5.83942
5.78843
5.5012
5.03363
4.4319
3.73253
2.96375
2.14723
1.29982
0.435126
0.703018
2.03432
3.16454
4.01842
4.5726
4.84131
4.85937
4.66917
4.31249
3.82667
3.24319
2.58786
1.88165
1.14174
0.382655
0.556687
1.61883
2.5398
3.25957
3.7517
4.01719
4.07491
3.95268
3.681
3.28922
2.8037
2.24728
1.63946
0.996974
0.3345
0.445927
1.30135
2.05475
2.65878
3.08813
3.33733
3.41535
3.33994
3.13288
2.81683
2.41341
1.94237
1.42134
0.866071
0.290871
0.360458
1.05471
1.67342
2.17924
2.54964
2.7763
2.86232
2.81858
2.66041
2.40508
2.07007
1.67215
1.22697
0.749001
0.251783
0.2935
0.860525
1.37045
1.79374
2.11093
2.3129
2.39937
2.37665
2.25539
2.04863
1.77038
1.43473
1.05535
0.645294
0.217099
0.240411
0.705976
1.12764
1.48188
1.75222
1.9297
2.01221
2.00312
1.90972
1.74181
1.51054
1.22767
0.905007
0.554178
0.186581
0.197916
0.581905
0.931648
1.22828
1.45797
1.61242
1.68865
1.68812
1.61577
1.47895
1.28653
1.04824
0.774215
0.4747
0.159926
0.163642
0.481608
0.772523
1.02116
1.21595
1.34946
1.41836
1.42298
1.36659
1.25469
1.09435
0.893609
0.661114
0.405814
0.136797
0.135837
0.400093
0.642747
0.851433
1.01648
1.13134
1.1927
1.20019
1.15593
1.06406
0.930208
0.76102
0.563844
0.346449
0.116844
0.11318
0.333576
0.536552
0.712001
0.851833
0.950368
1.00445
1.01331
0.978318
0.902583
0.790593
0.647858
0.480609
0.295559
0.0997239
0.094665
0.279152
0.449467
0.597295
0.71586
0.800257
0.847579
0.85688
0.828991
0.76627
0.672321
0.551712
0.409728
0.252157
0.0851115
0.0795117
0.234568
0.377994
0.502905
0.603608
0.675881
0.717107
0.726267
0.703842
0.651634
0.572554
0.470403
0.349669
0.215331
0.0727048
0.0671124
0.198057
0.319373
0.425319
0.511091
0.57306
0.608893
0.617578
0.599368
0.555652
0.488801
0.401995
0.299051
0.184258
0.0622301
0.0569901
0.168231
0.271423
0.361737
0.435099
0.488382
0.519523
0.527561
0.5126
0.475729
0.418899
0.344789
0.256658
0.158207
0.0534437
0.0487692
0.143994
0.232411
0.309924
0.373046
0.419075
0.446192
0.453508
0.44104
0.40966
0.360993
0.297316
0.22143
0.136538
0.0461317
0.0421546
0.124481
0.200971
0.2681
0.322858
0.362894
0.386608
0.393188
0.38261
0.35559
0.313507
0.258319
0.192451
0.118697
0.0401086
0.0369166
0.109019
0.176028
0.234863
0.28289
0.318045
0.338916
0.344778
0.335594
0.311974
0.275119
0.226734
0.168947
0.104212
0.0352161
0.0328798
0.0970938
0.156759
0.209129
0.251858
0.283112
0.301642
0.306812
0.298597
0.277547
0.244733
0.201676
0.150266
0.0926854
0.0313202
0.029916
0.0883259
0.142555
0.190087
0.22879
0.257011
0.273642
0.278138
0.27051
0.251286
0.221458
0.182414
0.135868
0.0837854
0.0283094
0.0279392
0.0824605
0.132998
0.177174
0.212998
0.238956
0.254065
0.257879
0.250471
0.232385
0.20458
0.16836
0.125314
0.0772405
0.0260918
0.0269043
0.0793605
0.127856
0.170059
0.204054
0.228432
0.242327
0.245409
0.237843
0.22023
0.193541
0.159045
0.118248
0.0728301
0.0245926
0.0268082
0.0790096
0.127083
0.168642
0.201786
0.225184
0.238095
0.24033
0.232188
0.214376
0.187921
0.154104
0.11439
0.0703766
0.023751
0.0276941
0.0815243
0.130831
0.173066
0.206282
0.229215
0.241272
0.242452
0.233246
0.214519
0.18741
0.153255
0.113514
0.0697363
0.0235176
0.0296614
0.0871791
0.139488
0.183749
0.217915
0.240796
0.251998
0.251784
0.240912
0.220478
0.19179
0.156281
0.115441
0.0707895
0.0238506
0.0328818
0.0964496
0.15373
0.20144
0.237382
0.260483
0.270646
0.268513
0.255214
0.232164
0.200904
0.163005
0.120013
0.0734298
0.0247125
0.0376263
0.110084
0.174617
0.227299
0.265761
0.28915
0.29783
0.29299
0.276283
0.249548
0.214625
0.173263
0.127076
0.0775505
0.0260653
0.0443108
0.129221
0.203731
0.263029
0.304603
0.328027
0.334397
0.325703
0.304312
0.272612
0.232814
0.186868
0.136456
0.0830301
0.0278659
0.0535719
0.155576
0.243405
0.311062
0.356043
0.378741
0.381419
0.367229
0.339495
0.301295
0.255267
0.20357
0.147927
0.0897147
0.0300598
0.0664011
0.191773
0.297084
0.374836
0.422949
0.44335
0.440149
0.418154
0.381941
0.33541
0.281654
0.223008
0.161179
0.0973993
0.0325756
0.084389
0.241897
0.369893
0.459186
0.509093
0.52434
0.511921
0.478943
0.431546
0.374538
0.311432
0.244652
0.175781
0.105807
0.0353182
0.110202
0.312509
0.469572
0.570877
0.619293
0.624533
0.597958
0.549735
0.487816
0.417895
0.343759
0.267743
0.191148
0.11457
0.0381624
0.148579
0.414534
0.607963
0.719283
0.759463
0.746808
0.699014
0.630023
0.549634
0.464172
0.377385
0.291234
0.2065
0.123212
0.0409485
0.208623
0.566915
0.803362
0.917076
0.936305
0.893474
0.814774
0.71821
0.614961
0.51136
0.410563
0.313737
0.220845
0.13114
0.0434795
0.309601
0.803899
1.08398
1.18047
1.15622
1.06503
0.942924
0.811021
0.680516
0.556589
0.440976
0.333504
0.232973
0.137647
0.0455227
0.497313
1.18963
1.49206
1.52769
1.42259
1.25805
1.07786
0.902844
0.741486
0.596032
0.465727
0.348446
0.241484
0.141928
0.0468163
0.894954
1.84609
2.08538
1.97261
1.73019
1.46192
1.20918
0.985163
0.791395
0.624941
0.481425
0.356215
0.244847
0.143122
0.0470818
1.87506
2.99684
2.92315
2.50752
2.05569
1.65499
1.32053
1.04645
0.822316
0.637908
0.484401
0.354366
0.241508
0.140368
0.0460433
4.68035
4.97773
3.99831
3.06752
2.34565
1.80201
1.38992
1.07304
0.825627
0.629401
0.471067
0.340582
0.23003
0.132877
0.0434504
13.7795
7.84519
5.03962
3.48236
2.51179
1.85765
1.39315
1.05138
0.793371
0.594565
0.438385
0.31295
0.209243
0.120019
0.0391031
16.402
8.53974
5.21393
3.48969
2.45815
1.78154
1.31113
0.971518
0.719985
0.530115
0.384343
0.270223
0.178394
0.101389
0.032874
8.0631
6.08379
4.27592
3.01591
2.15798
1.5622
1.13825
0.83047
0.603761
0.435029
0.308313
0.212011
0.137249
0.0768608
0.0247233
2.83123
3.50865
2.95738
2.26283
1.67571
1.22351
0.884676
0.633101
0.447263
0.310758
0.211155
0.138838
0.0861199
0.046602
0.0147035
1.06112
1.78668
1.73826
1.4351
1.09972
0.806047
0.570482
0.390068
0.256495
0.160853
0.095044
0.0520518
0.0258226
0.0110515
0.0029534
0.260888
0.602175
0.696016
0.62971
0.494752
0.348214
0.217973
0.114495
0.0393807
-0.00977467
-0.0369135
-0.0463762
-0.042432
-0.0291331
-0.0103183
-0.414007
-0.41051
-0.235032
-0.128017
-0.102187
-0.120946
-0.153127
-0.180776
-0.195763
-0.195692
-0.181146
-0.154114
-0.117182
-0.0731473
-0.0248548
-1.66633
-1.54262
-1.11854
-0.829363
-0.668159
-0.580785
-0.52737
-0.484837
-0.441358
-0.391659
-0.334048
-0.268725
-0.196863
-0.120117
-0.040375
-5.31889
-2.88328
-1.90833
-1.44183
-1.18285
-1.01703
-0.894045
-0.78954
-0.691263
-0.593113
-0.492299
-0.387873
-0.279931
-0.169165
-0.0565944
-5.44406
-3.20953
-2.34501
-1.91014
-1.63281
-1.42353
-1.24787
-1.0899
-0.941063
-0.796405
-0.65305
-0.509456
-0.364957
-0.219463
-0.073242
-2.07606
-2.58431
-2.48326
-2.26904
-2.03546
-1.80665
-1.58938
-1.38388
-1.18794
-0.998775
-0.813956
-0.631658
-0.450668
-0.270262
-0.0900711
-1.23849
-2.38216
-2.70006
-2.64132
-2.43477
-2.18174
-1.92267
-1.67121
-1.43008
-1.19811
-0.973094
-0.752942
-0.535964
-0.320908
-0.106865
-1.32682
-2.75342
-3.17834
-3.1162
-2.86629
-2.56097
-2.25065
-1.95133
-1.66584
-1.39258
-1.12884
-0.872008
-0.619916
-0.370845
-0.123438
-2.26721
-3.82023
-3.99479
-3.72142
-3.33623
-2.94362
-2.57095
-2.2218
-1.89308
-1.58041
-1.27976
-0.987769
-0.701759
-0.41962
-0.139642
-5.27798
-5.84421
-5.12223
-4.4042
-3.81125
-3.31234
-2.87487
-2.47804
-2.10912
-1.75987
-1.42465
-1.09936
-0.780902
-0.466886
-0.155361
-15.226
-8.76266
-6.24682
-5.00003
-4.22089
-3.63835
-3.1505
-2.71485
-2.31145
-1.92956
-1.56262
-1.20618
-0.856948
-0.512414
-0.170521
-15.293
-8.93965
-6.48999
-5.27098
-4.49391
-3.89852
-3.38982
-2.92922
-2.49878
-2.08882
-1.69328
-1.30796
-0.929719
-0.556099
-0.185085
-5.49579
-6.40555
-5.87842
-5.23491
-4.64069
-4.0984
-3.59567
-3.12256
-2.67184
-2.23803
-1.81682
-1.40481
-0.999264
-0.597963
-0.199062
-2.69974
-4.86916
-5.34754
-5.1645
-4.75129
-4.27074
-3.78089
-3.3003
-2.83311
-2.37843
-1.93394
-1.49715
-1.06584
-0.63815
-0.212497
-2.14673
-4.507
-5.27586
-5.25384
-4.90855
-4.44946
-3.95959
-3.46868
-2.98564
-2.51172
-2.04567
-1.58565
-1.12989
-0.676909
-0.225472
-2.93616
-5.2499
-5.75329
-5.56757
-5.14474
-4.64945
-4.13893
-3.63153
-3.13177
-2.63949
-2.15318
-1.67116
-1.192
-0.714584
-0.238099
-6.19675
-7.24987
-6.70915
-6.04585
-5.43114
-4.85994
-4.31603
-3.78899
-3.27264
-2.76308
-2.25768
-1.75466
-1.25287
-0.751602
-0.250521
-17.3325
-10.3565
-7.75001
-6.49026
-5.68721
-5.05139
-4.48133
-3.93894
-3.40873
-2.88372
-2.36048
-1.83729
-1.31335
-0.788481
-0.262913
-17.3588
-10.4286
-7.85546
-6.6174
-5.82703
-5.19708
-4.62733
-4.08037
-3.54114
-3.00307
-2.46322
-1.9204
-1.37444
-0.825835
-0.275481
-6.28019
-7.47483
-7.03361
-6.43349
-5.85535
-5.30086
-4.75741
-4.21635
-3.67267
-3.12362
-2.56798
-2.00566
-1.43736
-0.864389
-0.288466
-3.09439
-5.65689
-6.32196
-6.23421
-5.86711
-5.3969
-4.88575
-4.35408
-3.80786
-3.24867
-2.67735
-2.09504
-1.50349
-0.904981
-0.302149
-2.42676
-5.15649
-6.13298
-6.22882
-5.95035
-5.52127
-5.02825
-4.50184
-3.95197
-3.38211
-2.79429
-2.19079
-1.57444
-0.948561
-0.316843
-3.23394
-5.87352
-6.55546
-6.48324
-6.13808
-5.68993
-5.19386
-4.6658
-4.10991
-3.52795
-2.92208
-2.29544
-1.65197
-0.996181
-0.332898
-6.69959
-7.94991
-7.50154
-6.92707
-6.39723
-5.89177
-5.38159
-4.849
-4.28588
-3.69034
-3.06426
-2.41173
-1.73803
-1.04899
-0.350694
-18.6018
-11.2058
-8.53506
-7.33978
-6.63933
-6.0968
-5.5848
-5.05333
-4.48431
-3.87387
-3.22475
-2.5427
-1.83471
-1.10821
-0.370629
-18.5841
-11.18
-8.54382
-7.40871
-6.77164
-6.28054
-5.80144
-5.28367
-4.71142
-4.0842
-3.40806
-2.69163
-1.94423
-1.17509
-0.393114
-6.62722
-7.84292
-7.51001
-7.13167
-6.80248
-6.45584
-6.04485
-5.55175
-4.97667
-4.32845
-3.6193
-2.86202
-2.06881
-1.25088
-0.41854
-3.0305
-5.58111
-6.50763
-6.82036
-6.84534
-6.67574
-6.34518
-5.87669
-5.29264
-4.61497
-3.86391
-3.05732
-2.21052
-1.33666
-0.447246
-1.87148
-4.44706
-5.93137
-6.70878
-7.02323
-7.00731
-6.74121
-6.2818
-5.67358
-4.9524
-4.14706
-3.28051
-2.37099
-1.43323
-0.479467
-1.52312
-4.07076
-5.84593
-6.91859
-7.43043
-7.51252
-7.27135
-6.79014
-6.13289
-5.34824
-4.47269
-3.5335
-2.55106
-1.54088
-0.515274
-1.52099
-4.23084
-6.24825
-7.51778
-8.13594
-8.24215
-7.96808
-7.4206
-6.6806
-5.80715
-4.8425
-3.81652
-2.75036
-1.65922
-0.554509
-1.7495
-4.87171
-7.16986
-8.56922
-9.19684
-9.2358
-8.85457
-8.1846
-7.32086
-6.32934
-5.25485
-4.12741
-2.96699
-1.78699
-0.596725
-2.23964
-6.08479
-8.71555
-10.1565
-10.6664
-10.5212
-9.94152
-9.08301
-8.04972
-6.90906
-5.70395
-4.46118
-3.19719
-1.92187
-0.64115
-3.17012
-8.14113
-11.0874
-12.3904
-12.5905
-12.1084
-11.2221
-10.1027
-8.85299
-7.53345
-6.17913
-4.80965
-3.43525
-2.06049
-0.686668
-5.05144
-11.6034
-14.6002
-15.3902
-14.988
-13.9763
-12.6643
-11.2128
-9.70464
-8.1819
-6.66479
-5.16152
-3.67353
-2.19846
-0.731844
-9.3986
-17.5345
-19.6455
-19.2176
-17.8087
-16.0526
-14.2034
-12.3621
-10.5663
-8.82633
-7.14078
-5.50273
-3.90281
-2.33054
-0.774985
-21.1493
-27.6494
-26.4537
-23.726
-20.8702
-18.1933
-15.7369
-13.4798
-11.389
-9.43289
-7.58372
-5.81742
-4.11286
-2.45101
-0.814244
-57.7601
-43.1083
-34.3256
-28.3231
-23.8074
-20.1806
-17.1318
-14.4818
-12.118
-9.9651
-7.96905
-6.08921
-4.29324
-2.55405
-0.847753
-0.342113
-1.03038
-1.73103
-2.4533
-3.20807
-4.00896
-4.87407
-5.82895
-6.91186
-8.1839
-9.74993
-11.8068
-14.7719
-19.6715
-29.5311
-0.344502
-1.03824
-1.74652
-2.4802
-3.25212
-4.07833
-4.98012
-5.98708
-7.14251
-8.51271
-10.2037
-12.3913
-15.3732
-19.6245
-25.649
-0.342144
-1.03153
-1.73655
-2.46879
-3.24175
-4.07199
-4.98077
-5.99648
-7.15813
-8.52047
-10.1603
-12.1811
-14.7047
-17.8032
-21.2436
-0.334675
-1.00916
-1.69932
-2.41659
-3.17399
-3.98693
-4.87428
-5.85966
-6.97281
-8.25052
-9.73533
-11.4676
-13.4609
-15.6389
-17.7128
-0.322067
-0.971075
-1.63492
-2.32419
-3.05057
-3.82729
-4.66954
-5.59482
-6.62268
-7.77321
-9.06259
-10.4928
-12.0318
-13.5786
-14.9234
-0.304575
-0.918133
-1.54504
-2.19461
-2.87672
-3.60195
-4.38157
-5.22716
-6.14959
-7.15667
-8.2484
-9.40886
-10.5945
-11.7193
-12.6482
-0.282667
-0.851818
-1.43247
-2.03242
-2.65963
-3.32208
-4.02745
-4.78249
-5.59171
-6.45521
-7.36489
-8.29919
-9.21743
-10.0552
-10.7277
-0.256937
-0.773988
-1.30056
-1.84293
-2.40721
-2.99911
-3.62345
-4.28345
-4.97952
-5.7076
-6.45661
-7.20543
-7.92068
-8.55641
-9.05874
-0.228028
-0.686631
-1.15283
-1.63148
-2.12711
-2.64356
-3.18357
-3.74803
-4.3351
-4.93896
-5.54836
-6.14506
-6.7033
-7.19082
-7.57284
-0.196568
-0.591674
-0.99262
-1.40304
-1.82614
-2.26437
-2.71904
-3.18971
-3.67355
-4.1645
-4.65249
-5.12282
-5.55625
-5.93033
-6.22218
-0.163133
-0.490867
-0.822924
-1.16192
-1.51003
-1.86872
-2.23842
-2.61807
-3.00465
-3.39273
-3.77399
-4.13713
-4.46819
-4.75164
-4.97233
-0.128226
-0.38572
-0.64627
-0.911671
-1.18333
-1.46207
-1.74783
-2.03942
-2.33416
-2.62762
-2.91343
-3.18332
-3.4275
-3.63546
-3.79722
-0.0922717
-0.277502
-0.464742
-0.655141
-0.849554
-1.04839
-1.25142
-1.45762
-1.66492
-1.8701
-2.06872
-2.25515
-2.42295
-2.56536
-2.67612
-0.0556242
-0.167262
-0.280034
-0.394576
-0.51134
-0.630502
-0.751859
-0.874719
-0.997802
-1.11916
-1.23618
-1.3456
-1.44377
-1.52692
-1.59158
-1013.55
-1040.61
-1067.56
-1094.32
-1120.81
-1146.96
-1172.68
-1197.89
-1222.51
-1246.46
-1269.65
-1292.01
-1313.45
-1333.92
-1353.36
-50.6866
-37.4598
-29.79
-24.7647
-21.1601
-18.4041
-16.2012
-14.3842
-12.8509
-11.5351
-10.3915
-9.38768
-8.49995
-7.71017
-7.00425
-6.37097
-5.80125
-5.28761
-4.82382
-4.4046
-4.02545
-3.68252
-3.37245
-3.09231
-2.83955
-2.61192
-2.40743
-2.22436
-2.06116
-1.91647
-1.78913
-1.67808
-1.58245
-1.50147
-1.43449
-1.38099
-1.34054
-1.31282
-1.29761
-1.29479
-1.30434
-1.32633
-1.36091
-1.40836
-1.46903
-1.54339
-1.63201
-1.73556
-1.85484
-1.99075
-2.14436
-2.31682
-2.50948
-2.72382
-2.9615
-3.22436
-3.51445
-3.83404
-4.18565
-4.57205
-4.99632
-5.46188
-5.9725
-6.53238
-7.14618
-7.8191
-8.55697
-9.36629
-10.2544
-11.2297
-12.3016
-13.4811
-14.7807
-16.2151
-17.8018
-19.5616
-21.5196
-23.7069
-26.1627
-28.9369
-32.0956
-35.7282
-39.96
-44.9746
-51.0546
-58.6632
-68.6193
-82.5073
-103.719
-140.326
-31.6501
-29.4789
-26.0035
-22.7408
-19.9598
-17.6297
-15.6677
-13.9977
-12.56
-11.3095
-10.2124
-9.24295
-8.38132
-7.61187
-6.92212
-6.30194
-5.74301
-5.23838
-4.78219
-4.36946
-3.99591
-3.65782
-3.35196
-3.07552
-2.82601
-2.60124
-2.39927
-2.21842
-2.05717
-1.9142
-1.78834
-1.67859
-1.58406
-1.50401
-1.4378
-1.38491
-1.34492
-1.31752
-1.30249
-1.29971
-1.30916
-1.33091
-1.36512
-1.41205
-1.47205
-1.5456
-1.63324
-1.73564
-1.8536
-1.98802
-2.13992
-2.31047
-2.50098
-2.71293
-2.94795
-3.20786
-3.49468
-3.81065
-4.15824
-4.5402
-4.95956
-5.41967
-5.92424
-6.47739
-7.0837
-7.74824
-8.4767
-9.27543
-10.1516
-11.1132
-12.1694
-13.3307
-14.609
-16.0184
-17.5752
-19.2986
-21.2118
-23.3429
-25.7264
-28.4056
-31.4356
-34.8875
-38.855
-43.4626
-48.8755
-55.3046
-62.979
-71.983
-81.5705
-87.5355
-23.595
-23.3749
-21.9095
-20.0225
-18.1092
-16.3244
-14.7131
-13.2762
-11.9988
-10.8624
-9.84897
-8.94257
-8.12956
-7.39843
-6.73946
-6.14441
-5.60629
-5.11912
-4.67774
-4.27769
-3.91508
-3.58649
-3.28894
-3.01978
-2.77667
-2.55755
-2.36057
-2.18411
-2.02672
-1.88714
-1.76424
-1.65705
-1.56472
-1.48652
-1.42183
-1.37015
-1.33108
-1.30431
-1.28963
-1.28693
-1.29618
-1.31746
-1.35092
-1.39681
-1.45549
-1.52741
-1.61311
-1.71324
-1.82858
-1.96001
-2.10852
-2.27527
-2.46153
-2.66872
-2.89846
-3.1525
-3.43282
-3.7416
-4.08123
-4.45438
-4.86399
-5.3133
-5.80588
-6.34572
-6.93719
-7.58517
-8.29506
-9.0729
-9.92541
-10.8601
-11.8856
-13.0114
-14.2484
-15.6092
-17.1082
-18.7619
-20.5899
-22.6149
-24.8639
-27.3688
-30.1674
-33.3037
-36.8275
-40.7901
-45.2324
-50.152
-55.4232
-60.6172
-64.6373
-65.1997
-18.9338
-19.0632
-18.4217
-17.3411
-16.073
-14.7685
-13.5068
-12.3243
-11.2342
-10.2379
-9.33104
-8.50732
-7.75957
-7.0808
-6.46447
-5.90465
-5.39598
-4.93371
-4.51359
-4.13183
-3.78508
-3.47032
-3.18489
-2.92639
-2.69268
-2.48186
-2.29222
-2.12224
-1.97056
-1.83598
-1.71746
-1.61406
-1.52497
-1.4495
-1.38707
-1.33719
-1.29948
-1.27364
-1.25949
-1.2569
-1.26586
-1.28643
-1.31877
-1.36313
-1.41984
-1.48934
-1.57215
-1.66892
-1.78036
-1.90735
-2.05084
-2.21194
-2.39187
-2.59202
-2.81391
-3.05926
-3.32994
-3.62805
-3.95589
-4.316
-4.71118
-5.14451
-5.6194
-6.13959
-6.70921
-7.33283
-8.01547
-8.7627
-9.5807
-10.4763
-11.4572
-12.5317
-13.7094
-15.0009
-16.418
-17.9741
-19.6839
-21.564
-23.6325
-25.9088
-28.4125
-31.1616
-34.1675
-37.4264
-40.9016
-44.4921
-47.9781
-50.9407
-52.6824
-52.283
-15.684
-15.8613
-15.5657
-14.9293
-14.0888
-13.1506
-12.1861
-11.2392
-10.3345
-9.48417
-8.69332
-7.96257
-7.29018
-6.6732
-6.1081
-5.59121
-5.11889
-4.68765
-4.29424
-3.93565
-3.60909
-3.31203
-3.04218
-2.79743
-2.57588
-2.37583
-2.19572
-2.03416
-1.88993
-1.76189
-1.64908
-1.55063
-1.46579
-1.3939
-1.33442
-1.2869
-1.25097
-1.22637
-1.21289
-1.21045
-1.21901
-1.23866
-1.26953
-1.31187
-1.36599
-1.43231
-1.51133
-1.60365
-1.70998
-1.83113
-1.96802
-2.12169
-2.29331
-2.48419
-2.69579
-2.92972
-3.18776
-3.47188
-3.78427
-4.1273
-4.5036
-4.91606
-5.36785
-5.86244
-6.40363
-6.99562
-7.64298
-8.35072
-9.12434
-9.96985
-10.8938
-11.9035
-13.0066
-14.2117
-15.5278
-16.9648
-18.5327
-20.2417
-22.1018
-24.121
-26.3041
-28.6494
-31.143
-33.7507
-36.4041
-38.9821
-41.2861
-43.0217
-43.8098
-43.2847
-13.174
-13.3394
-13.1996
-12.8105
-12.2447
-11.5697
-10.8395
-10.0928
-9.35561
-8.64432
-7.96853
-7.33327
-6.74053
-6.19042
-5.6819
-5.2132
-4.78225
-4.38675
-4.02442
-3.69298
-3.39028
-3.11427
-2.86302
-2.63476
-2.42785
-2.2408
-2.07223
-1.9209
-1.78571
-1.66563
-1.55978
-1.46738
-1.38771
-1.3202
-1.26434
-1.2197
-1.18595
-1.16284
-1.1502
-1.14792
-1.15601
-1.17451
-1.20358
-1.24343
-1.29436
-1.35677
-1.43113
-1.51801
-1.61806
-1.73204
-1.86082
-2.00537
-2.1668
-2.34632
-2.54529
-2.76522
-3.00778
-3.27479
-3.56827
-3.89043
-4.2437
-4.63072
-5.0544
-5.51789
-6.02464
-6.5784
-7.18324
-7.84356
-8.56413
-9.35007
-10.2069
-11.1403
-12.1566
-13.2621
-14.4633
-15.7665
-17.1777
-18.7016
-20.3414
-22.0966
-23.9618
-25.923
-27.9537
-30.0084
-32.0149
-33.8658
-35.4121
-36.4663
-36.8276
-36.3413
-11.1133
-11.2563
-11.1918
-10.9455
-10.5568
-10.0678
-9.51605
-8.93208
-8.33885
-7.75275
-7.18484
-6.64219
-6.12898
-5.6473
-5.19786
-4.78042
-4.39411
-4.03769
-3.7097
-3.40857
-3.13269
-2.88048
-2.6504
-2.441
-2.2509
-2.07883
-1.92359
-1.78411
-1.65941
-1.54859
-1.45085
-1.36548
-1.29187
-1.22946
-1.17782
-1.13654
-1.10534
-1.08398
-1.0723
-1.07022
-1.07773
-1.09489
-1.12183
-1.15876
-1.20595
-1.26377
-1.33266
-1.41313
-1.5058
-1.61137
-1.73064
-1.8645
-2.01396
-2.18016
-2.36434
-2.56788
-2.79231
-3.0393
-3.31069
-3.60849
-3.9349
-4.29231
-4.68331
-5.11074
-5.57764
-6.08731
-6.64327
-7.24931
-7.90944
-8.62788
-9.40906
-10.2575
-11.1778
-12.1744
-13.2514
-14.4124
-15.6598
-16.9943
-18.4141
-19.9134
-21.4805
-23.096
-24.7292
-26.3348
-27.8491
-29.1876
-30.2461
-30.9084
-31.0655
-30.6465
-9.35133
-9.47189
-9.44564
-9.28543
-9.01356
-8.65616
-8.23897
-7.78467
-7.31189
-6.83506
-6.36487
-5.90887
-5.47215
-5.05791
-4.66793
-4.30299
-3.96314
-3.64792
-3.35655
-3.08804
-2.84128
-2.61509
-2.4083
-2.21975
-2.04831
-1.89292
-1.75258
-1.62638
-1.51345
-1.41304
-1.32443
-1.24701
-1.18022
-1.12359
-1.07671
-1.03924
-1.01092
-0.99153
-0.980943
-0.979081
-0.985934
-1.00156
-1.02608
-1.05968
-1.10261
-1.15521
-1.21787
-1.29106
-1.37534
-1.47135
-1.5798
-1.70151
-1.8374
-1.98847
-2.15586
-2.34082
-2.54471
-2.76903
-3.01543
-3.2857
-3.5818
-3.90583
-4.2601
-4.64707
-5.06937
-5.52985
-6.03149
-6.57746
-7.17105
-7.81563
-8.51465
-9.27147
-10.0893
-10.971
-11.9187
-12.934
-14.0165
-15.1644
-16.3726
-17.6324
-18.9297
-20.2436
-21.5445
-22.7925
-23.9361
-24.9124
-25.6503
-26.0775
-26.1326
-25.7802
-7.79863
-7.89872
-7.89221
-7.786
-7.59323
-7.33048
-7.01517
-6.66376
-6.29065
-5.90772
-5.52437
-5.14772
-4.78292
-4.43355
-4.10195
-3.78946
-3.49673
-3.22384
-2.97054
-2.73626
-2.52031
-2.32186
-2.14004
-1.97395
-1.8227
-1.68544
-1.56134
-1.44964
-1.34962
-1.26062
-1.18204
-1.11336
-1.05409
-1.00382
-0.962196
-0.928928
-0.903779
-0.88657
-0.877181
-0.875548
-0.881664
-0.895581
-0.917408
-0.94731
-0.985517
-1.03232
-1.08807
-1.15319
-1.22816
-1.31356
-1.41003
-1.51827
-1.63911
-1.77344
-1.92225
-2.08665
-2.26782
-2.4671
-2.68593
-2.92586
-3.18859
-3.47596
-3.78993
-4.13262
-4.50625
-4.91322
-5.35599
-5.83714
-6.35929
-6.92508
-7.53707
-8.19765
-8.90889
-9.6724
-10.489
-11.3585
-12.2793
-13.2475
-14.2568
-15.2974
-16.3549
-17.4097
-18.4358
-19.4004
-20.2637
-20.9801
-21.5016
-21.7822
-21.786
-21.4941
-6.39691
-6.47855
-6.48184
-6.41071
-6.27319
-6.07996
-5.84286
-5.57363
-5.28307
-4.98054
-4.67382
-4.36908
-4.07106
-3.78324
-3.50806
-3.24713
-3.00138
-2.77124
-2.55679
-2.35779
-2.17384
-2.00439
-1.84883
-1.70648
-1.57668
-1.45873
-1.35199
-1.25582
-1.16965
-1.09293
-1.02517
-0.965903
-0.914748
-0.871351
-0.835413
-0.806686
-0.784969
-0.770113
-0.762015
-0.760621
-0.765929
-0.777983
-0.796876
-0.822755
-0.855817
-0.896313
-0.944547
-1.00088
-1.06575
-1.13962
-1.22305
-1.31667
-1.42117
-1.53732
-1.66597
-1.80806
-1.96463
-2.13679
-2.32578
-2.53292
-2.75965
-3.00751
-3.27815
-3.57332
-3.89487
-4.24474
-4.62493
-5.03747
-5.4844
-5.9677
-6.48921
-7.05053
-7.6529
-8.297
-8.98276
-9.70901
-10.4732
-11.271
-12.0956
-12.9375
-13.7835
-14.6167
-15.4155
-16.154
-16.8024
-17.3283
-17.6991
-17.8853
-17.8648
-17.6271
-5.10585
-5.1707
-5.17815
-5.13053
-5.03287
-4.89214
-4.71635
-4.51376
-4.29227
-4.05897
-3.81998
-3.58036
-3.34412
-3.11435
-2.8933
-2.68258
-2.48319
-2.29573
-2.12045
-1.95733
-1.80616
-1.66662
-1.53829
-1.42068
-1.31329
-1.21561
-1.12712
-1.04735
-0.975814
-0.912093
-0.855782
-0.806521
-0.763986
-0.727893
-0.698
-0.674102
-0.656037
-0.643682
-0.636952
-0.635806
-0.640241
-0.650295
-0.666048
-0.68762
-0.715176
-0.748925
-0.789121
-0.836066
-0.890112
-0.951662
-1.02117
-1.09916
-1.18621
-1.28294
-1.39008
-1.50838
-1.63872
-1.782
-1.93924
-2.11153
-2.30003
-2.506
-2.73078
-2.97577
-3.24244
-3.53233
-3.84699
-4.18798
-4.55684
-4.95498
-5.38369
-5.84398
-6.33648
-6.8613
-7.41781
-8.00446
-8.61845
-9.25544
-9.90918
-10.5712
-11.2303
-11.8727
-12.4814
-13.0368
-13.5171
-13.8996
-14.1621
-14.2855
-14.2561
-14.0676
-3.89592
-3.94521
-3.95347
-3.9221
-3.85428
-3.75451
-3.62816
-3.48087
-3.31821
-3.14535
-2.96684
-2.78655
-2.60766
-2.43268
-2.2635
-2.10151
-1.94765
-1.80253
-1.66644
-1.53949
-1.4216
-1.31258
-1.21217
-1.12003
-1.0358
-0.959115
-0.889598
-0.826882
-0.770616
-0.72047
-0.67614
-0.637347
-0.603842
-0.575407
-0.551853
-0.533021
-0.518786
-0.509052
-0.503754
-0.50286
-0.506368
-0.514309
-0.526746
-0.543774
-0.565524
-0.59216
-0.623883
-0.66093
-0.703579
-0.752146
-0.806993
-0.868524
-0.937192
-1.0135
-1.098
-1.19129
-1.29406
-1.40701
-1.53093
-1.66667
-1.81514
-1.9773
-2.15418
-2.34686
-2.55645
-2.78411
-3.03099
-3.29824
-3.58695
-3.89811
-4.23256
-4.59089
-4.97336
-5.37976
-5.80929
-6.26036
-6.73036
-7.21552
-7.7106
-8.20869
-8.70105
-9.17696
-9.62385
-10.0275
-10.3725
-10.6433
-10.8252
-10.9057
-10.8763
-10.7332
-2.74411
-2.77875
-2.78581
-2.76611
-2.72162
-2.65513
-2.57006
-2.47007
-2.35883
-2.23984
-2.11623
-1.99072
-1.86559
-1.74266
-1.62336
-1.50875
-1.39958
-1.29634
-1.19933
-1.10865
-1.02431
-0.946214
-0.874193
-0.80804
-0.747518
-0.692376
-0.642357
-0.597208
-0.556685
-0.520557
-0.488609
-0.460645
-0.436488
-0.415984
-0.398996
-0.385415
-0.375148
-0.368129
-0.364311
-0.363671
-0.366209
-0.371947
-0.38093
-0.393228
-0.408935
-0.42817
-0.451076
-0.477827
-0.50862
-0.543686
-0.583283
-0.627704
-0.677273
-0.732351
-0.793336
-0.860665
-0.934815
-1.0163
-1.10569
-1.20358
-1.31062
-1.42749
-1.55492
-1.69367
-1.84453
-2.00828
-2.18573
-2.37766
-2.58479
-2.80776
-3.04708
-3.30308
-3.5758
-3.86496
-4.1698
-4.48898
-4.82046
-5.16133
-5.50767
-5.85444
-6.19536
-6.52294
-6.82849
-7.10243
-7.3346
-7.5149
-7.634
-7.68416
-7.66011
-7.55965
-1.63144
-1.65201
-1.65666
-1.64586
-1.62064
-1.58255
-1.53348
-1.47549
-1.41067
-1.34103
-1.26841
-1.19441
-1.1204
-1.04748
-0.97654
-0.908234
-0.843043
-0.78129
-0.723171
-0.668781
-0.618137
-0.571196
-0.527872
-0.488051
-0.451599
-0.41837
-0.388216
-0.360988
-0.336543
-0.314743
-0.295462
-0.278582
-0.263998
-0.251618
-0.241361
-0.23316
-0.226961
-0.222723
-0.220419
-0.220034
-0.22157
-0.225039
-0.23047
-0.237903
-0.247396
-0.259021
-0.272864
-0.28903
-0.307639
-0.328829
-0.352756
-0.379597
-0.409547
-0.442824
-0.479668
-0.520341
-0.56513
-0.614346
-0.668325
-0.72743
-0.792047
-0.862586
-0.939478
-1.02317
-1.11414
-1.21284
-1.31974
-1.43529
-1.55991
-1.69395
-1.83769
-1.99127
-2.15467
-2.32767
-2.50973
-2.69998
-2.89712
-3.09932
-3.30419
-3.50864
-3.70894
-3.90063
-4.07867
-4.23751
-4.37139
-4.47462
-4.54204
-4.56941
-4.55388
-4.49429
-1370.18
-1384.72
-1398.47
-1411.44
-1423.64
-1435.08
-1445.77
-1455.74
-1465.01
-1473.61
-1481.58
-1488.95
-1495.75
-1502.02
-1507.79
-1513.1
-1517.97
-1522.43
-1526.53
-1530.27
-1533.69
-1536.8
-1539.64
-1542.22
-1544.56
-1546.67
-1548.58
-1550.29
-1551.82
-1553.18
-1554.38
-1555.42
-1556.33
-1557.09
-1557.72
-1558.23
-1558.61
-1558.87
-1559.01
-1559.04
-1558.95
-1558.74
-1558.41
-1557.96
-1557.38
-1556.67
-1555.83
-1554.85
-1553.71
-1552.42
-1550.96
-1549.33
-1547.5
-1545.47
-1543.21
-1540.72
-1537.98
-1534.95
-1531.63
-1527.98
-1523.98
-1519.6
-1514.81
-1509.57
-1503.83
-1497.57
-1490.74
-1483.27
-1475.13
-1466.25
-1456.58
-1446.04
-1434.56
-1422.08
-1408.5
-1393.75
-1377.73
-1360.36
-1341.55
-1321.18
-1299.18
-1275.45
-1249.9
-1222.45
-1193.01
-1161.54
-1127.99
-1092.31
-1054.5
-1014.57
-81.6221
-54.1299
-40.3984
-32.0553
-26.2625
-21.8674
-18.3237
-15.3388
-12.74
-10.4168
-8.29399
-6.31688
-4.44342
-2.63944
-0.875457
-70.8319
-54.0278
-42.1385
-33.7814
-27.6482
-22.9186
-19.1061
-15.9161
-13.1631
-10.7241
-8.51369
-6.46937
-4.54303
-2.69563
-0.893603
-58.6226
-49.0102
-40.3456
-33.2831
-27.6299
-23.0526
-19.2655
-16.0562
-13.272
-10.8027
-8.56719
-6.5038
-4.56366
-2.70639
-0.896923
-48.8498
-43.0439
-36.9501
-31.3753
-26.5352
-22.3959
-18.847
-15.771
-13.0657
-10.6472
-8.44849
-6.4149
-4.50136
-2.66933
-0.884609
-41.1369
-37.3648
-33.0351
-28.7322
-24.7394
-21.1485
-17.9551
-15.1149
-12.5722
-10.272
-8.16453
-6.20587
-4.35748
-2.58494
-0.85678
-34.8523
-32.243
-29.0929
-25.7787
-22.5412
-19.5033
-16.7097
-14.1612
-11.8361
-9.70398
-7.73163
-5.88649
-4.13769
-2.45615
-0.814341
-29.5523
-27.6614
-25.3144
-22.7482
-20.1431
-17.6133
-15.2192
-12.9837
-10.9069
-8.97601
-7.17142
-5.47073
-3.85058
-2.28762
-0.758763
-24.9492
-23.5357
-21.7545
-19.7562
-17.6693
-15.5875
-13.5697
-11.6473
-9.8318
-8.12162
-6.50722
-4.97435
-3.50626
-2.08495
-0.691845
-20.8524
-19.7772
-18.4114
-16.8524
-15.1903
-13.4974
-11.8247
-10.2039
-8.65118
-7.17136
-5.7614
-4.41313
-3.11512
-1.85405
-0.615499
-17.1305
-16.3091
-15.2613
-14.0513
-12.7419
-11.3869
-10.0277
-8.69228
-7.39755
-6.15113
-4.95383
-3.80157
-2.687
-1.60061
-0.531583
-13.6882
-13.0671
-12.2733
-11.3494
-10.3388
-9.28067
-8.20665
-7.13989
-6.09552
-5.08172
-4.10114
-3.15229
-2.23068
-1.32979
-0.441802
-10.4527
-9.9975
-9.41526
-8.73399
-7.98316
-7.1902
-6.37824
-5.56504
-4.76286
-3.97902
-3.21668
-2.47572
-1.7536
-1.04604
-0.347642
-7.36647
-7.05482
-6.65614
-6.18807
-5.66954
-5.11863
-4.55101
-3.97909
-3.4118
-2.85477
-2.31079
-1.78029
-1.26194
-0.753124
-0.250353
-4.38105
-4.19911
-3.96636
-3.69255
-3.38825
-3.06372
-2.72802
-2.38846
-2.05043
-1.71745
-1.39138
-1.07268
-0.760735
-0.454154
-0.150993
-968.342
-914.969
-858.778
-799.925
-738.596
-674.995
-609.34
-541.858
-472.775
-402.319
-330.713
-258.175
-184.919
-111.154
-37.0851
)
;

boundaryField
{
    hot
    {
        type            calculated;
        value           nonuniform List<scalar> 
120
(
1007.41
0.0330462
0.0550853
0.0771244
0.099134
0.121065
0.142841
0.164362
0.185516
0.206195
0.226311
0.245824
0.264764
0.28324
0.301432
0.318041
0.333218
0.348536
0.363988
0.37948
0.394827
0.409762
0.423969
0.437117
0.448894
0.45904
0.467354
0.4737
0.477997
0.480208
0.480338
0.478429
0.474562
0.468857
0.461468
0.452578
0.442391
0.431125
0.419001
0.406229
0.393003
0.379486
0.365807
0.352058
0.3383
0.324566
0.310866
0.297193
0.283524
0.269825
0.256056
0.242177
0.228153
0.213956
0.199566
0.184962
0.170128
0.155044
0.139693
0.124059
0.108132
0.0919134
0.075412
0.0586507
0.0416655
0.0245066
0.00723824
-0.010063
-0.0273107
-0.0444117
-0.0612694
-0.0777856
-0.0938623
-0.109402
-0.124308
-0.138487
-0.151854
-0.164337
-0.175878
-0.186444
-0.196017
-0.2046
-0.212208
-0.218868
-0.224621
-0.229523
-0.23365
-0.237097
-0.239984
-0.242456
-0.244685
-0.246872
-0.249247
-0.252063
-0.255578
-0.260034
-0.265622
-0.272449
-0.280505
-0.289639
-0.29955
-0.309793
-0.319801
-0.328925
-0.336491
-0.342113
-0.344502
-0.342144
-0.334675
-0.322067
-0.304575
-0.282667
-0.256937
-0.228028
-0.196568
-0.163133
-0.128226
-0.0922717
-0.0556242
-1013.55
)
;
    }
    cold
    {
        type            calculated;
        value           nonuniform List<scalar> 
120
(
39.0064
0.167238
0.277166
0.384617
0.488346
0.586883
0.678503
0.761238
0.832941
0.891401
0.934534
0.960623
0.968579
0.958185
0.930257
0.891404
0.845924
0.793205
0.735328
0.674383
0.612327
0.55088
0.491453
0.435126
0.382655
0.3345
0.290871
0.251783
0.217099
0.186581
0.159926
0.136797
0.116844
0.0997239
0.0851115
0.0727048
0.0622301
0.0534437
0.0461317
0.0401086
0.0352161
0.0313202
0.0283094
0.0260918
0.0245926
0.023751
0.0235176
0.0238506
0.0247125
0.0260653
0.0278659
0.0300598
0.0325756
0.0353182
0.0381624
0.0409485
0.0434795
0.0455227
0.0468163
0.0470818
0.0460433
0.0434504
0.0391031
0.032874
0.0247233
0.0147035
0.0029534
-0.0103183
-0.0248548
-0.040375
-0.0565944
-0.073242
-0.0900711
-0.106865
-0.123438
-0.139642
-0.155361
-0.170521
-0.185085
-0.199062
-0.212497
-0.225472
-0.238099
-0.250521
-0.262913
-0.275481
-0.288466
-0.302149
-0.316843
-0.332898
-0.350694
-0.370629
-0.393114
-0.41854
-0.447246
-0.479467
-0.515274
-0.554509
-0.596725
-0.64115
-0.686668
-0.731844
-0.774985
-0.814244
-0.847753
-0.875457
-0.893603
-0.896923
-0.884609
-0.85678
-0.814341
-0.758763
-0.691845
-0.615499
-0.531583
-0.441802
-0.347642
-0.250353
-0.150993
-37.0851
)
;
    }
    interface_left
    {
        type            calculated;
        value           nonuniform List<scalar> 
90
(
10.5596
4.22804
2.33808
1.87009
2.08374
3.06282
5.78634
13.8127
40.1127
40.2457
14.2553
6.70894
4.93892
6.29515
12.8573
35.6428
35.6705
12.9734
6.65006
6.05272
10.4372
27.5442
27.3658
9.81486
4.6199
3.26065
3.8579
7.47249
20.3015
20.2384
7.26805
3.45496
2.50616
3.08297
6.14631
16.9175
16.8574
5.95111
2.69592
1.77386
1.9414
3.59843
9.65551
9.59555
3.40811
1.58465
1.17103
1.67954
4.16265
4.05195
1.30852
0.382125
-0.0895296
-0.616549
-1.79306
-5.40241
-5.50084
-2.11515
-1.26519
-1.34435
-2.27758
-5.28242
-15.2252
-15.2873
-5.48533
-2.6843
-2.1259
-2.90933
-6.16307
-17.2908
-17.3077
-6.21789
-3.01856
-2.33454
-3.12166
-6.56256
-18.434
-18.3775
-6.3712
-2.71048
-1.46696
-1.00412
-0.841651
-0.835048
-0.957492
-1.25756
-1.91204
-3.46414
-7.69479
-20.9068
)
;
    }
    interface_right
    {
        type            calculated;
        value           nonuniform List<scalar> 
90
(
63.4598
23.1951
10.2455
5.42774
3.31063
2.22151
1.58567
1.17883
0.901241
0.703018
0.556687
0.445927
0.360458
0.2935
0.240411
0.197916
0.163642
0.135837
0.11318
0.094665
0.0795117
0.0671124
0.0569901
0.0487692
0.0421546
0.0369166
0.0328798
0.029916
0.0279392
0.0269043
0.0268082
0.0276941
0.0296614
0.0328818
0.0376263
0.0443108
0.0535719
0.0664011
0.084389
0.110202
0.148579
0.208623
0.309601
0.497313
0.894954
1.87506
4.68035
13.7795
16.402
8.0631
2.83123
1.06112
0.260888
-0.414007
-1.66633
-5.31889
-5.44406
-2.07606
-1.23849
-1.32682
-2.26721
-5.27798
-15.226
-15.293
-5.49579
-2.69974
-2.14673
-2.93616
-6.19675
-17.3325
-17.3588
-6.28019
-3.09439
-2.42676
-3.23394
-6.69959
-18.6018
-18.5841
-6.62722
-3.0305
-1.87148
-1.52312
-1.52099
-1.7495
-2.23964
-3.17012
-5.05144
-9.3986
-21.1493
-57.7601
)
;
    }
    interface_top
    {
        type            calculated;
        value           nonuniform List<scalar> 
90
(
-64.4706
-41.8387
-31.401
-25.4689
-21.5235
-18.6186
-16.3406
-14.4809
-12.9211
-11.5877
-10.4317
-9.41896
-8.52446
-7.72944
-7.01937
-6.38274
-5.81027
-5.29435
-4.82863
-4.40776
-4.02721
-3.68306
-3.37192
-3.09085
-2.83727
-2.60892
-2.4038
-2.22017
-2.05648
-1.91136
-1.78364
-1.67228
-1.57637
-1.49515
-1.42798
-1.37432
-1.33376
-1.30596
-1.2907
-1.28788
-1.29745
-1.31949
-1.35417
-1.40175
-1.46259
-1.53716
-1.62602
-1.72986
-1.84946
-1.98576
-2.13979
-2.31273
-2.50593
-2.72087
-2.95921
-3.22281
-3.51373
-3.83423
-4.18684
-4.57435
-4.99986
-5.46679
-5.97893
-6.54049
-7.15618
-7.83121
-8.57145
-9.38344
-10.2746
-11.2533
-12.3292
-13.5133
-14.8183
-16.2591
-17.8534
-19.6224
-21.5919
-23.7938
-26.2683
-29.0674
-32.2602
-35.9415
-40.2467
-45.3793
-51.6674
-59.6885
-70.5886
-86.9899
-115.873
-178.55
)
;
    }
    interface_bottom
    {
        type            calculated;
        value           nonuniform List<scalar> 
90
(
31.4118
20.4011
15.2518
12.2713
10.2483
8.72678
7.50643
6.48556
5.60589
4.83069
4.13503
3.501
2.91502
2.36632
1.84596
1.34614
0.859741
0.379885
-0.100443
-0.588827
-1.09397
-1.6265
-2.20012
-2.83376
-3.55518
-4.40835
-5.46934
-6.88479
-8.97655
-12.5581
-19.9851
-38.9043
32.3377
13.2837
5.57241
1.5239
-1.2809
-3.77551
-6.52429
-10.2189
-16.3296
-28.9581
-61.3333
62.2631
29.9127
17.3373
11.3167
7.76667
5.25454
3.17367
1.17451
-1.07012
-4.07887
-9.0361
-19.2885
-45.6494
55.5664
29.3101
19.2708
14.644
12.098
10.4742
9.29851
8.32639
7.37758
6.23916
4.52663
1.32041
-6.01248
-26.0097
54.937
35.1979
28.3861
25.9735
25.3424
25.5952
26.3776
27.5164
28.881
30.2759
31.2249
30.2926
22.6705
74.3668
68.955
72.8538
82.362
98.8085
129.267
196.737
)
;
    }
    defaultFaces
    {
        type            empty;
    }
}


// ************************************************************************* //
