/*--------------------------------*- C++ -*----------------------------------*\
| =========                 |                                                 |
| \\      /  F ield         | OpenFOAM: The Open Source CFD Toolbox           |
|  \\    /   O peration     | Version:  5.x                                   |
|   \\  /    A nd           | Web:      www.OpenFOAM.org                      |
|    \\/     M anipulation  |                                                 |
\*---------------------------------------------------------------------------*/
FoamFile
{
    version     2.0;
    format      ascii;
    class       volScalarField;
    location    "6.4";
    object      gradTx;
}
// * * * * * * * * * * * * * * * * * * * * * * * * * * * * * * * * * * * * * //

dimensions      [0 -1 0 1 0 0 0];

internalField   nonuniform List<scalar> 
6300
(
771.894
769.663
765.196
758.482
749.507
738.262
724.739
708.949
690.92
670.715
648.437
624.24
598.338
571.005
542.574
774.087
771.862
767.406
760.705
751.742
740.502
726.972
711.152
693.063
672.755
650.324
625.915
599.739
572.074
543.263
778.467
776.255
771.822
765.152
756.219
744.996
731.459
715.59
697.39
676.887
654.156
629.327
602.601
574.261
544.671
785.02
782.831
778.44
771.824
762.948
751.769
738.243
722.325
703.984
683.215
660.055
634.605
607.048
577.672
546.87
793.724
791.57
787.245
780.718
771.941
760.854
747.382
731.447
712.973
691.901
668.213
641.957
613.285
582.479
549.976
804.544
802.44
798.214
791.824
783.209
772.285
758.948
743.073
724.525
703.17
678.906
651.695
621.624
588.955
554.174
817.428
815.395
811.307
805.116
796.746
786.092
773.014
757.336
738.847
717.315
692.511
664.261
632.53
597.515
559.749
832.304
830.366
826.465
820.548
812.53
802.285
789.643
774.372
756.177
734.696
709.526
680.277
646.687
608.797
567.152
849.078
847.26
843.599
838.042
830.499
820.838
808.862
794.295
776.755
755.731
730.586
700.6
665.112
623.804
577.113
867.629
865.956
862.589
857.48
850.548
841.664
830.633
817.153
800.777
780.849
756.451
726.39
689.324
644.162
590.876
887.81
886.305
883.279
878.699
872.506
864.598
854.811
842.867
828.312
810.398
787.94
759.15
721.598
672.614
610.702
909.455
908.132
905.481
901.49
896.135
889.37
881.102
871.151
859.163
844.451
825.723
800.636
765.269
713.962
641.088
932.379
931.243
928.979
925.601
921.132
915.6
909.033
901.429
892.695
882.481
869.824
852.364
824.844
776.839
692.061
956.394
955.439
953.547
950.759
947.146
942.821
937.955
932.793
927.662
922.912
918.686
914.11
904.861
876.448
789.448
981.319
980.525
978.964
976.696
973.826
970.537
967.126
964.081
962.201
962.776
967.855
980.481
1004
1034.6
1011.98
515.898
491.378
466.872
442.624
418.867
395.813
373.652
352.544
332.618
313.977
296.692
280.811
266.359
253.343
241.754
231.567
222.749
215.257
209.038
204.031
200.167
197.369
195.549
194.612
194.452
194.955
195.999
197.459
199.206
201.115
203.069
204.959
206.694
208.193
209.393
210.239
210.688
210.697
210.227
209.241
207.703
205.584
202.864
199.535
195.604
191.09
186.025
180.446
174.388
167.884
160.954
153.607
145.839
137.635
128.973
119.826
110.167
99.9692
89.2107
77.8698
65.9243
53.3472
40.1041
26.1501
11.4276
-4.1332
-20.6136
-38.1037
-56.699
-76.4969
-97.5923
-120.075
-144.028
-169.523
-196.626
-225.387
-255.848
-288.036
-321.959
-357.603
-394.929
-433.861
-474.287
-516.045
-558.93
-602.684
-647.003
-691.543
-735.93
-779.774
516.209
491.335
466.479
441.897
417.833
394.509
372.118
350.823
330.754
312.008
294.656
278.739
264.279
251.278
239.721
229.585
220.831
213.415
207.283
202.376
198.624
195.951
194.269
193.484
193.489
194.167
195.393
197.037
198.964
201.044
203.151
205.177
207.024
208.616
209.893
210.805
211.313
211.378
210.963
210.028
208.532
206.443
203.734
200.395
196.435
191.878
186.76
181.128
175.026
168.492
161.549
154.208
146.462
138.292
129.669
120.561
110.939
100.775
90.0475
78.7394
66.8328
54.3059
41.1283
27.2574
12.6362
-2.80686
-19.1568
-36.5085
-54.9632
-74.6234
-95.5886
-117.952
-141.798
-167.201
-194.226
-222.928
-253.35
-285.524
-319.464
-355.166
-392.597
-431.693
-472.346
-514.402
-557.655
-601.844
-646.656
-691.734
-736.682
-781.087
516.843
491.242
465.668
440.403
415.715
391.842
368.988
347.321
326.967
308.019
290.538
274.556
260.086
247.119
235.634
225.599
216.975
209.711
203.756
199.048
195.519
193.095
191.691
191.211
191.548
192.581
194.178
196.198
198.495
200.923
203.345
205.641
207.713
209.487
210.909
211.946
212.567
212.744
212.441
211.613
210.21
208.186
205.502
202.145
198.121
193.465
188.231
182.482
176.282
169.682
162.714
155.388
147.692
139.596
131.058
122.035
112.488
102.389
91.719
80.4696
68.6339
56.2015
43.1513
29.4461
15.03
-0.172562
-16.2545
-33.3216
-51.4873
-70.8655
-91.5654
-113.687
-137.317
-162.534
-189.403
-217.981
-248.317
-280.454
-314.418
-350.221
-387.851
-427.262
-468.362
-511.011
-555.006
-600.08
-645.901
-692.08
-738.181
-783.744
517.83
491.088
464.387
438.057
412.402
387.688
364.134
341.91
321.14
301.903
284.246
268.185
253.715
240.813
229.447
219.574
211.147
204.116
198.424
194.012
190.815
188.763
187.774
187.754
188.596
190.174
192.346
194.954
197.829
200.802
203.712
206.421
208.824
210.854
212.474
213.676
214.453
214.794
214.667
214.018
212.777
210.87
208.236
204.846
200.709
195.878
190.435
184.48
178.108
171.395
164.389
157.097
149.495
141.532
133.142
124.259
114.83
104.822
94.2236
83.0425
71.2933
58.9863
46.1174
32.6594
18.5577
3.72995
-11.9307
-28.5495
-46.261
-65.1995
-85.4898
-107.241
-130.546
-155.48
-182.108
-210.49
-240.681
-272.738
-306.708
-342.63
-380.525
-420.377
-462.129
-505.66
-550.78
-597.214
-644.604
-692.51
-740.428
-787.814
519.217
490.851
462.551
434.717
407.713
381.843
357.345
334.39
313.088
293.499
275.643
259.511
245.073
232.286
221.098
211.456
203.302
196.582
191.238
187.216
184.455
182.892
182.452
183.048
184.575
186.904
189.878
193.316
197.015
200.764
204.361
207.634
210.466
212.8
214.636
216.008
216.96
217.51
217.637
217.268
216.295
214.592
212.052
208.615
204.292
199.166
193.372
187.072
180.418
173.528
166.469
159.247
151.813
144.078
135.932
127.268
118.004
108.102
97.5655
86.4322
74.7547
62.5799
49.9321
36.8002
23.132
8.83382
-6.22464
-22.2005
-39.264
-57.5822
-77.3046
-98.5531
-121.421
-145.977
-172.278
-200.382
-230.349
-262.252
-296.171
-332.185
-370.361
-410.739
-453.311
-498
-544.637
-592.947
-642.536
-692.893
-743.408
-793.409
521.078
490.495
460.018
430.161
401.371
374.004
348.317
324.472
302.553
282.584
264.544
248.385
234.043
221.443
210.514
201.183
193.384
187.055
182.143
178.595
176.363
175.394
175.63
176.995
179.393
182.696
186.734
191.294
196.122
200.938
205.466
209.474
212.817
215.456
217.455
218.939
220.037
220.829
221.311
221.381
220.855
219.513
217.151
213.653
209.025
203.407
197.031
190.166
183.061
175.9
168.779
161.696
154.56
147.214
139.466
131.136
122.095
112.293
101.765
90.604
78.931
66.8542
54.4437
41.7136
28.6145
15.0341
0.804792
-14.2825
-30.4565
-47.9384
-66.9165
-87.5276
-109.857
-133.952
-159.845
-187.579
-217.217
-248.852
-282.603
-318.609
-357.009
-397.924
-441.426
-487.511
-536.061
-586.813
-639.334
-693.018
-747.099
-800.701
523.529
489.96
456.57
424.047
392.96
363.728
336.618
311.763
289.195
268.876
250.723
234.632
220.49
208.187
197.619
188.695
181.338
175.481
171.073
168.072
166.443
166.155
167.172
169.446
172.902
177.422
182.83
188.878
195.237
201.518
207.311
212.266
216.172
219.024
221.008
222.417
223.545
224.587
225.57
226.342
226.585
225.893
223.88
220.308
215.178
208.734
201.389
193.601
185.779
178.209
171.029
164.216
157.605
150.922
143.834
136.025
127.277
117.528
106.872
95.512
83.6873
71.6082
59.4153
47.1585
34.7906
22.1704
9.07169
-4.79723
-19.7619
-36.1363
-54.1719
-74.0225
-95.7439
-119.329
-144.754
-172.026
-201.199
-232.391
-265.776
-301.571
-340.02
-381.364
-425.802
-473.452
-524.291
-578.104
-634.431
-692.543
-751.445
-809.948
526.747
489.143
451.853
415.842
381.857
350.38
321.656
295.746
272.585
252.035
233.92
218.06
204.28
192.421
182.347
173.944
167.123
161.814
157.971
155.565
154.585
155.028
156.898
160.189
164.87
170.861
177.999
186.005
194.457
202.791
210.357
216.557
221.036
223.835
225.378
226.291
227.171
228.419
230.127
232.055
233.652
234.167
232.846
229.2
223.213
215.353
206.376
197.079
188.126
179.953
172.744
166.439
160.751
155.21
149.236
142.262
133.899
124.065
112.99
101.088
88.8086
76.5252
64.4786
52.7633
41.3308
29.9966
18.4493
6.26825
-7.03465
-21.9384
-38.8093
-57.8183
-78.9418
-102.048
-126.998
-153.724
-182.263
-212.761
-245.464
-280.697
-318.848
-360.329
-405.534
-454.779
-508.217
-565.748
-626.932
-690.9
-756.333
-821.539
531.013
487.849
445.27
404.702
367.124
333.05
302.628
275.758
252.205
231.673
213.86
198.483
185.292
174.075
164.659
156.908
150.721
146.028
142.791
140.999
140.67
141.841
144.572
148.924
154.946
162.641
171.909
182.482
193.841
205.162
215.362
223.319
228.312
230.446
230.649
230.201
230.261
231.578
234.361
238.237
242.27
245.075
245.153
241.455
233.938
223.574
211.815
200.057
189.345
180.303
173.154
167.768
163.679
160.118
156.073
150.495
142.635
132.388
120.295
107.204
93.9345
81.1003
69.0641
57.9608
47.7297
38.1306
28.7407
18.951
8.00023
-4.90461
-20.3642
-38.5645
-59.2802
-82.104
-106.676
-132.804
-160.498
-189.947
-221.494
-255.61
-292.866
-333.914
-379.432
-430.049
-486.223
-548.11
-615.396
-687.117
-761.514
-836.07
536.786
485.688
435.774
389.238
347.324
310.445
278.47
250.982
227.461
207.385
190.282
175.749
163.453
153.127
144.566
137.614
132.161
128.14
125.523
124.322
124.586
126.403
129.903
135.245
142.608
152.148
163.934
177.821
193.269
209.139
223.586
234.343
239.693
239.83
236.848
233.371
231.533
232.617
237.01
244.187
252.647
259.901
262.889
259.202
248.756
233.796
217.248
201.519
188.153
177.92
171.022
167.221
165.845
165.716
165.115
162.01
154.804
143.367
129.036
113.574
98.4318
84.5246
72.3054
61.9022
53.2188
45.9637
39.6086
33.3073
25.8508
15.8105
2.03062
-15.6847
-36.578
-59.6383
-84.1055
-109.623
-136.195
-164.1
-193.816
-225.987
-261.411
-301.045
-345.97
-397.295
-455.984
-522.671
-597.445
-679.453
-766.431
-854.493
544.859
481.8
421.391
367.098
320.255
280.761
247.833
220.479
197.743
178.805
162.994
149.784
138.767
129.632
122.15
116.153
111.532
108.223
106.212
105.53
106.258
108.538
112.576
118.653
127.127
138.415
152.927
170.903
192.083
215.158
237.116
253.141
258.573
253.695
243.752
234.171
228.589
228.884
235.638
248.281
264.752
280.862
290.228
286.674
270.063
246.299
221.491
199.575
182.442
170.727
164.426
163.178
166.21
171.991
177.758
179.426
173.06
158.511
139.401
119.483
101.148
85.5164
72.9303
63.3662
56.6509
52.5007
50.3995
49.328
47.4233
41.9123
30.0948
11.7744
-10.7515
-35.1421
-60.0178
-84.9151
-109.966
-135.638
-162.595
-191.666
-223.881
-260.543
-303.275
-353.921
-414.204
-485.565
-569.051
-664.603
-769.76
-878.393
556.707
474.07
398.176
334.215
282.587
241.614
209.163
183.317
162.55
145.712
131.954
120.655
111.363
103.752
97.5878
92.7073
89.0069
86.4335
84.9825
84.7004
85.6925
88.1371
92.3074
98.6028
107.588
120.034
136.926
159.364
188.161
222.776
259.179
287.186
292.287
274.841
250.126
229.205
217.172
215.844
225.779
246.854
277.367
311.523
336.164
332.938
301.66
260.297
221.564
190.736
168.925
155.733
150.548
152.969
162.61
178.28
196.298
208.404
203.097
180.217
150.928
123.107
99.9701
82.1211
69.2025
60.7272
56.389
56.0868
59.7077
66.5489
74.1895
77.0963
67.5245
45.2911
17.763
-9.94372
-35.8946
-59.9808
-82.8369
-105.316
-128.32
-152.808
-179.937
-211.287
-249.171
-296.652
-356.452
-430.978
-523.258
-635.893
-768.053
-910.616
575.333
456.606
357.758
283.558
229.562
190.179
160.968
138.83
121.692
108.178
97.3653
88.6279
81.5342
75.7847
71.1723
67.5579
64.8552
63.0235
62.0659
62.0326
63.0313
65.247
68.9748
74.6749
83.062
95.2454
112.932
138.663
175.853
227.809
293.32
354.206
358.454
306.446
251.028
211.43
190.331
186.575
199.869
231.828
284.725
355.874
422.218
419.584
347.769
270.497
210.249
168.904
142.993
129.201
125.716
132.357
150.323
181.183
223.347
262.452
258.435
211.147
160.337
119.984
91.1752
71.6238
59.0752
52.1298
50.3148
54.0233
64.3782
82.6182
107.772
130.249
123.187
86.4334
46.5364
12.7288
-14.4533
-36.8135
-56.2452
-74.235
-91.8983
-110.142
-129.902
-152.613
-181.231
-221.631
-277.478
-350.805
-448.133
-579.038
-751.33
-956.713
607.426
410.499
281.829
203.789
155.483
124.089
102.581
87.1354
75.6091
66.7477
59.784
54.2301
49.7656
46.1759
43.3165
41.0923
39.4461
38.3522
37.8157
37.8758
38.615
40.1768
42.7991
46.8747
53.0659
62.5274
77.351
101.455
142.276
213.315
334.108
502.771
505.617
342.949
229.138
167.008
138.512
132.747
147.076
186.643
265.792
407.132
607.584
605.838
401.726
256.172
171.71
124.839
99.606
87.8237
86.2959
95.4353
119.463
167.806
254.792
378.589
376.075
247.143
154.683
100.233
69.0479
51.0412
40.8779
36.1438
36.286
42.3884
57.6934
88.7307
145.207
225.938
221.603
132.102
66.5414
25.8623
0.0467259
-17.8601
-31.726
-43.6192
-54.6362
-65.2851
-75.6113
-85.422
-96.3126
-124.355
-173.319
-236.056
-324.637
-462.563
-686.93
-1028.64
668.443
266.081
132.979
81.1949
57.0439
43.7576
35.4585
29.7932
25.6854
22.5817
20.1698
18.2608
16.7349
15.5133
14.5439
13.7928
13.2398
12.8763
12.7046
12.7396
13.0123
13.5776
14.5287
16.026
18.3584
22.0856
28.4019
40.1722
65.1781
127.167
305.948
890.093
891.099
309.083
132.821
74.144
53.9539
49.9776
57.9347
84.4519
157.295
373.256
1084.09
1083.48
371.346
153.864
79.0333
49.6102
36.8472
31.6774
31.5127
37.0712
53.5863
98.7777
233.222
676.603
675.747
230.612
94.2889
46.9807
27.9414
19.163
14.8619
13.1353
13.674
17.5013
28.3532
58.209
147.714
444.118
442.656
143.293
50.7172
17.5926
3.15941
-4.7239
-10.0454
-14.2623
-17.9005
-20.8888
-22.0574
-16.6697
13.3131
3.05947
-49.3181
-84.0775
-130.068
-221.589
-453.526
-1153.26
-826.851
-876.408
-923.445
-967.473
-1008.11
-1045.1
-1078.27
-1107.54
-1132.93
-1154.46
-1172.22
-1186.29
-1196.76
-1203.7
-1207.15
-828.754
-878.891
-926.416
-970.822
-1011.73
-1048.87
-1082.11
-1111.39
-1136.73
-1158.19
-1175.86
-1189.85
-1200.24
-1207.13
-1210.55
-832.622
-883.951
-932.466
-977.631
-1019.06
-1056.51
-1089.87
-1119.14
-1144.36
-1165.66
-1183.14
-1196.95
-1207.19
-1213.96
-1217.33
-838.599
-891.787
-941.829
-988.137
-1030.33
-1068.19
-1101.69
-1130.87
-1155.88
-1176.88
-1194.05
-1207.56
-1217.56
-1224.15
-1227.43
-846.918
-902.733
-954.885
-1002.72
-1045.87
-1084.2
-1117.77
-1146.74
-1171.37
-1191.89
-1208.58
-1221.64
-1231.27
-1237.61
-1240.76
-857.943
-917.304
-972.217
-1021.95
-1066.19
-1104.93
-1138.39
-1166.92
-1190.89
-1210.7
-1226.67
-1239.1
-1248.23
-1254.22
-1257.18
-872.235
-936.282
-994.685
-1046.64
-1091.96
-1130.89
-1163.9
-1191.59
-1214.54
-1233.28
-1248.25
-1259.82
-1268.27
-1273.79
-1276.52
-890.664
-960.866
-1023.56
-1077.93
-1124.09
-1162.71
-1194.69
-1220.95
-1242.35
-1259.58
-1273.19
-1283.62
-1291.18
-1296.11
-1298.54
-914.623
-992.922
-1060.71
-1117.38
-1163.71
-1201.12
-1231.13
-1255.14
-1274.28
-1289.43
-1301.25
-1310.22
-1316.68
-1320.87
-1322.93
-946.445
-1035.45
-1108.93
-1167.12
-1212.2
-1246.87
-1273.54
-1294.15
-1310.15
-1322.56
-1332.1
-1339.27
-1344.4
-1347.72
-1349.34
-990.297
-1093.46
-1172.39
-1229.92
-1271.07
-1300.56
-1321.95
-1337.73
-1349.55
-1358.51
-1365.28
-1370.31
-1373.89
-1376.19
-1377.32
-1054.34
-1175.67
-1257.2
-1309.03
-1341.57
-1362.3
-1375.91
-1385.2
-1391.78
-1396.58
-1400.13
-1402.74
-1404.6
-1405.78
-1406.37
-1156.48
-1297.64
-1371.66
-1407.38
-1423.82
-1431.09
-1434.15
-1435.33
-1435.72
-1435.83
-1435.86
-1435.88
-1435.9
-1435.93
-1435.94
-1342.31
-1486.7
-1524.36
-1524.94
-1515.18
-1504.05
-1494.2
-1486.18
-1479.9
-1475.12
-1471.55
-1468.95
-1467.16
-1466.02
-1465.48
-1749.81
-1782.44
-1714.09
-1652.77
-1607.86
-1575.66
-1552.34
-1535.22
-1522.54
-1513.13
-1506.19
-1501.17
-1497.68
-1495.48
-1494.41
1004.85
1004.18
1002.87
1000.98
998.624
996.01
993.485
991.652
991.57
995.147
1005.96
1031.29
1088.33
1228.31
1650.19
1026.68
1026.1
1024.97
1023.34
1021.31
1019.07
1016.93
1015.47
1015.7
1019.52
1030.49
1055.43
1107.36
1208.61
1372.48
1048.88
1048.37
1047.38
1045.94
1044.12
1042.03
1039.88
1038.07
1037.3
1038.88
1045.27
1060.79
1092.11
1145.37
1209.07
1071.39
1070.95
1070.08
1068.78
1067.07
1064.98
1062.56
1059.91
1057.22
1054.88
1053.68
1055.14
1061.59
1074.83
1090.4
1094.17
1093.79
1093.03
1091.86
1090.25
1088.13
1085.37
1081.75
1076.87
1070.04
1060.21
1045.98
1026.3
1002.65
983.049
1117.18
1116.87
1116.23
1115.22
1113.75
1111.68
1108.74
1104.43
1097.83
1087.26
1069.76
1040.57
993.746
927.61
862.592
1140.37
1140.14
1139.65
1138.85
1137.63
1135.8
1133.03
1128.66
1121.51
1109.25
1087.38
1047.39
974.561
851.761
697.494
1163.68
1163.55
1163.25
1162.73
1161.89
1160.54
1158.37
1154.8
1148.7
1137.87
1117.56
1076.96
990.05
797.731
425.782
1187.06
1187.03
1186.96
1186.8
1186.46
1185.82
1184.66
1182.64
1179.15
1173.02
1161.8
1138.64
1078.71
868.413
-103.704
1210.42
1210.52
1210.7
1210.94
1211.2
1211.41
1211.52
1211.48
1211.37
1211.68
1214.3
1225.81
1271.75
1468.1
2430.42
1233.67
1233.9
1234.36
1235.04
1235.93
1237.04
1238.44
1240.32
1243.25
1248.7
1260.57
1289.04
1360.31
1535.83
1895.23
1256.72
1257.09
1257.83
1258.94
1260.46
1262.43
1264.98
1268.41
1273.34
1281.22
1295.28
1322.49
1376.43
1475.8
1610.21
1279.48
1279.98
1280.99
1282.53
1284.63
1287.37
1290.88
1295.4
1301.34
1309.41
1320.81
1337.33
1360.95
1391.39
1419.12
1301.86
1302.48
1303.75
1305.67
1308.31
1311.73
1316.04
1321.37
1327.82
1335.23
1342.73
1347.21
1340.7
1308.81
1247.89
1323.76
1324.5
1326
1328.28
1331.41
1335.44
1340.46
1346.53
1353.57
1360.97
1366.71
1364.67
1338.04
1246.34
1034.94
1345.11
1345.95
1347.66
1350.27
1353.83
1358.41
1364.11
1370.99
1379.01
1387.81
1396.04
1399.17
1380.53
1266.95
675.793
1365.83
1366.76
1368.66
1371.55
1375.49
1380.56
1386.89
1394.6
1403.87
1415
1428.86
1448.73
1488.91
1619.17
2218.62
1385.86
1386.87
1388.92
1392.05
1396.31
1401.81
1408.67
1417.09
1427.39
1440.25
1457.47
1484.15
1534.7
1645.5
1866.48
1405.14
1406.22
1408.4
1411.71
1416.23
1422.06
1429.33
1438.24
1449.09
1462.43
1479.47
1502.94
1538.59
1595.26
1668.42
1423.64
1424.76
1427.03
1430.49
1435.2
1441.26
1448.8
1457.99
1469
1481.99
1496.97
1513.21
1527.84
1533.54
1521.8
1441.31
1442.47
1444.8
1448.35
1453.18
1459.39
1467.09
1476.43
1487.48
1500.14
1513.54
1524.54
1523.25
1483.86
1367.68
1458.14
1459.32
1461.68
1465.27
1470.16
1476.43
1484.21
1493.63
1504.81
1517.7
1531.75
1544.36
1545.06
1487.48
1133.51
1474.12
1475.29
1477.66
1481.25
1486.13
1492.38
1500.14
1509.57
1520.89
1534.43
1550.91
1572.4
1607.28
1696.89
2070.55
1489.24
1490.4
1492.73
1496.28
1501.09
1507.25
1514.87
1524.15
1535.37
1549.07
1566.55
1591.09
1631.46
1708.99
1851.36
1503.51
1504.65
1506.93
1510.38
1515.07
1521.04
1528.41
1537.34
1548.07
1561.04
1577.23
1598.74
1629.78
1676.01
1731.69
1516.96
1518.05
1520.26
1523.59
1528.09
1533.81
1540.83
1549.24
1559.16
1570.72
1584.16
1599.73
1617.51
1636.42
1651.34
1529.6
1530.65
1532.75
1535.94
1540.22
1545.64
1552.24
1560.05
1569.05
1579.07
1589.57
1599.13
1604.41
1599.56
1582.01
1541.46
1542.46
1544.46
1547.47
1551.51
1556.6
1562.77
1569.99
1578.19
1587.02
1595.58
1601.45
1598.3
1571.46
1501.16
1552.6
1553.53
1555.41
1558.24
1562.02
1566.77
1572.51
1579.22
1586.83
1595.1
1603.43
1609.98
1608.6
1573.49
1372.16
1563.04
1563.91
1565.66
1568.29
1571.8
1576.21
1581.53
1587.78
1594.96
1603.11
1612.45
1623.96
1642.29
1690.89
1899.18
1572.83
1573.64
1575.25
1577.68
1580.91
1584.97
1589.86
1595.64
1602.37
1610.25
1619.92
1633.16
1654.91
1697.35
1776.34
1582.02
1582.76
1584.23
1586.45
1589.4
1593.09
1597.54
1602.79
1608.91
1616.1
1624.86
1636.39
1653.12
1678.37
1709.04
1590.65
1591.32
1592.66
1594.66
1597.32
1600.64
1604.63
1609.29
1614.67
1620.8
1627.83
1635.96
1645.36
1655.57
1663.69
1598.77
1599.37
1600.57
1602.36
1604.73
1607.68
1611.19
1615.26
1619.85
1624.84
1629.99
1634.61
1637.01
1634.17
1624.66
1606.43
1606.96
1608.02
1609.61
1611.7
1614.28
1617.33
1620.82
1624.68
1628.72
1632.48
1634.73
1632.24
1617.35
1579.7
1613.67
1614.14
1615.07
1616.45
1618.27
1620.5
1623.12
1626.09
1629.35
1632.74
1635.96
1638.11
1636.03
1616.3
1509.26
1620.54
1620.95
1621.76
1622.95
1624.5
1626.4
1628.61
1631.11
1633.86
1636.84
1640.15
1644.37
1652.05
1675.82
1784.27
1627.09
1627.44
1628.12
1629.14
1630.45
1632.03
1633.86
1635.91
1638.16
1640.65
1643.67
1648.17
1656.85
1676.49
1716.15
1633.35
1633.64
1634.22
1635.07
1636.15
1637.45
1638.92
1640.53
1642.24
1644.05
1646.13
1649
1653.98
1663.22
1676.23
1639.36
1639.6
1640.08
1640.78
1641.66
1642.69
1643.83
1645.03
1646.19
1647.22
1647.98
1648.33
1648.12
1647.28
1646.01
1645.15
1645.36
1645.75
1646.31
1647.01
1647.81
1648.67
1649.5
1650.2
1650.52
1650.07
1648
1642.65
1631.6
1615.58
1650.77
1650.93
1651.24
1651.69
1652.24
1652.85
1653.47
1654.03
1654.4
1654.3
1653.23
1649.9
1641.1
1619.31
1574.7
1656.22
1656.35
1656.6
1656.95
1657.37
1657.83
1658.28
1658.66
1658.87
1658.73
1657.91
1655.55
1648.53
1622.83
1503.52
1661.54
1661.64
1661.83
1662.1
1662.42
1662.76
1663.08
1663.35
1663.52
1663.57
1663.63
1664.39
1668.87
1691.32
1807.46
1666.74
1666.82
1666.97
1667.17
1667.41
1667.66
1667.88
1668.06
1668.2
1668.35
1668.81
1670.6
1676.69
1694.7
1735.42
1671.84
1671.9
1672.02
1672.17
1672.34
1672.51
1672.66
1672.77
1672.83
1672.86
1673.03
1673.77
1676.19
1682.27
1692.34
1676.85
1676.9
1676.98
1677.1
1677.22
1677.33
1677.42
1677.46
1677.42
1677.24
1676.79
1675.73
1673.09
1667.03
1656.93
1681.78
1681.82
1681.89
1681.97
1682.06
1682.12
1682.16
1682.15
1682.05
1681.75
1680.95
1678.73
1672.31
1654.56
1615.2
1686.64
1686.67
1686.72
1686.79
1686.85
1686.89
1686.89
1686.86
1686.77
1686.55
1686.04
1684.59
1679.36
1657.03
1546.83
1691.43
1691.46
1691.5
1691.55
1691.59
1691.62
1691.61
1691.57
1691.52
1691.5
1691.75
1693.03
1698.23
1720.49
1830.01
1696.16
1696.18
1696.22
1696.27
1696.3
1696.31
1696.29
1696.24
1696.18
1696.2
1696.69
1698.71
1705.19
1723.3
1762.59
1700.83
1700.85
1700.89
1700.94
1700.97
1700.98
1700.95
1700.87
1700.73
1700.54
1700.52
1701.22
1704.04
1711.36
1723.16
1705.43
1705.45
1705.5
1705.56
1705.61
1705.63
1705.6
1705.5
1705.24
1704.73
1703.79
1702.21
1699.71
1696.24
1692.66
1709.96
1709.99
1710.05
1710.13
1710.2
1710.25
1710.26
1710.17
1709.88
1709.14
1707.47
1703.79
1696
1681.14
1660.41
1714.43
1714.47
1714.54
1714.64
1714.75
1714.85
1714.93
1714.95
1714.78
1714.16
1712.48
1708.17
1697.17
1670.05
1614.5
1718.81
1718.86
1718.96
1719.09
1719.24
1719.42
1719.61
1719.79
1719.92
1719.86
1719.28
1717.13
1709.48
1678.65
1530.75
1723.12
1723.18
1723.29
1723.46
1723.67
1723.93
1724.24
1724.63
1725.14
1725.86
1727.11
1729.86
1737.85
1768.5
1915.31
1727.33
1727.4
1727.54
1727.74
1728.01
1728.34
1728.76
1729.33
1730.15
1731.45
1733.86
1738.88
1750.42
1777.62
1832.3
1731.45
1731.53
1731.69
1731.93
1732.24
1732.63
1733.13
1733.8
1734.76
1736.22
1738.73
1743.33
1752.06
1767.61
1788.03
1735.46
1735.55
1735.73
1736
1736.35
1736.79
1737.33
1738.03
1738.95
1740.22
1742.08
1744.87
1748.92
1754.16
1758.7
1739.35
1739.45
1739.66
1739.96
1740.35
1740.81
1741.37
1742.04
1742.84
1743.76
1744.75
1745.46
1744.9
1741.13
1733.3
1743.11
1743.23
1743.47
1743.8
1744.23
1744.72
1745.29
1745.92
1746.58
1747.2
1747.55
1746.87
1743.05
1730.88
1703.23
1746.74
1746.88
1747.15
1747.52
1747.99
1748.53
1749.11
1749.71
1750.3
1750.78
1751
1750.41
1746.94
1731.33
1654.73
1750.23
1750.39
1750.69
1751.12
1751.65
1752.24
1752.86
1753.46
1754.02
1754.48
1754.96
1755.9
1759.22
1774.08
1849.13
1753.55
1753.73
1754.09
1754.6
1755.21
1755.88
1756.56
1757.2
1757.73
1758.13
1758.55
1759.66
1763.44
1774.96
1801.15
1756.69
1756.91
1757.33
1757.93
1758.66
1759.45
1760.24
1760.95
1761.47
1761.69
1761.62
1761.5
1762.22
1765.59
1772.18
1759.62
1759.89
1760.4
1761.12
1762
1762.96
1763.93
1764.78
1765.35
1765.41
1764.65
1762.7
1759.12
1753.92
1748.6
1762.32
1762.64
1763.25
1764.13
1765.21
1766.42
1767.64
1768.75
1769.53
1769.63
1768.47
1764.95
1757.09
1742.28
1722.14
1764.74
1765.12
1765.87
1766.95
1768.28
1769.79
1771.38
1772.89
1774.11
1774.66
1773.86
1770.16
1759.83
1734.29
1682.51
1766.83
1767.3
1768.21
1769.52
1771.16
1773.06
1775.11
1777.18
1779.09
1780.58
1781.2
1779.91
1773.07
1744.47
1607.76
1768.55
1769.11
1770.2
1771.79
1773.8
1776.16
1778.76
1781.52
1784.3
1787.02
1789.82
1793.46
1801.35
1829.65
1964.8
1769.83
1770.49
1771.8
1773.7
1776.14
1779.02
1782.27
1785.78
1789.48
1793.36
1797.8
1803.99
1815.41
1840.57
1890.69
1770.59
1771.37
1772.92
1775.18
1778.09
1781.57
1785.53
1789.85
1794.45
1799.26
1804.49
1810.82
1819.85
1834.09
1852.25
1770.75
1771.66
1773.47
1776.14
1779.59
1783.73
1788.47
1793.68
1799.19
1804.81
1810.37
1815.7
1820.62
1824.82
1827.3
1770.21
1771.28
1773.38
1776.49
1780.53
1785.42
1791.04
1797.24
1803.79
1810.34
1816.34
1820.79
1821.84
1816.67
1804.95
1768.89
1770.11
1772.53
1776.12
1780.81
1786.53
1793.15
1800.5
1808.33
1816.18
1823.31
1828.18
1827.29
1813.01
1775.36
1766.66
1768.05
1770.81
1774.92
1780.32
1786.95
1794.68
1803.38
1812.77
1822.45
1831.8
1839.5
1841.99
1825.51
1720.51
1763.4
1764.97
1768.09
1772.76
1778.92
1786.53
1795.5
1805.71
1816.93
1828.9
1841.36
1854.37
1869.81
1899.4
2010.39
1759.01
1760.76
1764.25
1769.48
1776.44
1785.1
1795.4
1807.26
1820.51
1834.95
1850.48
1867.47
1887.74
1916.7
1961.52
1753.34
1755.27
1759.13
1764.94
1772.72
1782.46
1794.17
1807.79
1823.19
1840.16
1858.52
1878.22
1899.56
1922.9
1944.68
1746.28
1748.38
1752.59
1758.97
1767.55
1778.4
1791.55
1807.02
1824.7
1844.34
1865.57
1887.76
1909.92
1930.13
1943.87
1737.71
1739.96
1744.5
1751.4
1760.75
1772.67
1787.28
1804.65
1824.77
1847.36
1871.89
1897.26
1921.56
1941.78
1953.52
1727.51
1729.89
1734.71
1742.05
1752.09
1765
1781.01
1800.33
1823.04
1848.98
1877.56
1907.41
1935.97
1959.25
1972.24
1715.61
1718.08
1723.09
1730.78
1741.36
1755.12
1772.4
1793.59
1818.99
1848.68
1882.28
1918.4
1953.97
1983.79
2000.89
1701.94
1704.45
1709.55
1717.43
1728.36
1742.72
1761.02
1783.86
1811.89
1845.61
1885.19
1929.68
1975.91
2017.09
2042.34
1686.47
1688.95
1694.03
1701.9
1712.91
1727.53
1746.43
1770.48
1800.74
1838.42
1884.63
1939.68
2001.29
2061.36
2102.24
1669.21
1671.6
1676.5
1684.13
1694.88
1709.3
1728.21
1752.72
1784.38
1825.22
1877.87
1945.04
2027.65
2118.9
2191.44
1650.24
1652.46
1657.01
1664.13
1674.23
1687.89
1706.03
1729.95
1761.57
1803.76
1860.95
1939.62
2047.95
2189.36
2331.92
1629.68
1631.64
1635.67
1642.01
1651.03
1663.32
1679.79
1701.77
1731.33
1771.83
1829.05
1913.51
2045.2
2258.93
2572.3
1607.7
1609.33
1612.68
1617.95
1625.49
1635.8
1649.66
1668.26
1693.44
1728.23
1778.16
1854.55
1985.42
2259.21
3031.2
-2889.61
-2146.04
-1881.48
-1754.86
-1681.1
-1633.12
-1599.9
-1576.04
-1558.57
-1545.66
-1536.13
-1529.23
-1524.42
-1521.38
-1519.91
-2445.84
-2143.89
-1937.8
-1810.91
-1729.75
-1675.04
-1636.57
-1608.69
-1588.12
-1572.83
-1561.49
-1553.23
-1547.46
-1543.8
-1542.02
-2212.42
-2075.1
-1939.08
-1835.14
-1759.98
-1705.65
-1665.83
-1636.21
-1613.97
-1597.21
-1584.67
-1575.46
-1568.99
-1564.87
-1562.87
-2075.03
-2005.34
-1918.03
-1839.34
-1775.7
-1726.14
-1687.96
-1658.57
-1635.96
-1618.63
-1605.48
-1595.73
-1588.84
-1584.43
-1582.28
-1986.7
-1947.77
-1890.95
-1833.02
-1781.59
-1738.68
-1703.93
-1676.18
-1654.24
-1637.09
-1623.88
-1613.98
-1606.92
-1602.38
-1600.15
-1926.07
-1902.57
-1864.57
-1822.14
-1781.51
-1745.52
-1714.97
-1689.7
-1669.17
-1652.77
-1639.94
-1630.2
-1623.2
-1618.67
-1616.44
-1882.44
-1867.39
-1841.22
-1809.96
-1778.16
-1748.52
-1722.31
-1699.88
-1681.18
-1665.93
-1653.8
-1644.48
-1637.72
-1633.32
-1631.15
-1849.93
-1839.87
-1821.37
-1798.09
-1773.25
-1749.11
-1726.96
-1707.43
-1690.74
-1676.86
-1665.66
-1656.94
-1650.56
-1646.38
-1644.31
-1825.08
-1818.15
-1804.78
-1787.26
-1767.82
-1748.25
-1729.74
-1712.97
-1698.31
-1685.9
-1675.73
-1667.73
-1661.82
-1657.92
-1655.98
-1805.73
-1800.87
-1791.03
-1777.7
-1762.44
-1746.62
-1731.24
-1716.99
-1704.28
-1693.34
-1684.25
-1677.02
-1671.63
-1668.06
-1666.28
-1790.42
-1786.98
-1779.66
-1769.43
-1757.4
-1744.62
-1731.91
-1719.89
-1708.98
-1699.44
-1691.42
-1684.97
-1680.13
-1676.9
-1675.29
-1778.17
-1775.75
-1770.25
-1762.35
-1752.84
-1742.52
-1732.06
-1721.98
-1712.68
-1704.45
-1697.44
-1691.76
-1687.46
-1684.59
-1683.14
-1768.28
-1766.6
-1762.46
-1756.34
-1748.8
-1740.47
-1731.88
-1723.47
-1715.61
-1708.56
-1702.5
-1697.54
-1693.77
-1691.23
-1689.95
-1760.24
-1759.11
-1756
-1751.25
-1745.28
-1738.56
-1731.52
-1724.53
-1717.92
-1711.93
-1706.73
-1702.45
-1699.16
-1696.94
-1695.83
-1753.66
-1752.95
-1750.63
-1746.95
-1742.22
-1736.82
-1731.07
-1725.29
-1719.76
-1714.7
-1710.28
-1706.6
-1703.77
-1701.85
-1700.88
-1748.24
-1747.86
-1746.16
-1743.33
-1739.6
-1735.26
-1730.59
-1725.83
-1721.23
-1716.99
-1713.25
-1710.12
-1707.7
-1706.06
-1705.22
-1743.76
-1743.64
-1742.43
-1740.27
-1737.35
-1733.89
-1730.11
-1726.22
-1722.42
-1718.88
-1715.74
-1713.1
-1711.05
-1709.65
-1708.94
-1740.05
-1740.13
-1739.31
-1737.69
-1735.43
-1732.69
-1729.65
-1726.49
-1723.37
-1720.45
-1717.83
-1715.63
-1713.9
-1712.72
-1712.11
-1736.95
-1737.2
-1736.69
-1735.52
-1733.79
-1731.65
-1729.23
-1726.68
-1724.15
-1721.75
-1719.59
-1717.76
-1716.32
-1715.33
-1714.83
-1734.36
-1734.74
-1734.49
-1733.68
-1732.39
-1730.74
-1728.85
-1726.82
-1724.78
-1722.84
-1721.08
-1719.57
-1718.39
-1717.57
-1717.15
-1732.18
-1732.67
-1732.64
-1732.12
-1731.2
-1729.96
-1728.51
-1726.92
-1725.3
-1723.75
-1722.33
-1721.11
-1720.15
-1719.48
-1719.13
-1730.34
-1730.92
-1731.06
-1730.79
-1730.18
-1729.29
-1728.2
-1726.99
-1725.73
-1724.52
-1723.4
-1722.43
-1721.65
-1721.11
-1720.84
-1728.78
-1729.43
-1729.72
-1729.66
-1729.3
-1728.71
-1727.93
-1727.04
-1726.09
-1725.17
-1724.31
-1723.55
-1722.95
-1722.52
-1722.3
-1727.44
-1728.15
-1728.56
-1728.68
-1728.54
-1728.2
-1727.69
-1727.07
-1726.4
-1725.72
-1725.09
-1724.52
-1724.06
-1723.74
-1723.57
-1726.27
-1727.05
-1727.56
-1727.83
-1727.88
-1727.75
-1727.48
-1727.1
-1726.66
-1726.21
-1725.77
-1725.37
-1725.04
-1724.81
-1724.68
-1725.25
-1726.07
-1726.67
-1727.08
-1727.29
-1727.36
-1727.29
-1727.12
-1726.89
-1726.63
-1726.37
-1726.12
-1725.9
-1725.75
-1725.66
-1724.33
-1725.19
-1725.88
-1726.4
-1726.77
-1727
-1727.12
-1727.14
-1727.1
-1727.01
-1726.9
-1726.78
-1726.67
-1726.59
-1726.54
-1723.49
-1724.4
-1725.16
-1725.79
-1726.29
-1726.68
-1726.97
-1727.16
-1727.28
-1727.36
-1727.39
-1727.4
-1727.38
-1727.36
-1727.35
-1722.7
-1723.64
-1724.48
-1725.21
-1725.84
-1726.38
-1726.82
-1727.18
-1727.46
-1727.68
-1727.85
-1727.97
-1728.04
-1728.08
-1728.1
-1721.94
-1722.92
-1723.82
-1724.66
-1725.41
-1726.09
-1726.69
-1727.2
-1727.64
-1728
-1728.3
-1728.52
-1728.67
-1728.77
-1728.82
-1721.18
-1722.19
-1723.17
-1724.11
-1724.99
-1725.81
-1726.56
-1727.23
-1727.81
-1728.32
-1728.74
-1729.06
-1729.3
-1729.45
-1729.53
-1720.39
-1721.44
-1722.5
-1723.55
-1724.56
-1725.53
-1726.44
-1727.27
-1728
-1728.65
-1729.19
-1729.62
-1729.93
-1730.14
-1730.24
-1719.55
-1720.65
-1721.79
-1722.95
-1724.12
-1725.25
-1726.33
-1727.32
-1728.21
-1729
-1729.67
-1730.2
-1730.59
-1730.85
-1730.98
-1718.62
-1719.77
-1721.01
-1722.32
-1723.64
-1724.96
-1726.22
-1727.39
-1728.45
-1729.39
-1730.18
-1730.82
-1731.3
-1731.61
-1731.77
-1717.57
-1718.78
-1720.15
-1721.61
-1723.13
-1724.66
-1726.12
-1727.49
-1728.73
-1729.83
-1730.76
-1731.51
-1732.06
-1732.43
-1732.62
-1716.35
-1717.64
-1719.16
-1720.83
-1722.58
-1724.34
-1726.04
-1727.63
-1729.07
-1730.34
-1731.41
-1732.27
-1732.91
-1733.34
-1733.55
-1714.91
-1716.31
-1718.01
-1719.93
-1721.96
-1724.01
-1725.99
-1727.83
-1729.48
-1730.93
-1732.16
-1733.13
-1733.86
-1734.34
-1734.58
-1713.18
-1714.72
-1716.67
-1718.91
-1721.29
-1723.69
-1725.99
-1728.1
-1729.99
-1731.64
-1733.02
-1734.11
-1734.93
-1735.47
-1735.74
-1711.05
-1712.79
-1715.08
-1717.75
-1720.57
-1723.38
-1726.05
-1728.48
-1730.63
-1732.48
-1734.02
-1735.24
-1736.14
-1736.74
-1737.03
-1708.4
-1710.42
-1713.19
-1716.42
-1719.81
-1723.13
-1726.23
-1729
-1731.43
-1733.5
-1735.2
-1736.54
-1737.52
-1738.17
-1738.49
-1705.03
-1707.47
-1710.94
-1714.94
-1719.05
-1722.99
-1726.57
-1729.73
-1732.44
-1734.72
-1736.57
-1738.02
-1739.08
-1739.78
-1740.12
-1700.65
-1703.76
-1708.26
-1713.33
-1718.37
-1723.03
-1727.16
-1730.71
-1733.7
-1736.18
-1738.18
-1739.72
-1740.85
-1741.59
-1741.95
-1694.79
-1699.04
-1705.14
-1711.7
-1717.91
-1723.4
-1728.1
-1732.03
-1735.28
-1737.93
-1740.04
-1741.66
-1742.84
-1743.61
-1743.98
-1686.65
-1693
-1701.64
-1710.27
-1717.89
-1724.28
-1729.52
-1733.78
-1737.22
-1740
-1742.19
-1743.86
-1745.07
-1745.85
-1746.24
-1674.77
-1685.33
-1698.11
-1709.5
-1718.68
-1725.9
-1731.57
-1736.04
-1739.6
-1742.42
-1744.64
-1746.32
-1747.54
-1748.32
-1748.71
-1656.25
-1676.06
-1695.49
-1710.2
-1720.8
-1728.55
-1734.39
-1738.89
-1742.43
-1745.22
-1747.41
-1749.06
-1750.25
-1751.02
-1751.4
-1624.66
-1667.02
-1696.12
-1713.71
-1724.84
-1732.48
-1738.09
-1742.37
-1745.74
-1748.4
-1750.48
-1752.07
-1753.21
-1753.95
-1754.32
-1564.32
-1667.16
-1704.68
-1721.64
-1731.27
-1737.78
-1742.64
-1746.44
-1749.48
-1751.92
-1753.85
-1755.33
-1756.4
-1757.09
-1757.43
-1657.3
-1712.6
-1727.46
-1734.62
-1739.83
-1744.17
-1747.87
-1750.99
-1753.6
-1755.75
-1757.48
-1758.82
-1759.79
-1760.43
-1760.74
-1915.91
-1786.09
-1755.55
-1748.91
-1748.94
-1750.96
-1753.44
-1755.85
-1757.99
-1759.83
-1761.33
-1762.51
-1763.38
-1763.94
-1764.22
-1838.02
-1790.58
-1766.99
-1758.5
-1756.64
-1757.38
-1759.02
-1760.83
-1762.55
-1764.08
-1765.35
-1766.36
-1767.11
-1767.6
-1767.85
-1793.81
-1778.44
-1767.9
-1763.43
-1762.47
-1763.13
-1764.4
-1765.83
-1767.21
-1768.45
-1769.5
-1770.34
-1770.97
-1771.39
-1771.59
-1760.99
-1762.89
-1764.53
-1765.88
-1767.14
-1768.39
-1769.63
-1770.81
-1771.91
-1772.9
-1773.74
-1774.42
-1774.93
-1775.27
-1775.43
-1727.58
-1747.47
-1761.31
-1768.35
-1771.76
-1773.61
-1774.84
-1775.8
-1776.64
-1777.39
-1778.04
-1778.56
-1778.95
-1779.21
-1779.34
-1681.1
-1736.21
-1762.74
-1773.29
-1777.42
-1779.21
-1780.17
-1780.83
-1781.4
-1781.91
-1782.36
-1782.73
-1783.01
-1783.2
-1783.3
-1597.07
-1744.74
-1775.24
-1782.62
-1784.66
-1785.32
-1785.64
-1785.88
-1786.14
-1786.41
-1786.68
-1786.9
-1787.08
-1787.21
-1787.27
-1981.51
-1834.58
-1803.75
-1795.6
-1792.81
-1791.63
-1791.1
-1790.87
-1790.82
-1790.87
-1790.96
-1791.06
-1791.14
-1791.2
-1791.23
-1898.48
-1843.74
-1816.44
-1804.82
-1799.78
-1797.44
-1796.29
-1795.69
-1795.38
-1795.24
-1795.18
-1795.16
-1795.16
-1795.16
-1795.16
-1854.23
-1833.78
-1818.18
-1809.42
-1804.82
-1802.38
-1801.03
-1800.25
-1799.78
-1799.49
-1799.32
-1799.2
-1799.12
-1799.07
-1799.05
-1824.95
-1820.39
-1815.13
-1811.07
-1808.3
-1806.5
-1805.33
-1804.53
-1803.99
-1803.62
-1803.36
-1803.16
-1803.01
-1802.92
-1802.87
-1799.61
-1807.44
-1811.19
-1811.75
-1811.07
-1810.13
-1809.29
-1808.6
-1808.05
-1807.62
-1807.28
-1807.02
-1806.81
-1806.67
-1806.6
-1769.6
-1797.26
-1809.42
-1813.25
-1813.95
-1813.65
-1813.09
-1812.5
-1811.96
-1811.5
-1811.1
-1810.77
-1810.51
-1810.33
-1810.23
-1721.18
-1797.77
-1813.39
-1816.87
-1817.47
-1817.28
-1816.85
-1816.32
-1815.78
-1815.28
-1814.82
-1814.42
-1814.09
-1813.87
-1813.75
-1915.65
-1840.59
-1825.74
-1822.42
-1821.49
-1821.04
-1820.6
-1820.09
-1819.53
-1818.96
-1818.43
-1817.95
-1817.55
-1817.28
-1817.13
-1867.73
-1841.54
-1830.02
-1826.24
-1825.14
-1824.72
-1824.34
-1823.83
-1823.22
-1822.57
-1821.94
-1821.36
-1820.88
-1820.54
-1820.36
-1838.83
-1832.24
-1828.87
-1828.14
-1828.25
-1828.33
-1828.11
-1827.59
-1826.9
-1826.12
-1825.34
-1824.63
-1824.05
-1823.63
-1823.42
-1815.32
-1820.64
-1825.83
-1829.39
-1831.33
-1832.08
-1832.01
-1831.43
-1830.57
-1829.6
-1828.64
-1827.76
-1827.04
-1826.53
-1826.27
-1788.93
-1809.07
-1823.86
-1831.7
-1835.19
-1836.33
-1836.21
-1835.4
-1834.27
-1833.03
-1831.81
-1830.72
-1829.83
-1829.21
-1828.88
-1749.39
-1801.15
-1826.67
-1836.97
-1840.63
-1841.4
-1840.81
-1839.54
-1837.99
-1836.37
-1834.83
-1833.47
-1832.38
-1831.61
-1831.22
-1674.73
-1811.41
-1839.99
-1846.79
-1848.03
-1847.35
-1845.8
-1843.83
-1841.7
-1839.6
-1837.66
-1835.98
-1834.64
-1833.71
-1833.23
-2031.86
-1896.69
-1868.36
-1860.41
-1856.7
-1853.83
-1851.03
-1848.17
-1845.34
-1842.66
-1840.24
-1838.18
-1836.55
-1835.43
-1834.86
-1957.85
-1907.72
-1882.51
-1871.02
-1864.74
-1860.21
-1856.22
-1852.42
-1848.81
-1845.48
-1842.51
-1840.01
-1838.06
-1836.71
-1836.03
-1919.54
-1901.36
-1887.06
-1877.94
-1871.51
-1866.16
-1861.22
-1856.49
-1852.04
-1847.97
-1844.39
-1841.4
-1839.07
-1837.48
-1836.68
-1894.74
-1892.23
-1887.96
-1882.92
-1877.46
-1871.76
-1865.98
-1860.31
-1854.95
-1850.07
-1845.8
-1842.25
-1839.51
-1837.65
-1836.71
-1872.58
-1884.25
-1889.32
-1888.14
-1883.52
-1877.34
-1870.6
-1863.86
-1857.47
-1851.68
-1846.65
-1842.49
-1839.29
-1837.12
-1836.02
-1843.2
-1880.78
-1894.95
-1895.67
-1890.6
-1883.24
-1875.16
-1867.1
-1859.52
-1852.7
-1846.82
-1841.98
-1838.28
-1835.78
-1834.53
-1788.6
-1893.52
-1909.86
-1907.16
-1899.2
-1889.58
-1879.62
-1869.94
-1860.99
-1853.02
-1846.19
-1840.62
-1836.38
-1833.53
-1832.1
-2078.79
-1967.7
-1937.93
-1922.22
-1908.9
-1896.11
-1883.79
-1872.23
-1861.72
-1852.47
-1844.62
-1838.26
-1833.46
-1830.23
-1828.62
-2030.3
-1985.35
-1956.15
-1935.55
-1918.18
-1902.23
-1887.38
-1873.73
-1861.51
-1850.88
-1841.95
-1834.77
-1829.37
-1825.76
-1823.96
-2013.92
-1991.99
-1968.33
-1946.57
-1926.39
-1907.53
-1890.05
-1874.18
-1860.13
-1848.05
-1837.99
-1829.97
-1823.97
-1819.98
-1817.99
-2013.7
-1999.74
-1979.13
-1956.43
-1933.64
-1911.79
-1891.54
-1873.3
-1857.34
-1843.75
-1832.55
-1823.69
-1817.11
-1812.76
-1810.59
-2024.09
-2012.05
-1991.29
-1966.29
-1940.16
-1914.87
-1891.55
-1870.78
-1852.83
-1837.74
-1825.42
-1815.76
-1808.64
-1803.95
-1801.63
-2043.75
-2030.34
-2006.33
-1976.86
-1946.03
-1916.51
-1889.71
-1866.25
-1846.29
-1829.73
-1816.38
-1806.01
-1798.42
-1793.45
-1790.99
-2073.64
-2055.93
-2025.09
-1988.29
-1950.94
-1916.2
-1885.49
-1859.22
-1837.31
-1819.43
-1805.2
-1794.26
-1786.32
-1781.14
-1778.59
-2116.75
-2090.56
-2047.91
-2000.03
-1953.98
-1913.01
-1878.1
-1849.11
-1825.48
-1806.54
-1791.68
-1780.37
-1772.23
-1766.95
-1764.36
-2178.95
-2136.56
-2074.29
-2010.44
-1953.42
-1905.55
-1866.54
-1835.21
-1810.32
-1790.75
-1775.61
-1764.23
-1756.08
-1750.84
-1748.27
-2271.5
-2196.28
-2101.68
-2016.04
-1946.43
-1891.88
-1849.57
-1816.79
-1791.4
-1771.82
-1756.89
-1745.76
-1737.87
-1732.81
-1730.34
-2417.21
-2269.38
-2122.77
-2010.45
-1928.91
-1869.64
-1825.91
-1793.16
-1768.39
-1749.6
-1735.45
-1725
-1717.63
-1712.92
-1710.63
-2666.48
-2341.55
-2119.96
-1983.42
-1895.85
-1836.54
-1794.56
-1763.94
-1741.17
-1724.11
-1711.37
-1702.03
-1695.48
-1691.31
-1689.28
-3142.29
-2341.89
-2058.01
-1922.31
-1843.11
-1791.34
-1755.28
-1729.19
-1709.92
-1695.56
-1684.87
-1677.07
-1671.61
-1668.14
-1666.46
1582.22
1583.4
1585.85
1589.7
1595.21
1602.74
1612.84
1626.32
1644.33
1668.63
1701.9
1747.98
1810.41
1878.86
1839.13
1553.15
1553.79
1555.09
1557.14
1560.06
1564.02
1569.22
1575.94
1584.38
1594.56
1605.82
1615.27
1613.38
1572.03
1418.48
1523.38
1523.42
1523.51
1523.63
1523.8
1523.96
1524.03
1523.76
1522.59
1519.33
1511.48
1493.81
1455.71
1377.32
1228.72
1493.5
1492.94
1491.8
1490.01
1487.45
1483.92
1479.1
1472.39
1462.81
1448.62
1426.89
1392.7
1338.25
1252.74
1125.81
1464.09
1462.97
1460.66
1457.07
1451.99
1445.11
1435.97
1423.83
1407.55
1385.36
1354.69
1311.79
1251.79
1169.53
1062.18
1435.74
1434.1
1430.74
1425.53
1418.24
1408.49
1395.78
1379.34
1358.1
1330.54
1294.64
1247.89
1187.53
1111.35
1019.19
1408.96
1406.87
1402.6
1396.01
1386.85
1374.77
1359.24
1339.59
1314.9
1283.97
1245.37
1197.54
1139.03
1069.08
988.4
1384.21
1381.73
1376.71
1368.99
1358.33
1344.4
1326.76
1304.82
1277.86
1245
1205.29
1157.81
1101.9
1037.5
965.482
1361.87
1359.08
1353.45
1344.82
1333
1317.69
1298.51
1275.01
1246.64
1212.81
1172.91
1126.45
1073.23
1013.46
948.036
1342.24
1339.21
1333.1
1323.78
1311.09
1294.77
1274.52
1250.01
1220.84
1186.62
1147.01
1101.81
1051.03
995.036
934.628
1325.57
1322.36
1315.89
1306.06
1292.73
1275.69
1254.74
1229.6
1200.02
1165.76
1126.66
1082.68
1033.98
980.973
924.363
1312.05
1308.7
1301.97
1291.78
1278
1260.48
1239.06
1213.56
1183.81
1149.68
1111.13
1068.22
1021.19
970.461
916.666
1301.8
1298.36
1291.45
1281.01
1266.93
1249.11
1227.41
1201.71
1171.91
1137.96
1099.89
1057.83
1012.05
962.964
911.161
1294.92
1291.42
1284.41
1273.81
1259.56
1241.55
1219.69
1193.89
1164.1
1130.31
1092.59
1051.11
1006.15
958.136
907.61
1291.46
1287.94
1280.87
1270.21
1255.87
1237.78
1215.85
1190.01
1160.24
1126.53
1089
1047.81
1003.26
955.771
905.868
1211.19
479.061
237.027
142.949
99.0981
74.9583
59.8363
49.4525
41.85
36.0215
31.3973
27.6303
24.4967
21.8459
19.5724
17.6003
15.8736
14.3498
12.9961
11.7868
10.7013
9.72292
8.83794
8.0349
7.30412
6.63737
6.02755
5.46847
4.95471
4.48146
4.04444
3.63982
3.26412
2.91418
2.5871
2.28024
1.99111
1.71742
1.45701
1.20784
0.967973
0.735553
0.508785
0.285923
0.0652563
-0.154909
-0.376261
-0.600498
-0.829343
-1.06456
-1.30796
-1.56143
-1.82694
-2.10658
-2.40256
-2.71721
-3.05309
-3.41292
-3.79968
-4.21663
-4.66734
-5.15579
-5.68639
-6.26411
-6.89456
-7.58413
-8.34018
-9.17124
-10.0873
-11.1003
-12.2243
-13.4768
-14.879
-16.4576
-18.2466
-20.2899
-22.6457
-25.3927
-28.6402
-32.5443
-37.3369
-43.3779
-51.258
-62.0211
-77.6962
-102.719
-148.176
-245.702
-496.608
-1255.59
1088.77
731.418
498.015
356.512
268.906
211.886
172.682
144.35
122.993
106.329
92.956
81.9771
72.7937
64.993
58.2819
52.4467
47.3278
42.8036
38.7796
35.1814
31.9491
29.0338
26.3954
24.0002
21.8198
19.8298
18.0093
16.3399
14.8055
13.392
12.0865
10.8776
9.7551
8.70945
7.73208
6.81504
5.95098
5.13303
4.35475
3.61005
2.89315
2.19848
1.5207
0.854592
0.195041
-0.463012
-1.12461
-1.79483
-2.47882
-3.18183
-3.90931
-4.66686
-5.4604
-6.29613
-7.18064
-8.12095
-9.12462
-10.1998
-11.3554
-12.6011
-13.9475
-15.4064
-16.991
-18.7161
-20.5982
-22.6563
-24.9121
-27.3908
-30.1219
-33.1403
-36.4875
-40.2141
-44.3822
-49.0691
-54.3725
-60.4185
-67.3726
-75.4563
-84.9734
-96.3516
-110.211
-127.483
-149.62
-178.987
-219.623
-278.729
-369.541
-516.225
-758.177
-1128.61
1019.44
805.252
626.642
492.444
394.654
323.145
269.866
229.196
197.372
171.89
151.063
133.734
119.096
106.568
95.7272
86.2589
77.9231
70.5347
63.9482
58.0474
52.7385
47.9445
43.6012
39.655
36.0601
32.7772
29.7724
27.016
24.4816
22.1461
19.9887
17.9906
16.1348
14.406
12.7898
11.2732
9.84414
8.49125
7.20391
5.97206
4.78613
3.63698
2.51573
1.41377
0.32265
-0.765992
-1.8605
-2.96925
-4.10077
-5.26374
-6.46714
-7.72026
-9.03283
-10.4151
-11.878
-13.433
-15.0927
-16.8704
-18.7808
-20.8398
-23.0648
-25.4753
-28.0926
-30.941
-34.0474
-37.4426
-41.1618
-45.2456
-49.7415
-54.705
-60.2025
-66.3138
-73.1362
-80.7902
-89.4263
-99.2367
-110.47
-123.452
-138.622
-156.581
-178.166
-204.578
-237.562
-279.717
-334.943
-409.066
-510.432
-649.541
-834.686
-1056.71
975.899
827.807
691.285
575.923
482.538
408.137
348.877
301.291
262.61
230.739
204.123
181.611
162.352
145.707
131.192
118.436
107.15
97.1075
88.1259
80.0581
72.784
66.2035
60.2331
54.8018
49.8491
45.3225
41.1764
37.3708
33.8701
30.6428
27.6605
24.8977
22.331
19.9394
17.7033
15.6048
13.6271
11.7546
9.97277
8.2676
6.62593
5.03508
3.48283
1.95725
0.446664
-1.0605
-2.57578
-4.11076
-5.67723
-7.28719
-8.95304
-10.6876
-12.5044
-14.4176
-16.442
-18.5938
-20.89
-23.3492
-25.9913
-28.8383
-31.914
-35.2449
-38.8603
-42.7927
-47.0789
-51.7604
-56.8843
-62.5049
-68.685
-75.498
-83.0305
-91.386
-100.689
-111.093
-122.785
-136.001
-151.042
-168.29
-188.249
-211.579
-239.164
-272.196
-312.287
-361.61
-423.034
-500.153
-596.949
-716.528
-858.041
-1011.55
946.011
833.656
725.422
627.724
543.06
471.304
411.061
360.546
318.029
282.011
251.261
224.795
201.835
181.77
164.116
148.489
134.582
122.147
110.983
100.922
91.8267
83.5807
76.0854
69.2568
63.0219
57.3175
52.088
47.2845
42.8631
38.785
35.0148
31.5209
28.274
25.2479
22.4179
19.7615
17.2578
14.887
12.6307
10.4713
8.39217
6.37735
4.41132
2.47904
0.56571
-1.34329
-3.26255
-5.20675
-7.19077
-9.2298
-11.3395
-13.5362
-15.8367
-18.259
-20.8219
-23.5456
-26.4517
-29.5633
-32.9056
-36.5059
-40.3942
-44.6032
-49.1693
-54.1329
-59.539
-65.4385
-71.8888
-78.9554
-86.7138
-95.251
-104.669
-115.089
-126.653
-139.534
-153.942
-170.133
-188.426
-209.218
-233.011
-260.438
-292.306
-329.636
-373.702
-426.059
-488.5
-562.876
-650.632
-751.899
-864.087
-980.545
924.199
833.528
744.35
660.723
584.966
517.867
459.215
408.264
364.072
325.681
292.216
262.917
237.14
214.353
194.113
176.058
159.887
145.352
132.245
120.39
109.642
99.8723
90.974
82.853
75.4275
68.6256
62.3837
56.6453
51.3598
46.4816
41.9697
37.7865
33.8979
30.2725
26.8813
23.6975
20.6961
17.8537
15.1482
12.5588
10.0654
7.64899
5.29098
2.97338
0.678474
-1.61125
-3.91328
-6.24517
-8.62474
-11.0702
-13.6003
-16.2344
-18.9928
-21.8969
-24.9692
-28.2337
-31.7161
-35.4438
-39.4467
-43.7572
-48.4104
-53.445
-58.9035
-64.833
-71.2857
-78.3201
-86.0021
-94.406
-103.616
-113.731
-124.861
-137.138
-150.714
-165.771
-182.523
-201.23
-222.201
-245.815
-272.526
-302.89
-337.571
-377.359
-423.161
-475.968
-536.76
-606.305
-684.826
-771.504
-863.937
-957.917
907.629
831.208
755.242
682.359
614.371
552.242
496.253
446.231
401.742
362.241
327.159
295.952
268.129
243.254
220.954
200.904
182.829
166.493
151.695
138.261
126.041
114.904
104.739
95.4435
86.9313
79.1237
71.951
65.351
59.2671
53.6485
48.4489
43.626
39.1409
34.9582
31.0446
27.3695
23.9044
20.6223
17.498
14.5073
11.6273
8.83607
6.11218
3.43486
0.783721
-1.86145
-4.52081
-7.21462
-9.96342
-12.7882
-15.7105
-18.7528
-21.9383
-25.2916
-28.8386
-32.6067
-36.6255
-40.9262
-45.543
-50.5126
-55.875
-61.6737
-67.9566
-74.7763
-82.1911
-90.2655
-99.0716
-108.69
-119.213
-130.742
-143.395
-157.308
-172.635
-189.557
-208.282
-229.055
-252.162
-277.937
-306.769
-339.108
-375.464
-416.4
-462.508
-514.353
-572.382
-636.776
-707.241
-782.782
-861.517
-940.725
894.727
828.188
761.658
696.908
635.307
577.746
524.675
476.204
432.207
392.419
356.504
324.101
294.856
268.438
244.541
222.895
203.256
185.411
169.173
154.376
140.872
128.533
117.244
106.902
97.4157
88.7032
80.6902
73.3099
66.5013
60.2093
54.3831
48.9765
43.9468
39.2544
34.8628
30.7379
26.8479
23.1628
19.6543
16.2955
13.0609
9.92566
6.86595
3.85846
0.880305
-2.09116
-5.07854
-8.10456
-11.1922
-14.3651
-17.6473
-21.0639
-24.641
-28.4061
-32.388
-36.6173
-41.1268
-45.9516
-51.1291
-56.7
-62.7084
-69.202
-76.2332
-83.8591
-92.1424
-101.153
-110.966
-121.668
-133.353
-146.127
-160.109
-175.434
-192.252
-210.736
-231.081
-253.508
-278.268
-305.642
-335.946
-369.524
-406.743
-447.976
-493.571
-543.806
-598.809
-658.468
-722.313
-789.422
-858.376
-927.34
884.554
825.11
765.472
706.886
650.393
596.753
546.446
499.71
456.59
417
380.771
347.684
317.499
289.975
264.877
241.983
221.089
202.007
184.569
168.619
154.019
140.643
128.379
117.122
106.781
97.2708
88.5143
80.4415
72.9883
66.096
59.7104
53.7819
48.2645
43.1154
38.295
33.7664
29.4948
25.4476
21.5939
17.9042
14.3506
10.906
7.54414
4.23958
0.967186
-2.29788
-5.58041
-8.90532
-12.2979
-15.7838
-19.3897
-23.1429
-27.072
-31.2069
-35.5793
-40.2226
-45.1723
-50.4665
-56.146
-62.2546
-68.8398
-75.9529
-83.6497
-91.9908
-101.043
-110.878
-121.576
-133.223
-145.918
-159.765
-174.882
-191.399
-209.461
-229.226
-250.871
-274.59
-300.594
-329.113
-360.391
-394.678
-432.222
-473.248
-517.934
-566.369
-618.506
-674.098
-732.649
-793.367
-855.177
-916.785
876.517
822.268
767.728
713.816
661.336
610.928
563.048
517.981
475.864
436.721
400.495
367.069
336.295
308.004
282.024
258.178
236.299
216.227
197.81
180.909
165.395
151.147
138.055
126.019
114.945
104.748
95.3491
86.6767
78.6639
71.2494
64.3765
57.9926
52.0491
46.5008
41.3052
36.4231
31.8172
27.4525
23.296
19.3161
15.4826
11.7665
8.13945
4.57412
1.04343
-2.47937
-6.02099
-9.60826
-13.2684
-17.0291
-20.9189
-24.9674
-29.2051
-33.6643
-38.3789
-43.3846
-48.7195
-54.4242
-60.5421
-67.1198
-74.2076
-81.8594
-90.134
-99.0946
-108.81
-119.355
-130.811
-143.266
-156.816
-171.566
-187.63
-205.132
-224.206
-244.997
-267.662
-292.366
-319.283
-348.596
-380.484
-415.121
-452.661
-493.225
-536.871
-583.575
-633.196
-685.437
-739.825
-795.699
-852.224
-908.446
870.229
819.805
769.039
718.644
669.262
621.432
575.571
531.976
490.829
452.221
416.164
382.616
351.495
322.692
296.081
271.528
248.896
228.051
208.859
191.195
174.938
159.977
146.204
133.523
121.839
111.069
101.133
91.9575
83.4739
75.6193
68.3349
61.5661
55.2622
49.3756
43.862
38.68
33.7904
29.1563
24.7426
20.5161
16.4448
12.4979
8.6455
4.8585
1.10823
-2.63368
-6.39555
-10.2059
-14.0934
-18.0876
-22.2188
-26.518
-31.0179
-35.7524
-40.7573
-46.0704
-51.7318
-57.7842
-64.2731
-71.2473
-78.7593
-86.8652
-95.6258
-105.106
-115.377
-126.515
-138.601
-151.723
-165.978
-181.466
-198.298
-216.59
-236.467
-258.059
-281.503
-306.939
-334.509
-364.352
-396.598
-431.361
-468.725
-508.734
-551.375
-596.553
-644.079
-693.647
-744.825
-797.053
-849.665
-901.922
865.436
817.79
769.778
721.976
674.918
629.066
584.803
542.418
502.115
464.022
428.197
394.649
363.34
334.206
307.159
282.097
258.909
237.481
217.696
199.442
182.608
167.086
152.776
139.582
127.413
116.185
105.817
96.2367
87.3738
79.1641
71.5473
64.4671
57.8712
51.7106
45.9392
40.5139
35.3939
30.541
25.9185
21.4916
17.227
13.0925
9.05691
5.0897
1.1609
-2.75915
-6.7001
-10.6917
-14.7642
-18.9482
-23.2754
-27.7784
-32.4912
-37.4493
-42.6899
-48.2524
-54.1785
-60.5126
-67.3019
-74.5969
-82.4516
-90.924
-100.076
-109.975
-120.691
-132.303
-144.891
-158.543
-173.354
-189.422
-206.853
-225.756
-246.246
-268.441
-292.461
-318.424
-346.445
-376.63
-409.07
-443.833
-480.955
-520.429
-562.194
-606.118
-651.989
-699.505
-748.274
-797.814
-847.571
-896.949
861.966
816.26
770.175
724.201
678.799
634.382
591.299
549.832
510.194
472.531
436.932
403.434
372.035
342.698
315.363
289.952
266.374
244.531
224.319
205.636
188.377
172.442
157.733
144.157
131.625
120.054
109.362
99.4774
90.3288
81.851
73.983
66.6674
59.8506
53.4824
47.5156
41.9058
36.6112
31.5922
26.8112
22.2323
17.821
13.5441
9.36932
5.26526
1.20089
-2.85445
-6.93138
-11.0607
-15.2735
-19.6016
-24.0777
-28.7354
-33.6098
-38.7374
-44.1568
-49.9084
-56.0351
-62.5826
-69.5992
-77.1367
-85.2504
-93.9993
-103.447
-113.66
-124.711
-136.677
-149.641
-163.688
-178.911
-195.407
-213.277
-232.624
-253.557
-276.181
-300.605
-326.929
-355.248
-385.643
-418.176
-452.885
-489.773
-528.801
-569.876
-612.848
-657.494
-703.525
-750.576
-798.22
-845.98
-893.348
859.709
815.233
770.372
725.564
681.228
637.742
595.436
554.585
515.402
478.045
442.618
409.177
377.739
348.288
320.78
295.153
271.328
249.218
228.731
209.767
192.23
176.023
161.051
147.222
134.449
122.648
111.741
101.653
92.3129
83.6557
75.6194
68.1459
61.1809
54.6733
48.5753
42.8416
37.4297
32.2991
27.4116
22.7304
18.2204
13.8477
9.57944
5.38333
1.22779
-2.91854
-7.08694
-11.3088
-15.6161
-20.0411
-24.6173
-29.379
-34.3619
-39.6035
-45.143
-51.0216
-57.2831
-63.9737
-71.1429
-78.8431
-87.1302
-96.0642
-105.709
-116.132
-127.406
-139.609
-152.822
-167.131
-182.627
-199.405
-217.562
-237.199
-258.418
-281.318
-305.997
-332.545
-361.043
-391.556
-424.129
-458.778
-495.487
-534.198
-574.801
-617.134
-660.975
-706.04
-751.986
-798.421
-844.913
-891.005
858.596
814.717
770.451
726.212
682.397
639.37
597.45
556.906
517.953
480.754
445.419
412.014
380.564
351.062
323.472
297.741
273.797
251.558
230.934
211.833
194.158
177.816
162.713
148.758
135.865
123.95
112.935
102.745
93.3091
84.5621
76.4413
68.8886
61.8492
55.2717
49.1078
43.3119
37.841
32.6544
27.7133
22.9808
18.4212
14.0004
9.68505
5.44268
1.2413
-2.95076
-7.16513
-11.4336
-15.7883
-20.262
-24.8885
-29.7024
-34.74
-40.0388
-45.6386
-51.581
-57.9101
-64.6727
-71.9184
-79.7001
-88.0743
-97.1011
-106.845
-117.373
-128.759
-141.08
-154.417
-168.856
-184.488
-201.405
-219.705
-239.485
-260.844
-283.878
-308.681
-335.337
-363.919
-394.484
-427.07
-461.682
-498.296
-536.842
-577.206
-619.22
-662.661
-707.25
-752.656
-798.502
-844.377
-889.85
-1906.5
-1947.61
-1876.6
-1811.85
-1764.07
-1729.56
-1704.36
-1685.7
-1671.74
-1661.27
-1653.46
-1647.76
-1643.77
-1641.24
-1640.02
-1470.38
-1629.52
-1672.34
-1674.27
-1664.47
-1652.78
-1642.21
-1633.46
-1626.51
-1621.11
-1617.01
-1613.98
-1611.86
-1610.51
-1609.86
-1273.64
-1427.65
-1508.89
-1548.36
-1566.66
-1574.78
-1578.15
-1579.36
-1579.64
-1579.57
-1579.39
-1579.22
-1579.1
-1579.01
-1578.97
-1166.93
-1298.49
-1387.12
-1443.54
-1478.96
-1501.47
-1516.17
-1526.1
-1533.05
-1538.05
-1541.7
-1544.35
-1546.21
-1547.39
-1547.97
-1100.95
-1212.22
-1297.47
-1359.64
-1404.1
-1435.89
-1458.87
-1475.75
-1488.33
-1497.8
-1504.92
-1510.18
-1513.91
-1516.3
-1517.47
-1056.38
-1151.89
-1230.84
-1293.4
-1341.84
-1379.04
-1407.61
-1429.62
-1446.66
-1459.82
-1469.92
-1477.48
-1482.88
-1486.36
-1488.07
-1024.44
-1108.06
-1180.56
-1241.2
-1290.77
-1330.76
-1362.81
-1388.41
-1408.77
-1424.85
-1437.38
-1446.87
-1453.7
-1458.12
-1460.3
-1000.67
-1075.31
-1142.06
-1200
-1249.2
-1290.35
-1324.41
-1352.35
-1375.09
-1393.37
-1407.8
-1418.84
-1426.85
-1432.06
-1434.63
-982.578
-1050.39
-1112.32
-1167.49
-1215.63
-1256.98
-1292.05
-1321.44
-1345.8
-1365.66
-1381.53
-1393.78
-1402.72
-1408.57
-1411.46
-968.671
-1031.28
-1089.3
-1141.93
-1188.78
-1229.83
-1265.29
-1295.52
-1320.92
-1341.89
-1358.81
-1371.97
-1381.63
-1387.96
-1391.1
-958.024
-1016.69
-1071.63
-1122.1
-1167.68
-1208.19
-1243.69
-1274.35
-1300.4
-1322.12
-1339.77
-1353.59
-1363.78
-1370.49
-1373.82
-950.041
-1005.79
-1058.37
-1107.11
-1151.57
-1191.52
-1226.89
-1257.72
-1284.15
-1306.35
-1324.5
-1338.78
-1349.35
-1356.32
-1359.79
-944.331
-998.016
-1048.88
-1096.33
-1139.92
-1179.37
-1214.55
-1245.43
-1272.07
-1294.56
-1313.03
-1327.62
-1338.44
-1345.6
-1349.16
-940.648
-993.01
-1042.77
-1089.36
-1132.35
-1171.44
-1206.46
-1237.33
-1264.07
-1286.72
-1305.38
-1320.15
-1331.13
-1338.41
-1342.03
-938.841
-990.557
-1039.77
-1085.94
-1128.62
-1167.52
-1202.45
-1233.31
-1260.08
-1282.81
-1301.56
-1316.42
-1327.47
-1334.8
-1338.44
)
;

boundaryField
{
    hot
    {
        type            calculated;
        value           nonuniform List<scalar> 
120
(
772.451
774.642
779.019
785.566
794.262
805.068
817.934
832.787
849.531
868.046
888.186
909.785
932.663
956.634
981.519
1005.02
1026.83
1049
1071.5
1094.26
1117.25
1140.42
1163.72
1187.06
1210.39
1233.61
1256.63
1279.36
1301.7
1323.57
1344.9
1365.59
1385.6
1404.87
1423.36
1441.03
1457.85
1473.83
1488.95
1503.23
1516.68
1529.33
1541.22
1552.36
1562.82
1572.63
1581.83
1590.48
1598.62
1606.29
1613.55
1620.44
1627
1633.27
1639.3
1645.1
1650.72
1656.19
1661.51
1666.72
1671.82
1676.84
1681.77
1686.63
1691.43
1696.16
1700.82
1705.42
1709.95
1714.42
1718.8
1723.1
1727.32
1731.43
1735.43
1739.32
1743.08
1746.71
1750.19
1753.5
1756.63
1759.55
1762.24
1764.64
1766.72
1768.41
1769.66
1770.39
1770.52
1769.95
1768.58
1766.31
1763.01
1758.57
1752.86
1745.76
1737.15
1726.92
1715
1701.32
1685.85
1668.62
1649.69
1629.19
1607.3
1581.92
1553
1523.37
1493.63
1464.37
1436.15
1409.48
1384.83
1362.56
1342.99
1326.37
1312.88
1302.66
1295.79
1292.34
)
;
    }
    cold
    {
        type            calculated;
        value           nonuniform List<scalar> 
120
(
-1208.01
-1211.41
-1218.17
-1228.25
-1241.54
-1257.92
-1277.2
-1299.14
-1323.45
-1349.74
-1377.59
-1406.51
-1435.95
-1465.34
-1494.15
-1519.54
-1541.59
-1562.37
-1581.74
-1599.6
-1615.89
-1630.61
-1643.79
-1655.5
-1665.83
-1674.89
-1682.78
-1689.63
-1695.54
-1700.64
-1705.01
-1708.76
-1711.96
-1714.7
-1717.04
-1719.05
-1720.77
-1722.25
-1723.53
-1724.65
-1725.64
-1726.53
-1727.34
-1728.1
-1728.83
-1729.54
-1730.26
-1731.01
-1731.8
-1732.66
-1733.6
-1734.64
-1735.8
-1737.11
-1738.57
-1740.21
-1742.04
-1744.08
-1746.33
-1748.8
-1751.5
-1754.4
-1757.52
-1760.82
-1764.29
-1767.9
-1771.64
-1775.47
-1779.38
-1783.32
-1787.28
-1791.24
-1795.16
-1799.04
-1802.85
-1806.58
-1810.21
-1813.72
-1817.09
-1820.32
-1823.36
-1826.2
-1828.8
-1831.12
-1833.11
-1834.71
-1835.86
-1836.47
-1836.47
-1835.75
-1834.21
-1831.74
-1828.21
-1823.51
-1817.5
-1810.05
-1801.05
-1790.38
-1777.95
-1763.71
-1747.63
-1729.72
-1710.07
-1688.78
-1666.05
-1639.71
-1609.7
-1578.97
-1548.12
-1517.76
-1488.49
-1460.84
-1435.26
-1412.17
-1391.88
-1374.64
-1360.65
-1350.05
-1342.93
-1339.35
)
;
    }
    interface_left
    {
        type            calculated;
        value           nonuniform List<scalar> 
90
(
1971.6
1469.96
1240.11
1097.54
975.829
835.114
619.129
186.526
-909.605
3233.06
2130.17
1681.11
1430.23
1211.46
892.718
180.164
2715.92
2010.56
1706.75
1510.73
1285.3
832.381
2377.1
1941.93
1759.72
1656.78
1570.32
1452.75
1202.09
2070.7
1826.82
1724.53
1666.65
1618.35
1553.92
1419.25
1874.19
1742.05
1683.24
1645.32
1606.86
1545.54
1404.61
1904.93
1762.8
1698.13
1651
1588.83
1454.82
1921.42
1788.66
1729.84
1691.05
1649.3
1578.19
1407.71
2037.53
1867.87
1798.62
1760.39
1728.45
1684.66
1590.88
1911.99
1818.76
1776.14
1746.23
1711.47
1648.79
1494.14
2077.36
1923.29
1861.64
1827.92
1797.77
1749.51
1631.29
2100.56
1988.7
1954.25
1948.32
1956.63
1975.5
2005.33
2049.4
2114.97
2217.8
2395.74
2752.88
3613.53
)
;
    }
    interface_right
    {
        type            calculated;
        value           nonuniform List<scalar> 
90
(
-3450.04
-2619.76
-2273.95
-2100.44
-1998.91
-1932.72
-1886.38
-1852.4
-1826.67
-1806.75
-1791.06
-1778.54
-1768.46
-1760.27
-1753.58
-1748.08
-1743.54
-1739.77
-1736.63
-1734.01
-1731.8
-1729.94
-1728.36
-1727
-1725.82
-1724.78
-1723.85
-1723.01
-1722.21
-1721.44
-1720.66
-1719.86
-1719.01
-1718.07
-1717
-1715.76
-1714.29
-1712.52
-1710.35
-1707.62
-1704.13
-1699.55
-1693.32
-1684.42
-1670.75
-1647.32
-1600.48
-1487.91
-1612.57
-2021.09
-1868.5
-1802.05
-1760.01
-1716.75
-1644.92
-1474.1
-2103.77
-1934.08
-1864.84
-1826.65
-1794.77
-1751.04
-1657.33
-1978.5
-1885.35
-1842.79
-1812.96
-1778.27
-1715.66
-1561.11
-2144.42
-1990.47
-1928.95
-1895.38
-1865.41
-1817.36
-1699.4
-2168.99
-2057.51
-2023.54
-2018.2
-2027.28
-2047.13
-2078.25
-2124.08
-2192.16
-2298.85
-2483.41
-2853.72
-3746.05
)
;
    }
    interface_top
    {
        type            calculated;
        value           nonuniform List<scalar> 
90
(
1211.19
479.061
237.027
142.949
99.0981
74.9583
59.8363
49.4525
41.85
36.0215
31.3973
27.6303
24.4967
21.8459
19.5724
17.6003
15.8736
14.3498
12.9961
11.7868
10.7013
9.72292
8.83794
8.0349
7.30412
6.63737
6.02755
5.46847
4.95471
4.48146
4.04444
3.63982
3.26412
2.91418
2.5871
2.28024
1.99111
1.71742
1.45701
1.20784
0.967973
0.735553
0.508785
0.285923
0.0652563
-0.154909
-0.376261
-0.600498
-0.829343
-1.06456
-1.30796
-1.56143
-1.82694
-2.10658
-2.40256
-2.71721
-3.05309
-3.41292
-3.79968
-4.21663
-4.66734
-5.15579
-5.68639
-6.26411
-6.89456
-7.58413
-8.34018
-9.17124
-10.0873
-11.1003
-12.2243
-13.4768
-14.879
-16.4576
-18.2466
-20.2899
-22.6457
-25.3927
-28.6402
-32.5443
-37.3369
-43.3779
-51.258
-62.0211
-77.6962
-102.719
-148.176
-245.702
-496.608
-1255.59
)
;
    }
    interface_bottom
    {
        type            calculated;
        value           nonuniform List<scalar> 
90
(
668.443
266.081
132.979
81.1949
57.0439
43.7576
35.4585
29.7932
25.6854
22.5817
20.1698
18.2608
16.7349
15.5133
14.5439
13.7928
13.2398
12.8763
12.7046
12.7396
13.0123
13.5776
14.5287
16.026
18.3584
22.0856
28.4019
40.1722
65.1781
127.167
305.948
890.093
891.099
309.083
132.821
74.144
53.9539
49.9776
57.9347
84.4519
157.295
373.256
1084.09
1083.48
371.346
153.864
79.0333
49.6102
36.8472
31.6774
31.5127
37.0712
53.5863
98.7777
233.222
676.603
675.747
230.612
94.2889
46.9807
27.9414
19.163
14.8619
13.1353
13.674
17.5013
28.3532
58.209
147.714
444.118
442.656
143.293
50.7172
17.5926
3.15941
-4.7239
-10.0454
-14.2623
-17.9005
-20.8888
-22.0574
-16.6697
13.3131
3.05947
-49.3181
-84.0775
-130.068
-221.589
-453.526
-1153.26
)
;
    }
    defaultFaces
    {
        type            empty;
    }
}


// ************************************************************************* //
