/*--------------------------------*- C++ -*----------------------------------*\
| =========                 |                                                 |
| \\      /  F ield         | OpenFOAM: The Open Source CFD Toolbox           |
|  \\    /   O peration     | Version:  5.x                                   |
|   \\  /    A nd           | Web:      www.OpenFOAM.org                      |
|    \\/     M anipulation  |                                                 |
\*---------------------------------------------------------------------------*/
FoamFile
{
    version     2.0;
    format      ascii;
    class       volScalarField;
    location    "19";
    object      T;
}
// * * * * * * * * * * * * * * * * * * * * * * * * * * * * * * * * * * * * * //

dimensions      [0 0 0 1 0 0 0];

internalField   nonuniform List<scalar> 
6300
(
10.0194
10.0583
10.0969
10.1353
10.1732
10.2106
10.2474
10.2834
10.3185
10.3527
10.3858
10.4176
10.4483
10.4775
10.5055
10.0195
10.0584
10.0972
10.1357
10.1737
10.2113
10.2482
10.2843
10.3195
10.3538
10.3869
10.4189
10.4496
10.4789
10.5069
10.0196
10.0588
10.0978
10.1365
10.1748
10.2126
10.2497
10.286
10.3215
10.3559
10.3893
10.4214
10.4522
10.4817
10.5097
10.0198
10.0593
10.0987
10.1377
10.1764
10.2145
10.2519
10.2886
10.3244
10.3591
10.3928
10.4252
10.4562
10.4859
10.514
10.02
10.06
10.0998
10.1394
10.1785
10.217
10.255
10.2921
10.3283
10.3635
10.3975
10.4303
10.4617
10.4915
10.5198
10.0203
10.0609
10.1013
10.1414
10.1811
10.2203
10.2588
10.2965
10.3333
10.369
10.4036
10.4368
10.4686
10.4987
10.5272
10.0207
10.062
10.1031
10.1439
10.1843
10.2241
10.2633
10.3018
10.3393
10.3757
10.4109
10.4447
10.477
10.5076
10.5364
10.0211
10.0632
10.1051
10.1467
10.188
10.2287
10.2687
10.308
10.3463
10.3836
10.4196
10.4542
10.4872
10.5183
10.5475
10.0215
10.0646
10.1074
10.15
10.1922
10.2338
10.2748
10.3151
10.3544
10.3927
10.4297
10.4652
10.4991
10.531
10.5607
10.0221
10.0661
10.11
10.1537
10.1969
10.2396
10.2817
10.3231
10.3636
10.403
10.4412
10.4779
10.513
10.5459
10.5763
10.0226
10.0679
10.1129
10.1577
10.2021
10.246
10.2894
10.332
10.3738
10.4145
10.4542
10.4924
10.5289
10.5632
10.5947
10.0233
10.0697
10.1161
10.1621
10.2078
10.2531
10.2977
10.3417
10.3849
10.4272
10.4685
10.5085
10.547
10.5832
10.6164
10.0239
10.0718
10.1195
10.1669
10.214
10.2606
10.3067
10.3522
10.397
10.441
10.4841
10.5263
10.5672
10.6063
10.6423
10.0247
10.074
10.1231
10.172
10.2206
10.2687
10.3163
10.3633
10.4097
10.4555
10.5007
10.5452
10.5892
10.6323
10.6732
10.0255
10.0763
10.127
10.1775
10.2276
10.2773
10.3265
10.3751
10.4232
10.4707
10.5178
10.5648
10.6121
10.6606
10.7104
10.5297
10.5508
10.5709
10.5899
10.6081
10.6252
10.6415
10.657
10.6716
10.6855
10.6987
10.7113
10.7233
10.7348
10.746
10.7567
10.7672
10.7774
10.7874
10.7973
10.8072
10.817
10.8269
10.8368
10.8469
10.8571
10.8675
10.8781
10.8889
10.8999
10.9111
10.9225
10.9341
10.9458
10.9576
10.9696
10.9816
10.9936
11.0055
11.0173
11.0289
11.0403
11.0513
11.0619
11.072
11.0815
11.0902
11.0982
11.1052
11.1112
11.116
11.1197
11.1219
11.1226
11.1217
11.1189
11.1142
11.1072
11.0979
11.086
11.0713
11.0535
11.0325
11.0078
10.9792
10.9464
10.909
10.8667
10.819
10.7654
10.7056
10.6389
10.5648
10.4828
10.3922
10.2923
10.1826
10.0622
9.9306
9.78695
9.63058
9.46079
9.27692
9.07835
8.86454
8.63504
8.3895
8.1277
7.84956
7.55515
10.5311
10.5522
10.5723
10.5913
10.6094
10.6265
10.6427
10.6581
10.6726
10.6864
10.6996
10.712
10.724
10.7354
10.7464
10.7571
10.7675
10.7776
10.7875
10.7974
10.8072
10.8169
10.8267
10.8366
10.8467
10.8568
10.8672
10.8778
10.8885
10.8995
10.9108
10.9222
10.9338
10.9456
10.9575
10.9695
10.9815
10.9936
11.0056
11.0175
11.0293
11.0408
11.0519
11.0626
11.0728
11.0824
11.0913
11.0994
11.1066
11.1128
11.1178
11.1216
11.124
11.125
11.1243
11.1217
11.1173
11.1106
11.1016
11.09
11.0757
11.0583
11.0376
11.0133
10.9852
10.9529
10.9161
10.8744
10.8273
10.7745
10.7153
10.6495
10.5762
10.4951
10.4054
10.3065
10.1978
10.0785
9.94784
9.80522
9.64985
9.48101
9.29803
9.10024
8.88709
8.65809
8.41287
8.15118
7.87293
7.5782
10.534
10.5551
10.5751
10.5941
10.612
10.6291
10.6451
10.6603
10.6747
10.6884
10.7013
10.7136
10.7253
10.7366
10.7474
10.7579
10.7681
10.778
10.7878
10.7975
10.8071
10.8168
10.8264
10.8362
10.8462
10.8563
10.8666
10.8771
10.8879
10.8989
10.9101
10.9216
10.9333
10.9451
10.9571
10.9693
10.9815
10.9937
11.0059
11.018
11.0299
11.0416
11.053
11.064
11.0745
11.0844
11.0936
11.102
11.1094
11.1159
11.1213
11.1254
11.1283
11.1296
11.1294
11.1273
11.1234
11.1173
11.1089
11.098
11.0843
11.0677
11.0478
11.0244
10.9972
10.9659
10.9302
10.8897
10.8439
10.7924
10.7348
10.6705
10.599
10.5196
10.4318
10.3349
10.2281
10.1109
9.98233
9.84179
9.68845
9.52156
9.34038
9.14421
8.93242
8.70445
8.45989
8.19845
7.92
7.62461
10.5383
10.5594
10.5793
10.5982
10.6161
10.6329
10.6488
10.6638
10.6779
10.6912
10.7039
10.7159
10.7274
10.7383
10.7489
10.7591
10.769
10.7787
10.7882
10.7977
10.8071
10.8165
10.826
10.8356
10.8454
10.8553
10.8656
10.876
10.8868
10.8978
10.9091
10.9206
10.9324
10.9444
10.9566
10.9689
10.9813
10.9937
11.0062
11.0186
11.0309
11.0429
11.0547
11.0661
11.077
11.0873
11.0969
11.1057
11.1137
11.1206
11.1265
11.1312
11.1346
11.1366
11.137
11.1357
11.1325
11.1273
11.1198
11.1098
11.0972
11.0817
11.0629
11.0408
11.0151
10.9853
10.9512
10.9125
10.8686
10.8192
10.7639
10.702
10.633
10.5563
10.4713
10.3773
10.2736
10.1594
10.0341
9.89671
9.74651
9.58263
9.40427
9.21063
9.00097
8.77466
8.53117
8.27015
7.99143
7.69504
10.5442
10.5653
10.5852
10.6039
10.6215
10.6381
10.6537
10.6684
10.6821
10.6951
10.7074
10.719
10.7301
10.7407
10.7508
10.7607
10.7702
10.7795
10.7887
10.7978
10.8069
10.8161
10.8253
10.8347
10.8442
10.8541
10.8641
10.8745
10.8853
10.8963
10.9077
10.9193
10.9313
10.9434
10.9558
10.9683
10.981
10.9938
11.0066
11.0193
11.0321
11.0446
11.0569
11.0688
11.0803
11.0912
11.1014
11.1107
11.1193
11.1268
11.1333
11.1387
11.1429
11.1457
11.147
11.1467
11.1446
11.1405
11.1342
11.1255
11.1142
11.1001
11.083
11.0625
11.0386
11.0108
10.9789
10.9425
10.9012
10.8546
10.8023
10.7436
10.678
10.6049
10.5236
10.4336
10.334
10.2241
10.1031
9.97007
9.82419
9.66452
9.49011
9.30005
9.09346
8.86954
8.62765
8.3673
8.08825
7.79049
10.5518
10.5728
10.5926
10.6111
10.6285
10.6448
10.66
10.6742
10.6875
10.7
10.7118
10.7229
10.7335
10.7436
10.7533
10.7626
10.7717
10.7806
10.7893
10.798
10.8067
10.8155
10.8243
10.8334
10.8427
10.8523
10.8623
10.8726
10.8833
10.8943
10.9058
10.9176
10.9297
10.9421
10.9547
10.9676
10.9806
10.9937
11.0069
11.0202
11.0334
11.0466
11.0596
11.0722
11.0844
11.096
11.1069
11.117
11.1262
11.1345
11.1417
11.148
11.153
11.1569
11.1593
11.1602
11.1595
11.1568
11.152
11.1449
11.1353
11.1229
11.1077
11.0893
11.0675
11.0422
11.013
10.9795
10.9414
10.8983
10.8497
10.795
10.7337
10.6651
10.5886
10.5036
10.4092
10.3047
10.1893
10.0619
9.92169
9.76756
9.59844
9.41322
9.21083
8.99026
8.75065
8.49135
8.21196
7.91244
10.5611
10.5821
10.6017
10.62
10.6371
10.6529
10.6676
10.6813
10.694
10.7059
10.7171
10.7276
10.7375
10.747
10.7561
10.7649
10.7734
10.7817
10.79
10.7981
10.8064
10.8147
10.8231
10.8318
10.8408
10.8501
10.8598
10.87
10.8806
10.8918
10.9033
10.9153
10.9277
10.9404
10.9534
10.9665
10.9799
10.9934
11.0071
11.021
11.0349
11.0489
11.0627
11.0762
11.0893
11.1018
11.1135
11.1244
11.1344
11.1435
11.1517
11.1588
11.1649
11.17
11.1738
11.1762
11.177
11.1761
11.1731
11.1678
11.1602
11.1499
11.1368
11.1208
11.1016
11.0791
11.0531
11.0231
10.9889
10.9499
10.9058
10.856
10.7998
10.7367
10.666
10.587
10.4989
10.4011
10.2925
10.1722
10.0392
9.89214
9.72989
9.55108
9.35433
9.13836
8.90198
8.64426
8.36461
8.0629
10.5723
10.5933
10.6128
10.6308
10.6474
10.6626
10.6767
10.6897
10.7017
10.7128
10.7233
10.733
10.7423
10.751
10.7594
10.7675
10.7753
10.783
10.7906
10.7982
10.8058
10.8136
10.8215
10.8297
10.8383
10.8473
10.8567
10.8667
10.8773
10.8885
10.9003
10.9125
10.9253
10.9383
10.9516
10.9652
10.9789
10.9929
11.0071
11.0216
11.0364
11.0512
11.0661
11.0808
11.095
11.1086
11.1213
11.1331
11.144
11.1539
11.1629
11.1711
11.1784
11.1848
11.1902
11.1944
11.1972
11.1982
11.1973
11.1942
11.1888
11.1808
11.1701
11.1567
11.1405
11.1212
11.0987
11.0728
11.043
11.0089
10.9701
10.926
10.8758
10.8191
10.7552
10.6833
10.6028
10.5128
10.4125
10.3009
10.1767
10.0386
9.88515
9.71469
9.52548
9.31578
9.08397
8.82869
8.549
8.2446
10.5857
10.6067
10.626
10.6435
10.6595
10.674
10.6873
10.6994
10.7105
10.7208
10.7303
10.7393
10.7476
10.7556
10.7631
10.7704
10.7775
10.7844
10.7913
10.7982
10.8051
10.8122
10.8195
10.8271
10.8352
10.8437
10.8528
10.8626
10.8731
10.8844
10.8964
10.9091
10.9223
10.9358
10.9495
10.9635
10.9776
10.9919
11.0067
11.0219
11.0375
11.0536
11.0699
11.086
11.1017
11.1165
11.1303
11.1431
11.1548
11.1655
11.1754
11.1846
11.1931
11.201
11.2083
11.2146
11.2197
11.2232
11.2247
11.224
11.2209
11.2154
11.2073
11.1968
11.1836
11.1678
11.1493
11.1279
11.1032
11.0747
11.0421
11.0045
10.9613
10.9119
10.8557
10.792
10.7202
10.6394
10.5489
10.4475
10.3341
10.2071
10.0649
9.90524
9.72607
9.525
9.29972
9.0482
8.76894
8.46128
10.6017
10.6227
10.6416
10.6585
10.6737
10.6873
10.6995
10.7106
10.7206
10.7298
10.7383
10.7462
10.7536
10.7606
10.7672
10.7736
10.7798
10.7859
10.792
10.798
10.8042
10.8105
10.817
10.8239
10.8313
10.8392
10.8479
10.8573
10.8677
10.8791
10.8915
10.9048
10.9187
10.9329
10.9472
10.9614
10.9758
10.9904
11.0055
11.0214
11.0381
11.0556
11.0737
11.0919
11.1094
11.1259
11.1409
11.1546
11.167
11.1783
11.1889
11.1989
11.2086
11.2182
11.2276
11.2365
11.2445
11.2509
11.2552
11.2571
11.2566
11.2536
11.2482
11.2404
11.2305
11.2184
11.2041
11.1876
11.1686
11.1466
11.121
11.091
11.0557
11.0145
10.9669
10.9124
10.8503
10.78
10.7008
10.6115
10.511
10.3977
10.2694
10.1239
9.95815
9.769
9.5532
9.30761
9.02971
8.71815
10.6206
10.6415
10.6599
10.676
10.6901
10.7025
10.7134
10.7231
10.7319
10.7398
10.7471
10.7538
10.7601
10.766
10.7716
10.777
10.7823
10.7874
10.7925
10.7977
10.8029
10.8083
10.814
10.8201
10.8266
10.8338
10.8417
10.8507
10.8609
10.8724
10.8854
10.8997
10.9147
10.9299
10.9448
10.9593
10.9736
10.9881
11.0033
11.0196
11.0374
11.0568
11.0774
11.0985
11.1187
11.1371
11.1535
11.1678
11.1806
11.1921
11.203
11.2136
11.2244
11.2357
11.2475
11.2597
11.2714
11.2815
11.289
11.2938
11.2958
11.2952
11.2922
11.2872
11.2804
11.272
11.2621
11.2509
11.2383
11.2237
11.2063
11.1849
11.1585
11.1263
11.0881
11.0435
10.9921
10.9335
10.8669
10.7916
10.7064
10.6095
10.4989
10.3716
10.2238
10.0513
9.84951
9.61351
9.33889
9.02276
10.6431
10.664
10.6816
10.6965
10.709
10.7197
10.729
10.7371
10.7443
10.7508
10.7567
10.7621
10.7671
10.7719
10.7764
10.7807
10.7849
10.789
10.7931
10.7972
10.8014
10.8058
10.8104
10.8154
10.8209
10.8271
10.8341
10.8423
10.852
10.8636
10.8774
10.8933
10.9105
10.9273
10.9429
10.9573
10.9711
10.9849
10.9995
11.0157
11.0344
11.056
11.0805
11.1064
11.1305
11.1514
11.1688
11.1834
11.1958
11.2069
11.2174
11.228
11.2394
11.2522
11.267
11.2836
11.3007
11.3156
11.3269
11.3345
11.3387
11.3401
11.3392
11.3366
11.3325
11.3275
11.322
11.3162
11.3106
11.3048
11.2974
11.286
11.2693
11.2468
11.2185
11.1844
11.1444
11.0983
11.0457
10.986
10.9183
10.8412
10.7525
10.6488
10.525
10.3759
10.195
9.97496
9.70778
9.38672
10.6705
10.6912
10.7074
10.7202
10.7305
10.739
10.7461
10.7523
10.7577
10.7625
10.7669
10.7709
10.7746
10.778
10.7813
10.7845
10.7875
10.7905
10.7935
10.7965
10.7996
10.8029
10.8063
10.8101
10.8143
10.8191
10.8248
10.8317
10.8404
10.8516
10.8663
10.8851
10.9069
10.9264
10.9426
10.9562
10.9684
10.9804
10.9933
11.0083
11.027
11.0511
11.0817
11.1168
11.1471
11.1705
11.1882
11.2019
11.213
11.2226
11.2317
11.2412
11.2522
11.2659
11.2837
11.3067
11.3331
11.3548
11.3701
11.3799
11.3856
11.3883
11.3888
11.3879
11.386
11.3838
11.382
11.3814
11.3832
11.388
11.3941
11.3948
11.3885
11.3757
11.3572
11.3336
11.3053
11.2724
11.2346
11.1919
11.1437
11.0894
11.0275
10.9546
10.8629
10.746
10.5967
10.4043
10.1542
9.82983
10.7051
10.7247
10.738
10.7474
10.7545
10.7601
10.7647
10.7686
10.772
10.775
10.7776
10.7801
10.7823
10.7844
10.7864
10.7883
10.7902
10.792
10.7938
10.7957
10.7976
10.7996
10.8017
10.8041
10.8067
10.8098
10.8136
10.8185
10.8251
10.8346
10.8493
10.8726
10.9064
10.9302
10.9459
10.9571
10.9661
10.9747
10.984
10.9956
11.0118
11.0367
11.0762
11.134
11.1734
11.1978
11.2135
11.2242
11.2322
11.2389
11.2453
11.2523
11.261
11.2735
11.2931
11.3249
11.372
11.4031
11.4211
11.4312
11.4367
11.4394
11.4404
11.4404
11.4399
11.4395
11.4401
11.4432
11.4515
11.4691
11.4985
11.5137
11.517
11.5126
11.5031
11.4896
11.4729
11.4533
11.4308
11.4055
11.3778
11.3484
11.3185
11.2875
11.2368
11.1629
11.0603
10.9166
10.7076
10.392
10.7529
10.7674
10.7741
10.778
10.7807
10.7827
10.7843
10.7856
10.7868
10.7878
10.7887
10.7895
10.7903
10.791
10.7916
10.7923
10.7929
10.7935
10.7941
10.7947
10.7954
10.796
10.7968
10.7976
10.7985
10.7996
10.8009
10.8028
10.8055
10.8101
10.8199
10.8448
10.9205
10.9456
10.9557
10.961
10.9646
10.9678
10.9713
10.9762
10.9842
11.0011
11.0445
11.1777
11.2211
11.2378
11.2457
11.2502
11.2533
11.2557
11.2581
11.2607
11.2645
11.2709
11.2847
11.3212
11.434
11.4702
11.4835
11.4891
11.4918
11.493
11.4935
11.4936
11.4936
11.4937
11.4945
11.4974
11.5062
11.5333
11.6232
11.6496
11.6567
11.657
11.6544
11.6502
11.6447
11.6382
11.6308
11.6227
11.6144
11.608
11.6107
11.6489
11.644
11.621
11.5831
11.5228
11.4143
11.1767
7.21367
6.81864
6.40208
5.96517
5.50935
5.03616
4.54727
4.04442
3.52934
3.00377
2.46942
1.92794
1.38098
0.830138
0.27697
7.23612
6.84015
6.42238
5.98407
5.52667
5.05182
4.56122
4.05663
3.53982
3.01254
2.47652
1.93342
1.38487
0.832454
0.27774
7.28131
6.88341
6.46318
6.022
5.56143
5.0832
4.58912
4.08102
3.56073
3.03004
2.49068
1.94433
1.3926
0.837068
0.279274
7.34985
6.94895
6.52491
6.07928
5.61381
5.1304
4.63101
4.11758
3.59203
3.05619
2.51182
1.9606
1.40412
0.843943
0.281558
7.44268
7.03757
6.6082
6.15637
5.6841
5.19356
4.68691
4.16625
3.6336
3.09086
2.53981
1.98211
1.41935
0.853018
0.284573
7.56116
7.15042
6.71392
6.25385
5.77264
5.2728
4.75678
4.22688
3.68524
3.13382
2.57442
2.00867
1.43812
0.864204
0.288288
7.70711
7.289
6.84317
6.37242
5.87977
5.36819
4.8405
4.29922
3.74664
3.18475
2.61535
2.04003
1.46026
0.87738
0.292663
7.883
7.45525
6.9973
6.51287
6.00579
5.47968
4.93777
4.38285
3.81731
3.24317
2.66218
2.07584
1.4855
0.892388
0.297643
8.09212
7.65165
7.17788
6.67593
6.15081
5.60693
5.04802
4.47708
3.89656
3.30843
2.71433
2.11563
1.51351
0.909025
0.30316
8.33894
7.88131
7.38658
6.86212
6.31453
5.7492
5.17026
4.58087
3.98339
3.37965
2.77108
2.15882
1.54386
0.927039
0.309132
8.62964
8.14803
7.62497
7.07139
6.49597
5.90503
5.30293
4.69272
4.07647
3.45569
2.83148
2.20471
1.57606
0.946134
0.31546
8.97305
8.45615
7.89385
7.30245
6.6929
6.07196
5.4437
4.81056
4.17405
3.53513
2.89445
2.25246
1.60954
0.96597
0.322031
9.38203
8.80963
8.19176
7.55163
6.90119
6.24619
5.58931
4.93175
4.27402
3.61632
2.95869
2.30114
1.64364
0.986173
0.328723
9.87482
9.20854
8.51189
7.81107
7.11398
6.42225
5.73556
5.05308
4.37394
3.6974
3.02284
2.34975
1.6777
1.00635
0.335408
10.4697
9.63774
8.83615
8.06674
7.32137
6.59325
5.87757
5.17102
4.47124
3.7765
3.08551
2.3973
1.71105
1.02613
0.34196
10.0262
10.0786
10.1308
10.1828
10.2344
10.2856
10.3363
10.3864
10.4359
10.4849
10.5336
10.5823
10.6321
10.6852
10.7477
10.0269
10.0808
10.1345
10.1879
10.2409
10.2936
10.3456
10.3971
10.4479
10.4981
10.5478
10.5975
10.648
10.7011
10.7601
10.0277
10.0831
10.1383
10.1932
10.2478
10.3019
10.3554
10.4082
10.4603
10.5116
10.5621
10.6121
10.662
10.7129
10.7662
10.0285
10.0854
10.1422
10.1988
10.2549
10.3105
10.3656
10.4198
10.4732
10.5256
10.5767
10.6267
10.6753
10.7231
10.7705
10.0293
10.0879
10.1464
10.2046
10.2624
10.3197
10.3763
10.4321
10.4868
10.5404
10.5922
10.6421
10.6893
10.7335
10.7745
10.0302
10.0906
10.1507
10.2107
10.2702
10.3292
10.3875
10.445
10.5014
10.5562
10.6092
10.6593
10.7054
10.746
10.7797
10.0311
10.0933
10.1553
10.217
10.2784
10.3392
10.3994
10.4587
10.5169
10.5735
10.628
10.6792
10.7254
10.7632
10.7881
10.032
10.0961
10.16
10.2236
10.2869
10.3497
10.4119
10.4732
10.5334
10.5922
10.649
10.7027
10.7512
10.7892
10.8054
10.033
10.099
10.1649
10.2305
10.2958
10.3606
10.4249
10.4884
10.551
10.6124
10.6722
10.7299
10.7841
10.8304
10.8495
10.034
10.102
10.1699
10.2376
10.305
10.3719
10.4384
10.5042
10.5693
10.6335
10.6968
10.7595
10.8225
10.8905
10.9834
10.0351
10.1051
10.1751
10.2449
10.3144
10.3836
10.4524
10.5206
10.5882
10.6553
10.7219
10.7887
10.8575
10.9333
11.0281
10.0361
10.1083
10.1804
10.2524
10.3241
10.3955
10.4667
10.5374
10.6076
10.6774
10.7469
10.8165
10.8876
10.9629
11.0468
10.0372
10.1115
10.1858
10.26
10.334
10.4077
10.4812
10.5544
10.6272
10.6996
10.7716
10.8433
10.9148
10.9863
11.0581
10.0383
10.1148
10.1913
10.2677
10.344
10.4201
10.496
10.5717
10.6471
10.7221
10.7967
10.8702
10.9419
11.0095
11.0692
10.0394
10.1181
10.1968
10.2755
10.3541
10.4326
10.511
10.5892
10.6672
10.745
10.8223
10.8985
10.9719
11.0382
11.0869
10.0405
10.1214
10.2024
10.2833
10.3642
10.4451
10.526
10.6068
10.6875
10.7682
10.8487
10.9285
11.0068
11.0793
11.1282
10.0416
10.1248
10.208
10.2912
10.3744
10.4577
10.541
10.6244
10.7079
10.7915
10.8754
10.9598
11.0455
11.1366
11.2506
10.0427
10.1281
10.2135
10.299
10.3845
10.4702
10.556
10.6419
10.7281
10.8147
10.9018
10.99
11.0807
11.1779
11.2921
10.0438
10.1314
10.219
10.3068
10.3946
10.4826
10.5708
10.6593
10.7481
10.8374
10.9274
11.0184
11.1112
11.2075
11.3104
10.0449
10.1347
10.2245
10.3144
10.4045
10.4948
10.5854
10.6764
10.7678
10.8597
10.9523
11.0455
11.1392
11.2324
11.3231
10.0459
10.1379
10.2299
10.322
10.4143
10.5069
10.5998
10.6932
10.787
10.8815
10.9766
11.0723
11.1675
11.2592
11.339
10.047
10.141
10.2351
10.3294
10.4239
10.5187
10.6139
10.7095
10.8058
10.9028
11.0006
11.0993
11.1982
11.2942
11.3729
10.048
10.1441
10.2403
10.3367
10.4333
10.5302
10.6276
10.7255
10.8241
10.9235
11.0241
11.1262
11.2308
11.3411
11.4712
10.049
10.1471
10.2453
10.3437
10.4424
10.5414
10.6409
10.7409
10.8417
10.9434
11.0464
11.1512
11.2594
11.3743
11.5043
10.05
10.1501
10.2502
10.3506
10.4513
10.5523
10.6538
10.7559
10.8587
10.9624
11.0674
11.174
11.2833
11.397
11.5183
10.051
10.1529
10.255
10.3573
10.4598
10.5628
10.6663
10.7703
10.875
10.9806
11.0872
11.1949
11.3039
11.4145
11.5266
10.0519
10.1557
10.2596
10.3637
10.4682
10.573
10.6783
10.7842
10.8908
10.9981
11.1061
11.2148
11.3235
11.4309
11.5342
10.0528
10.1583
10.264
10.37
10.4762
10.5828
10.6899
10.7976
10.9059
11.015
11.1247
11.2347
11.344
11.45
11.5456
10.0536
10.1609
10.2683
10.376
10.4839
10.5923
10.7011
10.8105
10.9206
11.0314
11.1429
11.255
11.3669
11.4762
11.5715
10.0544
10.1634
10.2725
10.3818
10.4914
10.6014
10.7119
10.823
10.9348
11.0473
11.1607
11.2753
11.3916
11.512
11.6473
10.0552
10.1658
10.2764
10.3873
10.4985
10.6102
10.7223
10.835
10.9484
11.0626
11.1778
11.2944
11.4134
11.5374
11.6729
10.056
10.1681
10.2802
10.3927
10.5054
10.6186
10.7322
10.8465
10.9614
11.0771
11.1938
11.3117
11.4316
11.5548
11.6837
10.0567
10.1702
10.2839
10.3978
10.512
10.6266
10.7417
10.8574
10.9738
11.0909
11.2089
11.3277
11.4475
11.5683
11.6901
10.0574
10.1723
10.2874
10.4026
10.5182
10.6343
10.7508
10.8679
10.9857
11.1042
11.2233
11.343
11.4627
11.5811
11.6961
10.0581
10.1743
10.2907
10.4073
10.5242
10.6416
10.7594
10.8779
10.9971
11.1169
11.2374
11.3583
11.4786
11.5962
11.7053
10.0587
10.1762
10.2938
10.4116
10.5298
10.6485
10.7677
10.8875
11.0079
11.1292
11.2512
11.3738
11.4965
11.6172
11.7264
10.0593
10.1779
10.2967
10.4158
10.5352
10.655
10.7754
10.8965
11.0183
11.1409
11.2645
11.3893
11.5158
11.646
11.7887
10.0598
10.1796
10.2995
10.4197
10.5402
10.6612
10.7827
10.9049
11.028
11.1519
11.277
11.4036
11.5325
11.6661
11.8095
10.0604
10.1811
10.3021
10.4233
10.5448
10.6669
10.7895
10.9128
11.037
11.1621
11.2883
11.4161
11.546
11.6793
11.8179
10.0608
10.1826
10.3045
10.4266
10.5492
10.6722
10.7958
10.9202
11.0453
11.1714
11.2986
11.4271
11.5571
11.6889
11.8226
10.0613
10.1839
10.3066
10.4297
10.5531
10.6771
10.8016
10.9269
11.053
11.18
11.308
11.437
11.5669
11.6971
11.8263
10.0617
10.1851
10.3086
10.4325
10.5567
10.6815
10.8069
10.933
11.0599
11.1878
11.3166
11.4463
11.5765
11.7059
11.8315
10.062
10.1861
10.3104
10.435
10.56
10.6855
10.8116
10.9385
11.0663
11.1949
11.3246
11.4553
11.5866
11.7174
11.8426
10.0623
10.1871
10.312
10.4372
10.5628
10.689
10.8158
10.9434
11.0719
11.2013
11.3319
11.4637
11.5969
11.7326
11.875
10.0626
10.1879
10.3133
10.4391
10.5653
10.692
10.8195
10.9477
11.0768
11.2069
11.3383
11.471
11.6056
11.743
11.8858
10.0628
10.1886
10.3145
10.4407
10.5674
10.6946
10.8225
10.9513
11.0809
11.2117
11.3437
11.4771
11.6122
11.7497
11.8901
10.063
10.1891
10.3154
10.442
10.569
10.6967
10.825
10.9542
11.0843
11.2156
11.348
11.4819
11.6173
11.7542
11.8924
10.0632
10.1895
10.3161
10.443
10.5703
10.6982
10.8269
10.9564
11.0869
11.2185
11.3514
11.4856
11.6212
11.7577
11.8943
10.0632
10.1898
10.3165
10.4436
10.5711
10.6993
10.8282
10.9579
11.0887
11.2206
11.3538
11.4884
11.6243
11.7612
11.8975
10.0633
10.1899
10.3167
10.4439
10.5715
10.6998
10.8288
10.9587
11.0896
11.2218
11.3553
11.4902
11.6267
11.765
11.9059
10.0633
10.1899
10.3167
10.4439
10.5715
10.6997
10.8288
10.9587
11.0897
11.222
11.3556
11.4909
11.6279
11.7669
11.9084
10.0632
10.1897
10.3164
10.4435
10.571
10.6992
10.8281
10.958
11.0889
11.2211
11.3548
11.4903
11.6276
11.7672
11.9089
10.0631
10.1894
10.3159
10.4427
10.5701
10.698
10.8268
10.9564
11.0872
11.2193
11.3529
11.4882
11.6258
11.7658
11.9084
10.063
10.1889
10.3151
10.4417
10.5687
10.6963
10.8247
10.9541
11.0845
11.2163
11.3496
11.4847
11.6221
11.7626
11.9068
10.0628
10.1883
10.3141
10.4403
10.5668
10.6941
10.8221
10.951
11.081
11.2122
11.345
11.4796
11.6164
11.7566
11.9027
10.0625
10.1876
10.3129
10.4385
10.5646
10.6913
10.8187
10.9471
11.0765
11.2071
11.3391
11.4727
11.6083
11.7466
11.8921
10.0622
10.1867
10.3114
10.4364
10.5618
10.6879
10.8147
10.9424
11.0711
11.201
11.3321
11.4646
11.5981
11.7315
11.8596
10.0619
10.1857
10.3097
10.434
10.5587
10.684
10.8101
10.937
11.0649
11.1939
11.3242
11.4557
11.588
11.72
11.8484
10.0615
10.1845
10.3077
10.4312
10.5551
10.6796
10.8048
10.9308
11.0578
11.186
11.3153
11.4461
11.5781
11.7109
11.8431
10.0611
10.1832
10.3055
10.4282
10.5512
10.6747
10.799
10.924
11.05
11.1771
11.3055
11.4356
11.5677
11.7021
11.8391
10.0606
10.1818
10.3032
10.4248
10.5468
10.6694
10.7925
10.9164
11.0413
11.1672
11.2946
11.4237
11.5556
11.6915
11.8339
10.0601
10.1803
10.3006
10.4212
10.5421
10.6635
10.7855
10.9082
11.0318
11.1564
11.2823
11.41
11.5405
11.6765
11.8241
10.0595
10.1786
10.2978
10.4173
10.5371
10.6573
10.778
10.8994
11.0216
11.1446
11.2687
11.3942
11.5216
11.6533
11.7998
10.0589
10.1769
10.2949
10.4131
10.5317
10.6506
10.7701
10.8901
11.0107
11.1321
11.2542
11.377
11.4997
11.6199
11.7266
10.0583
10.175
10.2918
10.4088
10.526
10.6437
10.7617
10.8802
10.9993
11.119
11.2393
11.3597
11.4795
11.5957
11.702
10.0577
10.1731
10.2886
10.4042
10.5201
10.6363
10.7529
10.8699
10.9875
11.1055
11.2241
11.343
11.4616
11.5786
11.6913
10.057
10.1711
10.2852
10.3995
10.514
10.6288
10.7438
10.8593
10.9752
11.0916
11.2086
11.3264
11.4448
11.5642
11.6845
10.0563
10.169
10.2818
10.3946
10.5077
10.6209
10.7345
10.8483
10.9626
11.0773
11.1927
11.3092
11.4274
11.5492
11.6773
10.0556
10.1669
10.2782
10.3896
10.5012
10.6129
10.7249
10.837
10.9495
11.0625
11.176
11.2906
11.4075
11.5298
11.6651
10.0549
10.1647
10.2746
10.3845
10.4946
10.6047
10.715
10.8255
10.9362
11.0472
11.1585
11.2705
11.3838
11.5014
11.6359
10.0542
10.1625
10.2709
10.3794
10.4879
10.5964
10.7051
10.8138
10.9227
11.0316
11.1406
11.2493
11.3572
11.4612
11.5486
10.0534
10.1603
10.2672
10.3741
10.4811
10.588
10.695
10.802
10.909
11.016
11.1227
11.2288
11.3331
11.4325
11.5193
10.0527
10.1581
10.2635
10.3689
10.4743
10.5796
10.6849
10.7902
10.8954
11.0005
11.1053
11.2095
11.3124
11.4125
11.5068
10.052
10.1559
10.2598
10.3636
10.4674
10.5712
10.6749
10.7784
10.8819
10.9851
11.0882
11.191
11.2937
11.3964
11.4991
10.0512
10.1536
10.256
10.3584
10.4607
10.5628
10.6649
10.7667
10.8684
10.9698
11.0712
11.1726
11.275
11.3803
11.4913
10.0505
10.1514
10.2523
10.3532
10.4539
10.5545
10.655
10.7552
10.8551
10.9547
11.054
11.1535
11.2544
11.36
11.4785
10.0497
10.1492
10.2487
10.348
10.4473
10.5464
10.6452
10.7438
10.8419
10.9396
11.0367
11.1334
11.2304
11.3307
11.448
10.049
10.1471
10.245
10.3429
10.4407
10.5383
10.6357
10.7326
10.8291
10.9249
11.0197
11.1131
11.2041
11.2896
11.3564
10.0483
10.1449
10.2415
10.3379
10.4343
10.5304
10.6263
10.7218
10.8167
10.9108
11.0036
11.0944
11.1815
11.2614
11.3263
10.0476
10.1428
10.2379
10.333
10.428
10.5227
10.6172
10.7114
10.8049
10.8976
10.989
11.0782
11.1638
11.2436
11.3145
10.0469
10.1407
10.2345
10.3281
10.4217
10.5152
10.6084
10.7013
10.7937
10.8853
10.9758
11.0644
11.1502
11.232
11.3088
10.0462
10.1386
10.231
10.3233
10.4156
10.5078
10.5998
10.6916
10.783
10.8738
10.9638
11.0525
11.1393
11.2237
11.3054
10.0455
10.1366
10.2276
10.3186
10.4096
10.5005
10.5913
10.6821
10.7726
10.8629
10.9527
11.0419
11.1301
11.2171
11.303
10.0448
10.1345
10.2242
10.3138
10.4035
10.4932
10.5829
10.6727
10.7624
10.8523
10.9421
11.0319
11.1217
11.2114
11.3009
10.0441
10.1324
10.2207
10.3091
10.3975
10.4859
10.5745
10.6632
10.7522
10.8416
10.9314
11.0219
11.1133
11.2057
11.2988
10.0435
10.1304
10.2173
10.3043
10.3913
10.4785
10.5659
10.6536
10.7417
10.8305
10.9202
11.0114
11.1043
11.1993
11.2965
10.0428
10.1283
10.2138
10.2994
10.3851
10.471
10.5571
10.6436
10.7307
10.8187
10.9081
10.9995
11.0937
11.1915
11.2934
10.042
10.1261
10.2103
10.2945
10.3788
10.4632
10.548
10.6332
10.719
10.806
10.8945
10.9856
11.0805
11.1809
11.2887
10.0413
10.124
10.2067
10.2894
10.3723
10.4553
10.5385
10.6222
10.7066
10.7921
10.8792
10.9691
11.0634
11.1652
11.2796
10.0406
10.1218
10.2031
10.2843
10.3657
10.4471
10.5288
10.6108
10.6934
10.777
10.862
10.9494
11.0411
11.1406
11.2584
11.0705
10.0033
9.10384
8.279
7.49564
6.73855
5.99936
5.27291
4.55577
3.84553
3.14041
2.43906
1.7404
1.04355
0.347737
11.2603
10.2191
9.29533
8.44314
7.6358
6.85817
6.10119
5.35905
4.62782
3.90472
3.18769
2.47515
1.76583
1.05866
0.352752
11.3393
10.3534
9.43707
8.57608
7.75529
6.96344
6.19269
5.43758
4.6942
3.95968
3.23185
2.509
1.78974
1.07291
0.357482
11.379
10.4392
9.54034
8.68107
7.85465
7.05402
6.27331
5.50794
4.75441
4.00998
3.27253
2.54033
1.81195
1.08617
0.361892
11.4021
10.4967
9.61605
8.76321
7.93606
7.13073
6.34324
5.57007
4.80827
4.05543
3.30956
2.56901
1.83236
1.09838
0.365956
11.4173
10.5369
9.67239
8.82748
8.00229
7.19503
6.40321
5.62427
4.85589
4.09602
3.34289
2.59496
1.8509
1.10951
0.369664
11.4278
10.5662
9.71506
8.878
8.05604
7.24859
6.45419
5.67111
4.89758
4.13191
3.37258
2.61823
1.86759
1.11954
0.373014
11.4356
10.5881
9.7479
8.918
8.09969
7.29304
6.49729
5.71131
4.93378
4.16338
3.39882
2.63889
1.88248
1.12852
0.376014
11.4414
10.6049
9.77356
8.94991
8.13522
7.32988
6.53359
5.74561
4.96502
4.19077
3.42182
2.65711
1.89566
1.13649
0.378679
11.446
10.618
9.79386
8.97554
8.16422
7.36041
6.56407
5.77476
4.99183
4.21448
3.44185
2.67306
1.90723
1.14351
0.38103
11.4496
10.6284
9.81009
8.99628
8.18798
7.38573
6.58964
5.79946
5.01475
4.23489
3.45921
2.68694
1.91734
1.14965
0.38309
11.4524
10.6367
9.82317
9.01315
8.2075
7.40675
6.61106
5.82034
5.03427
4.2524
3.47417
2.69896
1.92613
1.155
0.384885
11.4547
10.6434
9.83379
9.02694
8.22359
7.42422
6.62901
5.83796
5.05086
4.26736
3.48702
2.70933
1.93372
1.15963
0.386441
11.4566
10.6488
9.84246
9.03827
8.23689
7.43875
6.64405
5.85282
5.06492
4.28011
3.49802
2.71822
1.94026
1.16362
0.387785
11.4581
10.6533
9.84958
9.04761
8.24792
7.45086
6.65665
5.86534
5.07683
4.29095
3.5074
2.72584
1.94587
1.16706
0.38894
11.4593
10.657
9.85545
9.05534
8.25707
7.46097
6.66721
5.87587
5.0869
4.30015
3.5154
2.73235
1.95067
1.17
0.389931
11.4604
10.66
9.8603
9.06174
8.26468
7.4694
6.67607
5.88474
5.09541
4.30795
3.52219
2.73789
1.95477
1.17251
0.390778
11.4612
10.6625
9.86432
9.06707
8.27103
7.47646
6.6835
5.89221
5.10259
4.31455
3.52796
2.7426
1.95826
1.17465
0.391501
11.4619
10.6646
9.86767
9.0715
8.27633
7.48237
6.68974
5.8985
5.10865
4.32014
3.53284
2.74661
1.96123
1.17648
0.392116
11.4625
10.6663
9.87046
9.0752
8.28077
7.48732
6.69498
5.90379
5.11376
4.32486
3.53698
2.75
1.96375
1.17803
0.392639
11.463
10.6678
9.87278
9.0783
8.28448
7.49148
6.69938
5.90824
5.11808
4.32885
3.54049
2.75288
1.96589
1.17934
0.393084
11.4634
10.669
9.87473
9.0809
8.2876
7.49497
6.70309
5.912
5.12173
4.33223
3.54346
2.75532
1.9677
1.18046
0.393461
11.4638
10.67
9.87637
9.08308
8.29022
7.49791
6.70622
5.91518
5.12481
4.33509
3.54597
2.75739
1.96924
1.18141
0.393782
11.464
10.6708
9.87775
9.08491
8.29243
7.50039
6.70886
5.91786
5.12742
4.33751
3.54811
2.75915
1.97055
1.18222
0.394054
11.4643
10.6716
9.87891
9.08646
8.2943
7.50249
6.71109
5.92014
5.12963
4.33957
3.54992
2.76064
1.97166
1.18291
0.394286
11.4645
10.6722
9.8799
9.08778
8.29589
7.50428
6.713
5.92207
5.13151
4.34132
3.55147
2.76192
1.97261
1.18349
0.394484
11.4647
10.6727
9.88074
9.08891
8.29724
7.5058
6.71462
5.92373
5.13313
4.34282
3.55279
2.76301
1.97342
1.18399
0.394654
11.4648
10.6731
9.88146
9.08987
8.29841
7.50711
6.71602
5.92515
5.13451
4.34411
3.55393
2.76395
1.97412
1.18442
0.3948
11.465
10.6735
9.88209
9.09071
8.29942
7.50825
6.71724
5.92639
5.13572
4.34523
3.55492
2.76476
1.97473
1.1848
0.394927
11.4651
10.6739
9.88265
9.09146
8.30031
7.50926
6.7183
5.92747
5.13678
4.34621
3.55579
2.76548
1.97526
1.18513
0.395038
11.4652
10.6742
9.88315
9.09212
8.30111
7.51015
6.71926
5.92844
5.13772
4.34709
3.55656
2.76611
1.97574
1.18542
0.395136
11.4653
10.6745
9.88361
9.09273
8.30185
7.51097
6.72013
5.92933
5.13857
4.34788
3.55725
2.76668
1.97616
1.18568
0.395225
11.4654
10.6747
9.88404
9.09331
8.30254
7.51174
6.72094
5.93015
5.13937
4.34861
3.55789
2.76721
1.97655
1.18592
0.395306
11.4655
10.675
9.88447
9.09387
8.30321
7.51249
6.72172
5.93093
5.14012
4.3493
3.5585
2.7677
1.97692
1.18615
0.395381
11.4655
10.6753
9.88491
9.09444
8.30388
7.51323
6.7225
5.9317
5.14085
4.34998
3.55908
2.76818
1.97727
1.18636
0.395453
11.4656
10.6756
9.88537
9.09504
8.30458
7.51399
6.72329
5.93248
5.14159
4.35064
3.55965
2.76864
1.97761
1.18657
0.395524
11.4658
10.6759
9.88588
9.0957
8.30534
7.51481
6.72412
5.93329
5.14234
4.35132
3.56023
2.76911
1.97795
1.18678
0.395593
11.4659
10.6763
9.88646
9.09644
8.30619
7.51571
6.72502
5.93415
5.14314
4.35202
3.56083
2.76958
1.97829
1.18698
0.395663
11.466
10.6767
9.88715
9.09731
8.30716
7.51671
6.72601
5.93508
5.14399
4.35276
3.56145
2.77007
1.97864
1.1872
0.395734
11.4662
10.6773
9.888
9.09835
8.3083
7.51787
6.72712
5.93611
5.1449
4.35355
3.56209
2.77057
1.97901
1.18741
0.395806
11.4665
10.678
9.88908
9.09963
8.30966
7.51922
6.72839
5.93725
5.1459
4.35439
3.56277
2.7711
1.97938
1.18763
0.395879
11.4668
10.679
9.89047
9.10124
8.31132
7.5208
6.72983
5.93852
5.14698
4.35528
3.56349
2.77164
1.97976
1.18786
0.395954
11.4674
10.6803
9.89233
9.1033
8.31335
7.52267
6.73148
5.93993
5.14815
4.35622
3.56423
2.77219
1.98014
1.18808
0.396027
11.4681
10.6823
9.89488
9.10596
8.31584
7.52488
6.73335
5.94147
5.14939
4.3572
3.56498
2.77274
1.98051
1.1883
0.396099
11.4695
10.6853
9.89844
9.10941
8.31889
7.52744
6.73543
5.94313
5.15068
4.3582
3.56572
2.77327
1.98087
1.18851
0.396166
11.472
10.6901
9.90347
9.11386
8.32255
7.53034
6.73769
5.94486
5.15199
4.35917
3.56642
2.77377
1.9812
1.18869
0.396226
11.4777
10.6981
9.91055
9.11945
8.3268
7.53352
6.74005
5.94659
5.15324
4.36006
3.56705
2.77419
1.98147
1.18884
0.396273
11.4929
10.7115
9.92007
9.12608
8.33146
7.53681
6.74237
5.94821
5.15436
4.36082
3.56755
2.77451
1.98166
1.18894
0.396305
11.5399
10.7319
9.93132
9.13311
8.33609
7.53992
6.74445
5.94959
5.15525
4.36137
3.56788
2.77469
1.98175
1.18898
0.396316
11.5623
10.7469
9.9409
9.13929
8.3401
7.54251
6.74609
5.95058
5.15581
4.36164
3.56797
2.7747
1.98172
1.18895
0.396302
11.5698
10.7554
9.9474
9.14372
8.34296
7.54425
6.74706
5.95103
5.15592
4.36155
3.56778
2.77448
1.98153
1.18882
0.396257
11.5725
10.7595
9.95083
9.1461
8.34437
7.54492
6.74719
5.95081
5.15549
4.36103
3.56725
2.77401
1.98116
1.18858
0.396177
11.5731
10.7604
9.95151
9.14634
8.34417
7.54434
6.74635
5.94982
5.15446
4.36003
3.56634
2.77324
1.98058
1.18823
0.396057
11.572
10.7585
9.9496
9.14447
8.34229
7.54245
6.74448
5.948
5.15274
4.35848
3.56501
2.77217
1.97979
1.18775
0.395894
11.5683
10.7535
9.94502
9.14049
8.33876
7.53924
6.74153
5.94531
5.15032
4.35636
3.56323
2.77075
1.97876
1.18712
0.395684
11.5579
10.744
9.93767
9.13452
8.33366
7.53474
6.73751
5.94173
5.14717
4.35365
3.56098
2.76898
1.97748
1.18635
0.395426
11.5255
10.7293
9.92803
9.12692
8.32718
7.52904
6.73245
5.93726
5.14329
4.35034
3.55825
2.76684
1.97595
1.18542
0.395117
11.5144
10.718
9.91825
9.11834
8.31954
7.52222
6.7264
5.93193
5.13866
4.34642
3.55503
2.76433
1.97415
1.18434
0.394756
11.5092
10.709
9.90852
9.10894
8.31084
7.51434
6.71936
5.92574
5.13331
4.34189
3.55132
2.76144
1.97208
1.1831
0.394343
11.5051
10.7003
9.89811
9.09846
8.30099
7.50538
6.71135
5.9187
5.12722
4.33675
3.54712
2.75817
1.96975
1.1817
0.393876
11.4999
10.6897
9.88589
9.08642
8.28982
7.49527
6.70236
5.91081
5.12042
4.33101
3.54243
2.75453
1.96715
1.18014
0.393356
11.4901
10.6745
9.87062
9.07237
8.27717
7.48401
6.6924
5.90209
5.11291
4.32468
3.53726
2.75051
1.96428
1.17842
0.392783
11.4658
10.6512
9.85141
9.05614
8.26308
7.47162
6.6815
5.89258
5.10471
4.31776
3.53162
2.74613
1.96115
1.17654
0.392156
11.3924
10.6174
9.82905
9.03834
8.24785
7.45827
6.66975
5.8823
5.09584
4.31028
3.5255
2.74137
1.95775
1.1745
0.391476
11.3677
10.5929
9.80827
9.02035
8.23196
7.44414
6.65723
5.8713
5.08633
4.30224
3.51892
2.73625
1.95409
1.1723
0.390743
11.3569
10.5753
9.78969
9.00264
8.21564
7.42935
6.64399
5.85962
5.07619
4.29365
3.51187
2.73075
1.95016
1.16994
0.389955
11.3499
10.5605
9.77207
8.98485
8.1988
7.41388
6.63004
5.84725
5.06543
4.2845
3.50436
2.72489
1.94596
1.16742
0.389112
11.3425
10.5448
9.75358
8.96622
8.18114
7.39762
6.61534
5.83417
5.05402
4.27478
3.49636
2.71864
1.94148
1.16472
0.388212
11.33
10.5246
9.73239
8.94597
8.16236
7.38045
6.59985
5.82038
5.04195
4.26448
3.48787
2.71199
1.9367
1.16185
0.387252
11.3005
10.4952
9.70712
8.92374
8.14237
7.36235
6.58353
5.80583
5.0292
4.25357
3.47886
2.70492
1.93162
1.15878
0.386229
11.2127
10.4538
9.67857
8.90008
8.12139
7.3434
6.5664
5.79051
5.01573
4.24202
3.46929
2.6974
1.92621
1.15552
0.385137
11.183
10.4237
9.65223
8.87652
8.09991
7.32372
6.54848
5.77439
5.0015
4.22977
3.45912
2.6894
1.92043
1.15203
0.383972
11.1699
10.402
9.6288
8.85355
8.0781
7.30335
6.52973
5.75741
4.98643
4.21676
3.44828
2.68085
1.91426
1.1483
0.382724
11.1615
10.3838
9.60678
8.83069
8.05576
7.28217
6.51005
5.73948
4.97045
4.2029
3.43671
2.6717
1.90765
1.1443
0.381386
11.1529
10.3652
9.58408
8.80699
8.03246
7.25994
6.48928
5.72045
4.95341
4.18809
3.42431
2.66188
1.90054
1.14
0.379944
11.139
10.3419
9.55855
8.78149
8.00773
7.23638
6.4672
5.70015
4.93518
4.17218
3.41097
2.65129
1.89286
1.13535
0.378387
11.1072
10.3089
9.52866
8.75365
7.98131
7.21128
6.44361
5.67838
4.91555
4.15501
3.39654
2.63983
1.88455
1.13031
0.376698
11.0141
10.2632
9.49512
8.72391
7.95325
7.18451
6.41832
5.65491
4.89432
4.1364
3.38086
2.62737
1.8755
1.12482
0.374861
10.9821
10.2295
9.46372
8.69375
7.92382
7.15595
6.39105
5.62947
4.87122
4.1161
3.36376
2.61376
1.86563
1.11884
0.372855
10.968
10.2048
9.43519
8.66353
7.89295
7.12529
6.36145
5.60169
4.84594
4.09387
3.34502
2.59886
1.85481
1.11228
0.370659
10.9593
10.1845
9.40808
8.63251
7.86001
7.09196
6.32898
5.57111
4.81808
4.06937
3.3244
2.58248
1.84293
1.10509
0.36825
10.9521
10.1653
9.38033
8.59932
7.82395
7.05509
6.29293
5.53716
4.78719
4.04228
3.30164
2.56443
1.82988
1.09719
0.365606
10.9448
10.1448
9.34979
8.56219
7.78334
7.01354
6.25241
5.49915
4.75277
4.01222
3.27647
2.54454
1.81551
1.08851
0.362704
10.9362
10.1208
9.31406
8.51896
7.7364
6.96594
6.20641
5.45635
4.71428
3.9788
3.24864
2.52263
1.79973
1.079
0.359526
10.9254
10.0908
9.27021
8.46697
7.68104
6.91073
6.1538
5.40797
4.6712
3.94169
3.21791
2.49855
1.78245
1.0686
0.356055
10.9105
10.051
9.21427
8.40292
7.61479
6.84621
6.09345
5.35328
4.62305
3.90058
3.18411
2.47219
1.7636
1.05728
0.352283
10.8881
9.99536
9.14067
8.32272
7.53495
6.77066
6.02433
5.29168
4.56949
3.85528
3.14713
2.44351
1.74317
1.04505
0.348209
10.8503
9.91323
9.04153
8.22151
7.43877
6.68263
5.94568
5.2228
4.51038
3.80577
3.107
2.41255
1.72119
1.03192
0.343842
10.7754
9.78565
8.90646
8.0944
7.3241
6.58123
5.85723
5.14664
4.44582
3.75218
3.06386
2.37942
1.69776
1.01795
0.3392
10.5958
9.58125
8.72475
7.93824
7.19035
6.46671
5.75944
5.06368
4.37624
3.69489
3.018
2.34437
1.67304
1.00324
0.334317
10.0398
10.1194
10.1991
10.2787
10.3583
10.438
10.5178
10.5978
10.6782
10.7592
10.8411
10.9246
11.0104
11.0995
11.1918
10.0389
10.1168
10.1947
10.2725
10.3502
10.4279
10.5055
10.5832
10.6609
10.7387
10.8168
10.8952
10.9737
11.0515
11.1258
10.0381
10.1142
10.1903
10.2663
10.3422
10.4178
10.4933
10.5685
10.6434
10.718
10.7922
10.8656
10.9376
11.007
11.0712
10.0372
10.1117
10.1861
10.2603
10.3343
10.4079
10.4812
10.5541
10.6263
10.6978
10.7682
10.8372
10.9041
10.9675
11.0259
10.0364
10.1093
10.182
10.2545
10.3266
10.3984
10.4696
10.5402
10.6099
10.6785
10.7457
10.8111
10.8739
10.9331
10.9878
10.0357
10.107
10.1781
10.249
10.3194
10.3894
10.4587
10.5271
10.5945
10.6606
10.7251
10.7874
10.8471
10.9034
10.9555
10.035
10.1048
10.1745
10.2438
10.3127
10.381
10.4485
10.5151
10.5805
10.6444
10.7065
10.7664
10.8237
10.8778
10.9281
10.0343
10.1028
10.1712
10.2391
10.3066
10.3734
10.4393
10.5042
10.5678
10.6299
10.6901
10.7481
10.8035
10.8559
10.9048
10.0337
10.1011
10.1682
10.235
10.3011
10.3666
10.4312
10.4946
10.5567
10.6172
10.6758
10.7323
10.7862
10.8373
10.8853
10.0332
10.0995
10.1656
10.2313
10.2964
10.3607
10.4241
10.4863
10.5472
10.6064
10.6637
10.7189
10.7717
10.8218
10.869
10.0328
10.0982
10.1634
10.2282
10.2924
10.3558
10.4182
10.4794
10.5392
10.5974
10.6537
10.708
10.7599
10.8092
10.8559
10.0324
10.0972
10.1617
10.2257
10.2892
10.3518
10.4134
10.4738
10.5329
10.5903
10.6458
10.6993
10.7506
10.7994
10.8455
10.0322
10.0964
10.1603
10.2239
10.2867
10.3488
10.4098
10.4697
10.5281
10.5849
10.6399
10.6929
10.7437
10.792
10.8379
10.032
10.0958
10.1594
10.2226
10.2851
10.3468
10.4075
10.4669
10.5249
10.5814
10.636
10.6886
10.7391
10.7872
10.8329
10.0319
10.0956
10.159
10.222
10.2843
10.3458
10.4063
10.4655
10.5234
10.5796
10.634
10.6865
10.7368
10.7848
10.8304
11.2701
11.2966
11.3088
11.3157
11.3203
11.3237
11.3264
11.3285
11.3303
11.3319
11.3332
11.3344
11.3355
11.3364
11.3372
11.3379
11.3386
11.3391
11.3397
11.3401
11.3405
11.3409
11.3412
11.3415
11.3418
11.342
11.3422
11.3423
11.3425
11.3426
11.3426
11.3427
11.3427
11.3427
11.3427
11.3426
11.3425
11.3424
11.3423
11.3421
11.3419
11.3417
11.3414
11.3411
11.3408
11.3404
11.34
11.3396
11.3391
11.3385
11.3379
11.3372
11.3364
11.3356
11.3347
11.3337
11.3326
11.3314
11.3301
11.3287
11.3271
11.3254
11.3235
11.3215
11.3193
11.3168
11.3141
11.3112
11.308
11.3044
11.3005
11.2962
11.2915
11.2863
11.2806
11.2742
11.2671
11.2591
11.2502
11.2401
11.2285
11.2152
11.1997
11.1812
11.1585
11.1295
11.0901
11.0308
10.9264
10.6997
11.1836
11.219
11.2426
11.2592
11.2714
11.2809
11.2886
11.2949
11.3002
11.3048
11.3087
11.3122
11.3153
11.318
11.3204
11.3226
11.3246
11.3263
11.3278
11.3292
11.3305
11.3316
11.3325
11.3334
11.3342
11.3348
11.3354
11.3358
11.3362
11.3365
11.3367
11.3369
11.3369
11.3369
11.3368
11.3367
11.3364
11.3361
11.3357
11.3352
11.3346
11.3339
11.3331
11.3323
11.3313
11.3302
11.3289
11.3275
11.326
11.3243
11.3225
11.3204
11.3182
11.3157
11.313
11.31
11.3068
11.3032
11.2993
11.295
11.2904
11.2853
11.2797
11.2736
11.2669
11.2595
11.2515
11.2427
11.2331
11.2225
11.2109
11.1981
11.184
11.1685
11.1513
11.1323
11.1111
11.0875
11.061
11.031
10.9969
10.9578
10.9122
10.8583
10.7932
10.7122
10.6077
10.4662
10.2639
9.96117
11.1216
11.1582
11.1867
11.2089
11.2265
11.2408
11.2526
11.2626
11.2711
11.2785
11.2849
11.2906
11.2956
11.3
11.304
11.3076
11.3108
11.3136
11.3162
11.3185
11.3205
11.3223
11.3239
11.3254
11.3266
11.3277
11.3286
11.3294
11.33
11.3305
11.3309
11.3311
11.3312
11.3312
11.331
11.3308
11.3304
11.3298
11.3291
11.3283
11.3274
11.3262
11.3249
11.3235
11.3218
11.32
11.3179
11.3157
11.3131
11.3103
11.3073
11.3039
11.3001
11.2961
11.2916
11.2867
11.2813
11.2754
11.2689
11.2619
11.2542
11.2457
11.2365
11.2264
11.2153
11.2032
11.1899
11.1754
11.1595
11.142
11.1229
11.1018
11.0786
11.053
11.0248
10.9935
10.9587
10.92
10.8766
10.8279
10.7726
10.7094
10.6366
10.5515
10.4506
10.3288
10.1785
9.98912
9.74618
9.43345
11.0726
11.1091
11.1396
11.1651
11.1862
11.2041
11.2192
11.2323
11.2435
11.2534
11.2621
11.2698
11.2766
11.2827
11.2881
11.293
11.2974
11.3013
11.3049
11.308
11.3108
11.3133
11.3156
11.3175
11.3193
11.3207
11.322
11.3231
11.324
11.3246
11.3251
11.3255
11.3256
11.3256
11.3254
11.325
11.3244
11.3237
11.3227
11.3216
11.3203
11.3187
11.3169
11.3149
11.3126
11.3101
11.3072
11.3041
11.3006
11.2967
11.2924
11.2877
11.2826
11.2769
11.2707
11.2639
11.2565
11.2483
11.2394
11.2296
11.2189
11.2073
11.1945
11.1805
11.1652
11.1485
11.1301
11.1101
11.0881
11.064
11.0375
11.0085
10.9765
10.9413
10.9025
10.8596
10.812
10.7591
10.7001
10.634
10.5595
10.475
10.3785
10.2674
10.1382
9.98616
9.80555
9.5891
9.32885
9.01817
11.0324
11.0685
11.1
11.1273
11.1508
11.1712
11.1889
11.2044
11.218
11.23
11.2407
11.2502
11.2586
11.2662
11.273
11.2791
11.2846
11.2896
11.294
11.298
11.3015
11.3047
11.3075
11.31
11.3122
11.314
11.3156
11.317
11.3181
11.319
11.3196
11.32
11.3202
11.3201
11.3199
11.3194
11.3187
11.3177
11.3165
11.3151
11.3134
11.3114
11.3092
11.3066
11.3037
11.3005
11.2969
11.2929
11.2885
11.2836
11.2782
11.2722
11.2657
11.2585
11.2507
11.2421
11.2326
11.2223
11.211
11.1986
11.1851
11.1703
11.1541
11.1365
11.1171
11.0959
11.0728
11.0474
11.0196
10.9892
10.9559
10.9192
10.879
10.8348
10.786
10.7323
10.6728
10.607
10.5337
10.4521
10.3606
10.2578
10.1416
10.0094
9.85838
9.68471
9.48416
9.25208
8.98412
8.67736
10.9988
11.0344
11.0664
11.0947
11.1199
11.1421
11.1618
11.1792
11.1947
11.2085
11.2209
11.2319
11.2419
11.2508
11.2588
11.2661
11.2726
11.2785
11.2837
11.2885
11.2927
11.2965
11.2998
11.3028
11.3054
11.3077
11.3096
11.3112
11.3125
11.3136
11.3143
11.3148
11.315
11.315
11.3147
11.3141
11.3132
11.3121
11.3106
11.3089
11.3069
11.3045
11.3018
11.2987
11.2953
11.2914
11.2871
11.2823
11.277
11.2711
11.2646
11.2575
11.2497
11.2411
11.2316
11.2213
11.21
11.1976
11.1841
11.1692
11.153
11.1353
11.1159
11.0947
11.0716
11.0462
11.0185
10.9882
10.955
10.9186
10.8788
10.8351
10.7872
10.7346
10.6768
10.6131
10.5429
10.4653
10.3795
10.2842
10.1782
10.0599
9.92741
9.77866
9.6111
9.42192
9.2081
8.96668
8.69519
8.39226
10.9703
11.0056
11.0378
11.0669
11.0931
11.1166
11.1378
11.1567
11.1738
11.1891
11.2029
11.2153
11.2265
11.2366
11.2457
11.254
11.2614
11.2681
11.2742
11.2796
11.2845
11.2888
11.2927
11.2961
11.2991
11.3017
11.3039
11.3058
11.3073
11.3085
11.3094
11.3099
11.3102
11.3101
11.3098
11.3091
11.3081
11.3068
11.3051
11.3031
11.3008
11.298
11.2949
11.2914
11.2874
11.2829
11.2779
11.2723
11.2662
11.2594
11.2519
11.2437
11.2347
11.2247
11.2138
11.2019
11.1889
11.1746
11.1589
11.1418
11.1231
11.1026
11.0803
11.0558
11.0291
10.9999
10.9679
10.933
10.8948
10.853
10.8072
10.7571
10.7022
10.642
10.5759
10.5033
10.4235
10.3356
10.2387
10.1317
10.0133
9.88221
9.73667
9.57491
9.39491
9.19457
8.97175
8.72454
8.45148
8.15189
10.9463
10.9813
11.0136
11.0431
11.0701
11.0946
11.1168
11.137
11.1552
11.1718
11.1868
11.2003
11.2126
11.2238
11.2339
11.243
11.2513
11.2587
11.2655
11.2715
11.2769
11.2818
11.2861
11.29
11.2933
11.2962
11.2987
11.3008
11.3025
11.3038
11.3048
11.3054
11.3057
11.3056
11.3052
11.3045
11.3034
11.3019
11.3
11.2978
11.2951
11.2921
11.2886
11.2846
11.2801
11.275
11.2694
11.2632
11.2563
11.2487
11.2403
11.231
11.2209
11.2097
11.1975
11.1841
11.1694
11.1534
11.1358
11.1166
11.0956
11.0726
11.0475
11.0201
10.9901
10.9574
10.9216
10.8825
10.8397
10.793
10.7418
10.6859
10.6247
10.5577
10.4843
10.4039
10.3156
10.2188
10.1124
9.9955
9.86687
9.72525
9.56925
9.39735
9.20797
8.99951
8.77048
8.51957
8.24592
7.94916
10.9262
10.9609
10.9932
11.0231
11.0505
11.0758
11.0988
11.1199
11.1391
11.1567
11.1726
11.1871
11.2004
11.2124
11.2233
11.2332
11.2422
11.2503
11.2576
11.2642
11.2702
11.2755
11.2802
11.2844
11.2881
11.2913
11.294
11.2963
11.2982
11.2996
11.3007
11.3014
11.3017
11.3016
11.3011
11.3003
11.2991
11.2975
11.2954
11.293
11.2901
11.2867
11.2828
11.2784
11.2735
11.268
11.2618
11.2549
11.2474
11.239
11.2298
11.2196
11.2084
11.1962
11.1827
11.168
11.1519
11.1343
11.115
11.0939
11.0708
11.0456
11.0181
10.988
10.9551
10.9192
10.88
10.8372
10.7903
10.7392
10.6833
10.6223
10.5555
10.4826
10.4028
10.3155
10.2201
10.1156
10.0013
9.87611
9.73904
9.58895
9.42466
9.2449
9.04843
8.83404
8.60064
8.34733
8.07356
7.77917
10.9095
10.944
10.9763
11.0064
11.0342
11.0599
11.0837
11.1054
11.1254
11.1437
11.1605
11.1758
11.1898
11.2025
11.2141
11.2247
11.2343
11.2429
11.2508
11.2579
11.2643
11.27
11.2751
11.2795
11.2835
11.2869
11.2899
11.2923
11.2943
11.2959
11.2971
11.2978
11.2981
11.298
11.2976
11.2967
11.2953
11.2936
11.2914
11.2887
11.2856
11.282
11.2778
11.2731
11.2677
11.2617
11.2551
11.2477
11.2395
11.2305
11.2205
11.2096
11.1975
11.1843
11.1698
11.1539
11.1365
11.1175
11.0967
11.074
11.0491
11.0219
10.9923
10.9598
10.9244
10.8858
10.8436
10.7975
10.7471
10.6922
10.6322
10.5667
10.4952
10.4172
10.332
10.239
10.1375
10.0267
9.90572
9.77379
9.6299
9.47307
9.30227
9.11647
8.91466
8.69591
8.4594
8.20451
7.93087
7.63841
10.8959
10.9303
10.9626
10.9928
11.0209
11.047
11.0712
11.0935
11.1141
11.133
11.1504
11.1663
11.1809
11.1942
11.2064
11.2175
11.2276
11.2367
11.245
11.2525
11.2592
11.2653
11.2707
11.2754
11.2796
11.2832
11.2863
11.289
11.2911
11.2928
11.294
11.2948
11.2951
11.295
11.2945
11.2935
11.2921
11.2903
11.2879
11.2851
11.2818
11.2779
11.2735
11.2685
11.2628
11.2565
11.2494
11.2415
11.2328
11.2232
11.2126
11.201
11.1882
11.1742
11.1588
11.1419
11.1235
11.1033
11.0812
11.057
11.0306
11.0018
10.9703
10.9359
10.8984
10.8574
10.8126
10.7638
10.7105
10.6524
10.589
10.5198
10.4443
10.3621
10.2724
10.1746
10.0682
9.95219
9.82595
9.68862
9.53934
9.37725
9.20143
9.01104
8.80525
8.5833
8.34459
8.08865
7.81523
7.52434
10.8854
10.9196
10.9519
10.9821
11.0104
11.0368
11.0613
11.0841
11.1051
11.1245
11.1423
11.1587
11.1738
11.1876
11.2002
11.2117
11.2222
11.2317
11.2403
11.2481
11.2552
11.2615
11.2671
11.2721
11.2764
11.2802
11.2835
11.2862
11.2884
11.2902
11.2915
11.2923
11.2926
11.2926
11.292
11.291
11.2895
11.2876
11.2851
11.2822
11.2787
11.2746
11.27
11.2647
11.2588
11.2521
11.2447
11.2365
11.2274
11.2173
11.2062
11.1941
11.1807
11.1659
11.1498
11.1322
11.1128
11.0917
11.0685
11.0433
11.0156
10.9854
10.9525
10.9165
10.8772
10.8343
10.7875
10.7365
10.6808
10.6201
10.5539
10.4818
10.4032
10.3176
10.2243
10.1228
10.0125
9.89245
9.76208
9.6206
9.46721
9.30111
9.12154
8.92775
8.71903
8.49479
8.25453
7.9979
7.72473
7.43504
10.8775
10.9117
10.9439
10.9742
11.0027
11.0293
11.054
11.077
11.0984
11.1181
11.1363
11.153
11.1685
11.1826
11.1955
11.2073
11.2181
11.2279
11.2368
11.2448
11.2521
11.2586
11.2644
11.2695
11.274
11.2779
11.2813
11.2841
11.2864
11.2882
11.2896
11.2904
11.2908
11.2907
11.2901
11.2891
11.2875
11.2855
11.283
11.2799
11.2763
11.2721
11.2673
11.2619
11.2557
11.2489
11.2412
11.2327
11.2233
11.2129
11.2014
11.1888
11.1749
11.1597
11.143
11.1247
11.1047
11.0829
11.0589
11.0328
11.0042
10.973
10.9389
10.9017
10.8611
10.8168
10.7685
10.7158
10.6583
10.5957
10.5274
10.4531
10.3721
10.284
10.1881
10.0838
9.97054
9.84757
9.71418
9.56967
9.4133
9.24434
9.06209
8.86589
8.65513
8.4293
8.18799
7.93092
7.65796
7.36917
10.8724
10.9065
10.9387
10.969
10.9976
11.0243
11.0492
11.0724
11.0939
11.1138
11.1323
11.1493
11.1649
11.1792
11.1924
11.2044
11.2154
11.2254
11.2344
11.2426
11.25
11.2566
11.2626
11.2678
11.2724
11.2764
11.2798
11.2827
11.2851
11.2869
11.2883
11.2891
11.2895
11.2894
11.2888
11.2878
11.2862
11.2841
11.2816
11.2784
11.2747
11.2704
11.2655
11.26
11.2537
11.2467
11.2388
11.2301
11.2205
11.2098
11.1981
11.1852
11.171
11.1555
11.1384
11.1198
11.0993
11.0769
11.0525
11.0258
10.9966
10.9647
10.9298
10.8918
10.8503
10.8051
10.7557
10.7019
10.6432
10.5793
10.5096
10.4338
10.3513
10.2614
10.1638
10.0577
9.94254
9.81761
9.68225
9.53577
9.37746
9.20665
9.02268
8.82494
8.61289
8.38606
8.14409
7.88676
7.61397
7.32576
10.8698
10.9039
10.9361
10.9665
10.995
11.0218
11.0468
11.07
11.0917
11.1117
11.1303
11.1474
11.1631
11.1776
11.1908
11.2029
11.214
11.2241
11.2332
11.2415
11.249
11.2557
11.2616
11.2669
11.2716
11.2756
11.2791
11.282
11.2844
11.2863
11.2876
11.2885
11.2889
11.2888
11.2882
11.2871
11.2855
11.2834
11.2808
11.2777
11.2739
11.2696
11.2646
11.259
11.2527
11.2455
11.2376
11.2288
11.2191
11.2083
11.1965
11.1834
11.1691
11.1534
11.1361
11.1172
11.0966
11.074
11.0492
11.0222
10.9927
10.9605
10.9253
10.8868
10.8449
10.7992
10.7493
10.6949
10.6356
10.5711
10.5007
10.4241
10.3408
10.2502
10.1516
10.0446
9.92852
9.80263
9.66629
9.51883
9.35957
9.18785
9.00304
8.80455
8.59187
8.36456
8.12228
7.86483
7.59212
7.3042
10.0277
9.23564
8.47137
7.73692
7.02467
6.32821
5.64305
4.96606
4.29505
3.62844
2.96507
2.30404
1.64466
0.98638
0.328726
9.46703
8.83071
8.1651
7.49505
6.82809
6.1658
5.50786
4.85354
4.20205
3.5527
2.90496
2.25837
1.6126
0.967359
0.32242
9.00353
8.45502
7.86322
7.25005
6.62682
5.99897
5.36904
4.73818
4.10688
3.47535
2.84367
2.21188
1.58
0.94803
0.316016
8.61947
8.12257
7.58266
7.01508
6.43013
5.8342
5.23113
4.62322
4.01191
3.39812
2.78249
2.16548
1.54746
0.928746
0.309627
8.29734
7.83309
7.32971
6.79742
6.24439
5.67655
5.09801
4.51163
3.91939
3.32272
2.72267
2.12007
1.51561
0.909863
0.30337
8.02483
7.58271
7.10563
6.60048
6.07344
5.52955
4.97271
4.40588
3.83129
3.25068
2.66538
2.07652
1.48503
0.891722
0.297357
7.79357
7.36724
6.90959
6.42538
5.9193
5.39547
4.85738
4.30786
3.74921
3.18329
2.61165
2.03559
1.45625
0.874637
0.291692
7.59768
7.18305
6.74005
6.27213
5.78286
5.27563
4.75345
4.21895
3.67436
3.1216
2.56232
1.99793
1.42973
0.85888
0.286465
7.43297
7.02719
6.59541
6.14019
5.66436
5.1707
4.66181
4.14009
3.60767
3.06643
2.51807
1.96408
1.40586
0.844681
0.281753
7.2963
6.89731
6.47414
6.02884
5.56367
5.08095
4.58299
4.07192
3.54977
3.01837
2.47942
1.93446
1.38494
0.832225
0.277617
7.18538
6.79156
6.37499
5.93733
5.48048
5.00644
4.51723
4.01482
3.5011
2.97786
2.44676
1.90938
1.3672
0.821658
0.274107
7.09847
6.70851
6.29688
5.86498
5.41445
4.94706
4.46464
3.969
3.46194
2.94518
2.42036
1.88908
1.35284
0.81309
0.271261
7.03431
6.64711
6.239
5.81122
5.36525
4.9027
4.42524
3.93459
3.43246
2.92053
2.40043
1.87373
1.34196
0.806602
0.269104
6.99201
6.60658
6.20074
5.77563
5.33262
4.87321
4.399
3.91163
3.41276
2.90404
2.38708
1.86344
1.33467
0.802248
0.267657
6.97099
6.58644
6.1817
5.7579
5.31635
4.85849
4.38589
3.90015
3.40291
2.89578
2.38039
1.85828
1.33101
0.800063
0.26693
)
;

boundaryField
{
    hot
    {
        type            fixedValue;
        value           uniform 10;
    }
    cold
    {
        type            fixedValue;
        value           uniform 0;
    }
    interface_left
    {
        type            fixedValue;
        value           nonuniform List<scalar> 
90
(
10.7939
10.7939
10.7939
10.7939
10.7939
10.7939
10.7939
10.7939
10.7939
11.0938
11.0938
11.0938
11.0938
11.0938
11.0938
11.0938
11.3654
11.3654
11.3654
11.3654
11.3654
11.3654
11.5825
11.5825
11.5825
11.5825
11.5825
11.5825
11.5825
11.7505
11.7505
11.7505
11.7505
11.7505
11.7505
11.7505
11.8892
11.8892
11.8892
11.8892
11.8892
11.8892
11.8892
11.961
11.961
11.961
11.961
11.961
11.961
11.9798
11.9798
11.9798
11.9798
11.9798
11.9798
11.9798
11.9075
11.9075
11.9075
11.9075
11.9075
11.9075
11.9075
11.7442
11.7442
11.7442
11.7442
11.7442
11.7442
11.7442
11.5498
11.5498
11.5498
11.5498
11.5498
11.5498
11.5498
11.3449
11.3449
11.3449
11.3449
11.3449
11.3449
11.3449
11.3449
11.3449
11.3449
11.3449
11.3449
11.3449
)
;
    }
    interface_right
    {
        type            fixedValue;
        value           nonuniform List<scalar> 
90
(
11.8599
11.8599
11.8599
11.8599
11.8599
11.8599
11.8599
11.8599
11.8599
11.8599
11.8599
11.8599
11.8599
11.8599
11.8599
11.8599
11.8599
11.8599
11.8599
11.8599
11.8599
11.8599
11.8599
11.8599
11.8599
11.8599
11.8599
11.8599
11.8599
11.8599
11.8599
11.8599
11.8599
11.8599
11.8599
11.8599
11.8599
11.8599
11.8599
11.8599
11.8599
11.8599
11.8599
11.8599
11.8599
11.8599
11.8599
11.8599
11.961
11.9798
11.9798
11.9798
11.9798
11.9798
11.9798
11.9798
11.9075
11.9075
11.9075
11.9075
11.9075
11.9075
11.9075
11.7442
11.7442
11.7442
11.7442
11.7442
11.7442
11.7442
11.5498
11.5498
11.5498
11.5498
11.5498
11.5498
11.5498
11.3449
11.3449
11.3449
11.3449
11.3449
11.3449
11.3449
11.3449
11.3449
11.3449
11.3449
11.3449
11.3449
)
;
    }
    interface_top
    {
        type            fixedValue;
        value           uniform 11.3449;
    }
    interface_bottom
    {
        type            fixedValue;
        value           nonuniform List<scalar> 
90
(
10.7939
10.7939
10.7939
10.7939
10.7939
10.7939
10.7939
10.7939
10.7939
10.7939
10.7939
10.7939
10.7939
10.7939
10.7939
10.7939
10.7939
10.7939
10.7939
10.7939
10.7939
10.7939
10.7939
10.7939
10.7939
10.7939
10.7939
10.7939
10.7939
10.7939
10.7939
10.7939
10.9637
10.9637
10.9637
10.9637
10.9637
10.9637
10.9637
10.9637
10.9637
10.9637
10.9637
11.2637
11.2637
11.2637
11.2637
11.2637
11.2637
11.2637
11.2637
11.2637
11.2637
11.2637
11.2637
11.2637
11.5197
11.5197
11.5197
11.5197
11.5197
11.5197
11.5197
11.5197
11.5197
11.5197
11.5197
11.5197
11.5197
11.5197
11.7306
11.7306
11.7306
11.7306
11.7306
11.7306
11.7306
11.7306
11.7306
11.7306
11.7306
11.7306
11.7306
11.8599
11.8599
11.8599
11.8599
11.8599
11.8599
11.8599
)
;
    }
    defaultFaces
    {
        type            empty;
    }
}


// ************************************************************************* //
