/*--------------------------------*- C++ -*----------------------------------*\
| =========                 |                                                 |
| \\      /  F ield         | OpenFOAM: The Open Source CFD Toolbox           |
|  \\    /   O peration     | Version:  5.x                                   |
|   \\  /    A nd           | Web:      www.OpenFOAM.org                      |
|    \\/     M anipulation  |                                                 |
\*---------------------------------------------------------------------------*/
FoamFile
{
    version     2.0;
    format      ascii;
    class       volScalarField;
    location    "13.9";
    object      T;
}
// * * * * * * * * * * * * * * * * * * * * * * * * * * * * * * * * * * * * * //

dimensions      [0 0 0 1 0 0 0];

internalField   nonuniform List<scalar> 
6300
(
10.1492
10.4471
10.7437
11.0381
11.3293
11.6165
11.8988
12.1753
12.4452
12.7076
12.9617
13.2069
13.4425
13.6679
13.8827
10.1496
10.4484
10.7459
11.0412
11.3333
11.6213
11.9045
12.1818
12.4525
12.7157
12.9706
13.2164
13.4525
13.6783
13.8934
10.1505
10.4511
10.7503
11.0473
11.3412
11.631
11.9159
12.195
12.4673
12.732
12.9884
13.2355
13.4727
13.6993
13.915
10.1518
10.4551
10.757
11.0566
11.3531
11.6456
11.9331
12.2147
12.4895
12.7567
13.0152
13.2643
13.5032
13.7312
13.9477
10.1536
10.4604
10.7658
11.069
11.369
11.665
11.956
12.2411
12.5194
12.7898
13.0514
13.3032
13.5445
13.7743
13.9921
10.1558
10.467
10.7768
11.0844
11.3889
11.6894
11.9848
12.2744
12.5569
12.8315
13.0971
13.3527
13.5971
13.8294
14.0488
10.1584
10.4749
10.79
11.103
11.4128
11.7187
12.0195
12.3144
12.6024
12.8822
13.1529
13.413
13.6615
13.8972
14.1189
10.1615
10.4841
10.8054
11.1246
11.4407
11.7528
12.06
12.3614
12.6558
12.942
13.2189
13.485
13.7388
13.9787
14.2034
10.165
10.4946
10.8229
11.1492
11.4724
11.7918
12.1064
12.4152
12.7172
13.0111
13.2956
13.569
13.8296
14.0754
14.3042
10.1689
10.5063
10.8425
11.1767
11.508
11.8355
12.1584
12.4758
12.7865
13.0894
13.3831
13.6658
13.9352
14.1887
14.4234
10.1732
10.5193
10.8641
11.207
11.5472
11.8837
12.2159
12.5428
12.8635
13.1769
13.4816
13.7756
14.0565
14.3208
14.5639
10.1779
10.5334
10.8877
11.2401
11.5899
11.9363
12.2786
12.616
12.9478
13.273
13.5904
13.8985
14.1944
14.4738
14.73
10.183
10.5486
10.9131
11.2758
11.6359
11.9929
12.3461
12.6948
13.0385
13.3766
13.7086
14.0333
14.3485
14.6498
14.9275
10.1884
10.5648
10.9402
11.3139
11.6851
12.0533
12.4179
12.7784
13.1346
13.4864
13.8338
14.1773
14.5165
14.8492
15.165
10.1942
10.5821
10.9691
11.3543
11.7372
12.1171
12.4936
12.8663
13.235
13.6002
13.9629
14.3252
14.691
15.0653
15.4503
14.0697
14.2321
14.3868
14.5341
14.6739
14.8067
14.9326
15.0521
15.1655
15.2732
15.3758
15.4737
15.5675
15.6576
15.7445
15.8288
15.9109
15.9914
16.0707
16.1493
16.2276
16.3061
16.3851
16.465
16.5462
16.6288
16.7132
16.7996
16.888
16.9787
17.0716
17.1668
17.2641
17.3636
17.465
17.5684
17.6733
17.7797
17.8873
17.9959
18.105
18.2144
18.3238
18.4327
18.5408
18.6476
18.7529
18.8562
18.9572
19.0556
19.151
19.2431
19.3316
19.4162
19.4963
19.5717
19.642
19.7066
19.7652
19.8172
19.8622
19.8997
19.9292
19.95
19.9616
19.9635
19.9548
19.9348
19.9027
19.8576
19.7985
19.7245
19.6343
19.5268
19.4008
19.255
19.0881
18.8987
18.6855
18.4472
18.1823
17.8895
17.5675
17.2152
16.8316
16.4157
15.9669
15.4849
14.9696
14.4211
14.0805
14.2429
14.3975
14.5445
14.684
14.8163
14.9417
15.0606
15.1734
15.2804
15.3823
15.4795
15.5725
15.6619
15.7481
15.8316
15.9131
15.9929
16.0715
16.1494
16.2272
16.3051
16.3835
16.463
16.5437
16.626
16.7101
16.7963
16.8846
16.9752
17.0681
17.1633
17.2608
17.3604
17.4621
17.5656
17.6709
17.7777
17.8857
17.9946
18.1043
18.2142
18.3241
18.4335
18.5422
18.6496
18.7553
18.8592
18.9606
19.0595
19.1554
19.248
19.337
19.422
19.5027
19.5788
19.6496
19.7149
19.7742
19.8269
19.8726
19.9109
19.9411
19.9628
19.9754
19.9782
19.9706
19.9518
19.921
19.8773
19.8197
19.7473
19.6587
19.553
19.4288
19.2849
19.12
18.9326
18.7214
18.485
18.222
17.9311
17.6108
17.26
16.8776
16.4626
16.0144
15.5326
15.017
14.4678
14.1023
14.2646
14.4189
14.5654
14.7043
14.8357
14.96
15.0777
15.1892
15.2949
15.3953
15.4911
15.5826
15.6705
15.7552
15.8373
15.9173
15.9957
16.073
16.1497
16.2262
16.3029
16.3803
16.4588
16.5387
16.6203
16.7038
16.7895
16.8776
16.968
17.0609
17.1563
17.254
17.354
17.4561
17.5602
17.666
17.7735
17.8823
17.9921
18.1027
18.2137
18.3247
18.4352
18.545
18.6535
18.7603
18.8651
18.9675
19.0673
19.1641
19.2576
19.3476
19.4337
19.5156
19.5928
19.6649
19.7315
19.7921
19.8463
19.8934
19.9332
19.965
19.9883
20.0027
20.0075
20.0021
19.9856
19.9574
19.9166
19.862
19.7927
19.7076
19.6054
19.4849
19.3448
19.1837
19.0003
18.7932
18.5608
18.3017
18.0145
17.6977
17.35
16.9701
16.5571
16.1101
15.6286
15.1124
14.5618
14.1353
14.2976
14.4515
14.5972
14.735
14.865
14.9877
15.1036
15.2131
15.3167
15.415
15.5085
15.5977
15.6833
15.7658
15.8457
15.9236
15.9999
16.0752
16.1499
16.2245
16.2995
16.3753
16.4523
16.5309
16.6114
16.6941
16.7792
16.8668
16.957
17.05
17.1455
17.2436
17.3442
17.4469
17.5518
17.6586
17.7671
17.877
17.9882
18.1003
18.2128
18.3255
18.4378
18.5492
18.6594
18.7677
18.874
18.9778
19.0789
19.1771
19.272
19.3635
19.4512
19.5347
19.6137
19.6878
19.7564
19.819
19.8752
19.9245
19.9665
20.0006
20.0264
20.0434
20.0511
20.0489
20.036
20.0117
19.9751
19.9251
19.8606
19.7806
19.6837
19.5688
19.4344
19.2793
19.1019
18.9009
18.6746
18.4215
18.1401
17.8287
17.4858
17.11
16.7001
16.255
15.7742
15.2573
14.7044
14.1802
14.3424
14.4957
14.6404
14.7766
14.9047
15.0251
15.1385
15.2452
15.3459
15.4412
15.5317
15.6179
15.7005
15.78
15.8569
15.9318
16.0053
16.0778
16.1499
16.2221
16.2947
16.3683
16.4434
16.5202
16.5992
16.6806
16.7648
16.8519
16.9419
17.0349
17.1308
17.2295
17.3308
17.4345
17.5404
17.6483
17.7582
17.8697
17.9827
18.0967
18.2115
18.3265
18.4412
18.555
18.6674
18.7779
18.8861
18.9917
19.0945
19.1943
19.291
19.3844
19.4741
19.56
19.6415
19.7181
19.7894
19.8548
19.9138
19.9659
20.0106
20.0477
20.0767
20.0972
20.1087
20.1107
20.1025
20.0834
20.0524
20.0085
19.9505
19.8774
19.7877
19.6802
19.5536
19.4064
19.2372
19.0444
18.8265
18.5818
18.3085
18.0047
17.6687
17.2987
16.8933
16.4512
15.9714
15.4535
14.8976
14.2376
14.3997
14.5523
14.6954
14.8296
14.9551
15.0726
15.1826
15.2858
15.3827
15.4742
15.5608
15.6431
15.7218
15.7975
15.8707
15.9419
16.0119
16.0809
16.1497
16.2186
16.2882
16.359
16.4315
16.506
16.5831
16.663
16.746
16.8324
16.9222
17.0154
17.1119
17.2113
17.3136
17.4185
17.5257
17.6351
17.7465
17.86
17.9752
18.0918
18.2095
18.3277
18.4456
18.5625
18.6778
18.791
18.9015
19.0092
19.114
19.2157
19.3145
19.4101
19.5024
19.5911
19.6757
19.7557
19.8305
19.8994
19.9618
20.0173
20.0655
20.1061
20.1388
20.1634
20.1795
20.1867
20.1843
20.1717
20.1478
20.1117
20.062
19.9975
19.9169
19.8188
19.7019
19.5648
19.4059
19.2238
19.0168
18.7829
18.5202
18.2267
17.9
17.5382
17.1391
16.7012
16.2231
15.7042
15.1444
14.3086
14.4706
14.6221
14.7634
14.8948
15.017
15.1306
15.2364
15.335
15.4273
15.514
15.5958
15.6733
15.7473
15.8183
15.887
15.9538
16.0193
16.0842
16.1489
16.2139
16.2798
16.3471
16.4163
16.488
16.5626
16.6406
16.7222
16.8078
16.8974
16.9909
17.0882
17.1889
17.2925
17.3988
17.5075
17.6185
17.7318
17.8474
17.9652
18.0851
18.2066
18.3288
18.451
18.572
18.6911
18.8074
18.9207
19.0306
19.1374
19.2411
19.342
19.4401
19.5354
19.6277
19.7163
19.8006
19.8797
19.9528
20.0194
20.0788
20.1309
20.1754
20.2122
20.2414
20.2628
20.276
20.2805
20.2757
20.2606
20.2339
20.1943
20.1404
20.0708
19.9841
19.8789
19.754
19.6078
19.4388
19.2452
19.0251
18.7761
18.4959
18.1817
17.8308
17.4406
17.0087
16.5333
16.0134
15.4487
14.3944
14.5563
14.7065
14.8452
14.9732
15.091
15.1997
15.3001
15.3931
15.4797
15.5606
15.6366
15.7085
15.7768
15.8424
15.9056
15.9672
16.0276
16.0875
16.1473
16.2076
16.2691
16.3321
16.3974
16.4655
16.5371
16.6125
16.6924
16.777
16.8665
16.9608
17.0594
17.1618
17.2673
17.3753
17.4856
17.5982
17.7133
17.8312
17.9521
18.0759
18.2021
18.3297
18.4576
18.584
18.7078
18.828
18.9441
19.0563
19.1648
19.2702
19.3731
19.4738
19.5725
19.6691
19.7627
19.8524
19.937
20.0154
20.0867
20.1505
20.2067
20.2552
20.2963
20.3303
20.3573
20.3772
20.3898
20.3942
20.3895
20.3743
20.3469
20.3056
20.2489
20.1755
20.0841
19.9733
19.842
19.6887
19.5115
19.3083
19.0767
18.8136
18.5158
18.1796
17.8016
17.3784
16.9073
16.3867
15.816
14.497
14.6588
14.8071
14.9425
15.0658
15.1781
15.2805
15.3742
15.4604
15.54
15.614
15.6832
15.7484
15.8102
15.8694
15.9264
15.9819
16.0365
16.0905
16.1447
16.1996
16.2557
16.3137
16.3741
16.4379
16.5055
16.5778
16.6555
16.7389
16.8285
16.924
17.0248
17.1299
17.238
17.3482
17.4602
17.5741
17.6906
17.8104
17.9344
18.0627
18.1951
18.3301
18.4658
18.5995
18.7294
18.854
18.973
19.0868
19.1963
19.3026
19.4068
19.5099
19.6124
19.7142
19.8143
19.9112
20.0029
20.0877
20.1645
20.2329
20.293
20.3452
20.3903
20.4289
20.4616
20.4887
20.5102
20.5255
20.5333
20.5318
20.5189
20.4924
20.4507
20.3925
20.3165
20.2219
20.1077
19.9724
19.8147
19.6321
19.4221
19.181
18.9047
18.5884
18.2273
17.8166
17.3524
16.8318
16.2537
14.6187
14.7804
14.9262
15.057
15.1741
15.2791
15.3735
15.459
15.5368
15.6082
15.6741
15.7353
15.7928
15.8472
15.8992
15.9492
15.9979
16.0457
16.0932
16.1409
16.1895
16.2394
16.2913
16.346
16.4042
16.467
16.5352
16.6099
16.6918
16.7817
16.8794
16.9839
17.0934
17.2054
17.3183
17.4316
17.5459
17.6626
17.7834
17.9101
18.0435
18.1839
18.3293
18.4763
18.6204
18.7581
18.8877
19.009
19.1232
19.232
19.3375
19.4418
19.5466
19.653
19.7613
19.8702
19.977
20.0783
20.1711
20.254
20.3268
20.3902
20.4452
20.4932
20.5355
20.5734
20.6078
20.6391
20.667
20.6899
20.7054
20.7099
20.7008
20.676
20.6344
20.5753
20.4984
20.403
20.2883
20.153
19.9952
19.8118
19.5987
19.3507
19.0614
18.7239
18.3315
17.8782
17.3592
16.7722
14.7632
14.9247
15.0668
15.191
15.2996
15.395
15.4793
15.5546
15.6224
15.684
15.7405
15.7927
15.8415
15.8876
15.9315
15.9737
16.0147
16.0551
16.0953
16.1358
16.1771
16.2198
16.2647
16.3124
16.3639
16.4204
16.483
16.5534
16.6331
16.7233
16.8245
16.9355
17.0528
17.1712
17.2876
17.4013
17.514
17.6284
17.7478
17.8755
18.0142
18.165
18.3258
18.4906
18.6501
18.7983
18.9329
19.0549
19.1668
19.272
19.3738
19.4756
19.5804
19.6906
19.8072
19.9288
20.0505
20.1653
20.2683
20.3577
20.434
20.499
20.5548
20.6038
20.6481
20.6899
20.7309
20.7726
20.8152
20.8571
20.8941
20.9203
20.9313
20.925
20.901
20.8595
20.801
20.7257
20.6334
20.5235
20.3945
20.2437
20.0664
19.8559
19.6033
19.2991
18.9338
18.4983
17.9842
17.3865
14.9357
15.0968
15.2328
15.3472
15.4438
15.5265
15.598
15.6608
15.7167
15.7669
15.8127
15.8548
15.894
15.9308
15.9659
15.9996
16.0323
16.0646
16.0967
16.1291
16.1624
16.197
16.2336
16.273
16.3162
16.3645
16.4195
16.4834
16.5589
16.6488
16.7553
16.8779
17.0103
17.1397
17.2602
17.3722
17.4794
17.5867
17.6998
17.8247
17.9671
18.1312
18.3164
18.512
18.696
18.8575
18.9958
19.1148
19.2199
19.3166
19.4098
19.5047
19.606
19.7185
19.8456
19.9867
20.1335
20.269
20.3847
20.4797
20.5571
20.6205
20.6739
20.7206
20.7639
20.8069
20.8527
20.9043
20.964
21.0307
21.0979
21.152
21.1862
21.1992
21.1923
21.1678
21.1273
21.0723
21.0034
20.9211
20.8249
20.7131
20.5815
20.4214
20.219
19.9617
19.6369
19.2311
18.7293
18.1194
15.1454
15.3048
15.4299
15.5286
15.6081
15.6737
15.7291
15.7768
15.8187
15.8561
15.8899
15.9208
15.9495
15.9764
16.002
16.0265
16.0504
16.0739
16.0974
16.1211
16.1455
16.1711
16.1983
16.2279
16.2609
16.2986
16.3428
16.3965
16.4636
16.55
16.6625
16.8059
16.9718
17.1208
17.2449
17.3498
17.4441
17.5363
17.6347
17.7484
17.8883
18.0667
18.2919
18.5496
18.7737
18.9499
19.0862
19.1944
19.2849
19.3655
19.4432
19.5241
19.6152
19.7251
19.8633
20.036
20.2322
20.4007
20.5303
20.6269
20.6997
20.7561
20.8021
20.842
20.8798
20.9194
20.9656
21.0242
21.102
21.2035
21.3199
21.4121
21.4712
21.5014
21.5088
21.4985
21.4742
21.4382
21.3924
21.3383
21.2773
21.2106
21.1371
21.0472
20.9135
20.7209
20.4564
20.1017
19.6298
19.0096
15.4104
15.5621
15.6646
15.7374
15.7922
15.8354
15.8709
15.901
15.927
15.9501
15.9709
15.9898
16.0074
16.0238
16.0393
16.0542
16.0688
16.0831
16.0973
16.1118
16.1268
16.1425
16.1593
16.1778
16.1986
16.2229
16.2524
16.2899
16.3404
16.4133
16.525
16.7013
16.9574
17.1374
17.2568
17.3422
17.4116
17.4768
17.5472
17.6339
17.7536
17.9346
18.2202
18.6353
18.9201
19.0995
19.2166
19.2993
19.3634
19.4186
19.4714
19.5282
19.5971
19.6906
19.8307
20.051
20.3706
20.5882
20.7229
20.8082
20.8653
20.9064
20.9385
20.966
20.9926
21.0221
21.0601
21.1159
21.2055
21.3542
21.5763
21.7193
21.7976
21.8359
21.8501
21.849
21.8373
21.8179
21.793
21.7649
21.7375
21.7176
21.7158
21.7359
21.6923
21.5831
21.4056
21.1405
20.7435
20.1352
15.7782
15.8898
15.9419
15.9721
15.9926
16.0079
16.0203
16.0306
16.0395
16.0473
16.0543
16.0607
16.0666
16.0721
16.0773
16.0823
16.0872
16.092
16.0968
16.1016
16.1067
16.112
16.1177
16.124
16.1311
16.1396
16.1501
16.1641
16.1848
16.2204
16.294
16.4817
17.052
17.241
17.3174
17.3574
17.385
17.4093
17.436
17.4717
17.5304
17.6515
17.9616
18.9081
19.2179
19.3384
19.3962
19.4304
19.4545
19.4745
19.4936
19.5148
19.5429
19.5887
19.6825
19.9224
20.6554
20.8945
20.9865
21.0294
21.0535
21.0692
21.081
21.0909
21.1007
21.1122
21.1287
21.1582
21.2236
21.3989
21.946
22.1194
22.1809
22.2046
22.2131
22.2142
22.211
22.2051
22.1976
22.1901
22.1864
22.1979
22.2625
22.5158
22.565
22.5431
22.4803
22.3689
22.1608
21.6983
13.7819
13.0389
12.2521
11.4241
10.5578
9.65634
8.72317
7.76177
6.77567
5.76838
4.74336
3.70398
2.65353
1.59524
0.532266
13.8273
13.0823
12.2931
11.4622
10.5927
9.68786
8.75121
7.78629
6.79671
5.78599
4.75762
3.71497
2.66132
1.59989
0.533811
13.9187
13.1697
12.3754
11.5386
10.6627
9.75101
8.80732
7.83532
6.83872
5.82113
4.78605
3.73686
2.67684
1.60915
0.536888
14.0573
13.302
12.4999
11.6541
10.7681
9.84597
8.89154
7.90879
6.90159
5.87364
4.82848
3.76951
2.69996
1.62294
0.541471
14.245
13.4809
12.6678
11.8093
10.9096
9.97299
9.00388
8.00655
6.98505
5.94322
4.88463
3.81267
2.73049
1.64114
0.547517
14.4843
13.7087
12.8809
12.0056
11.0877
10.1323
9.14426
8.12829
7.0887
6.02942
4.95406
3.86594
2.76815
1.66357
0.554966
14.7791
13.9881
13.1413
12.2442
11.3031
10.324
9.31238
8.2735
7.21189
6.13157
5.03614
3.92882
2.81253
1.68998
0.563734
15.1341
14.3232
13.4515
12.5267
11.5563
10.5478
9.5076
8.44128
7.35362
6.2487
5.13001
4.00057
2.8631
1.72005
0.573712
15.5558
14.7187
13.8147
12.8543
11.8475
10.8031
9.72871
8.6302
7.51247
6.37948
5.2345
4.08028
2.9192
1.75337
0.584763
16.0531
15.1806
14.234
13.228
12.1759
11.0884
9.9737
8.83814
7.6864
6.52212
5.34814
4.16677
2.97997
1.78944
0.596719
16.6381
15.7164
14.7123
13.6475
12.5394
11.4005
10.2394
9.06206
7.87272
6.67431
5.46904
4.25861
3.04442
1.82765
0.609382
17.3279
16.3343
15.2509
14.1102
12.9336
11.7345
10.521
9.29783
8.06794
6.83323
5.59499
4.35413
3.11138
1.86733
0.622526
18.1474
17.0416
15.8467
14.6083
13.3499
12.0828
10.8121
9.54009
8.26779
6.99554
5.72343
4.45145
3.17956
1.90772
0.635905
19.1316
17.8377
16.4855
15.1261
13.7748
12.4344
11.1042
9.78245
8.46742
7.15757
5.85163
4.5486
3.24763
1.94805
0.649266
20.3146
18.6916
17.1312
15.6356
14.1883
12.7755
11.3876
10.0179
8.66169
7.31552
5.9768
4.64357
3.31426
1.98755
0.662355
10.1998
10.5989
10.9971
11.3935
11.7876
12.1788
12.5664
12.9503
13.3302
13.7068
14.0814
14.4576
14.8427
15.2536
15.7365
10.2051
10.6149
11.0237
11.4308
11.8355
12.2371
12.6352
13.0293
13.419
13.8049
14.188
14.5717
14.9626
15.3745
15.8321
10.2106
10.6316
11.0515
11.4696
11.8854
12.298
12.7068
13.1111
13.5105
13.9047
14.2941
14.6805
15.0678
15.4636
15.8784
10.2164
10.6489
11.0804
11.5101
11.9374
12.3614
12.7813
13.1963
13.6054
14.0077
14.4023
14.7886
15.1669
15.5393
15.91
10.2224
10.667
11.1105
11.5523
11.9916
12.4275
12.8592
13.2855
13.705
14.116
14.5161
14.902
15.2699
15.616
15.9401
10.2287
10.6858
11.1418
11.5962
12.048
12.4966
12.9407
13.3792
13.8104
14.2317
14.6395
15.0279
15.3879
15.7077
15.9782
10.2352
10.7052
11.1743
11.6417
12.1068
12.5686
13.0261
13.478
13.9225
14.3568
14.7763
15.1733
15.5337
15.8335
16.0399
10.2419
10.7253
11.2078
11.6889
12.1677
12.6435
13.1153
13.5819
14.0416
14.4919
14.9286
15.3439
15.7215
16.024
16.1666
10.2488
10.746
11.2424
11.7375
12.2306
12.7211
13.208
13.6905
14.1671
14.6363
15.0956
15.5406
15.9614
16.3253
16.4898
10.2558
10.7672
11.2779
11.7875
12.2954
12.801
13.3038
13.8029
14.2977
14.7876
15.2724
15.754
16.2405
16.7648
17.4735
10.263
10.7889
11.3142
11.8386
12.3616
12.8829
13.4019
13.9183
14.4316
14.9422
15.4513
15.9637
16.4932
17.0762
17.8007
10.2704
10.8109
11.3511
11.8906
12.429
12.9662
13.5018
14.0356
14.5674
15.0976
15.6276
16.1614
16.7085
17.2891
17.9367
10.2778
10.8332
11.3884
11.9432
12.4973
13.0506
13.6029
14.1541
14.7041
15.253
15.8013
16.3498
16.9003
17.4553
18.017
10.2852
10.8557
11.426
11.9962
12.566
13.1356
13.7047
14.2733
14.8414
15.4087
15.9745
16.5366
17.0888
17.6166
18.0937
10.2927
10.8782
11.4637
12.0493
12.635
13.2207
13.8067
14.3929
14.9792
15.5654
16.1502
16.73
17.294
17.8129
18.2142
10.3002
10.9007
11.5014
12.1023
12.7037
13.3057
13.9084
14.5121
15.1169
15.7228
16.3292
16.9342
17.5304
18.0905
18.4933
10.3076
10.9231
11.5388
12.155
12.772
13.39
14.0094
14.6305
15.2537
15.8796
16.5091
17.1443
17.7917
18.4772
19.3198
10.315
10.9452
11.5757
12.2071
12.8395
13.4733
14.1091
14.7473
15.3885
16.0338
16.6849
17.3457
18.0264
18.7544
19.5992
10.3222
10.9669
11.6122
12.2583
12.9059
13.5552
14.207
14.8617
15.5203
16.1837
16.8537
17.5331
18.2279
18.9502
19.721
10.3294
10.9883
11.6479
12.3086
12.9709
13.6354
14.3027
14.9735
15.6486
16.329
17.0158
17.7097
18.4101
19.1122
19.8029
10.3363
11.0092
11.6828
12.3577
13.0344
13.7135
14.3958
15.082
15.773
16.4697
17.1727
17.8815
18.5907
19.2819
19.9031
10.3431
11.0295
11.7168
12.4054
13.0961
13.7894
14.4861
15.1871
15.8933
16.6058
17.3255
18.0527
18.7838
19.5
20.1124
10.3497
11.0493
11.7498
12.4518
13.1559
13.8628
14.5733
15.2884
16.009
16.7366
17.473
18.221
18.9868
19.7899
20.7155
10.356
11.0684
11.7817
12.4965
13.2136
13.9335
14.6573
15.3856
16.1198
16.8612
17.6122
18.3767
19.1637
19.9944
20.919
10.3622
11.0869
11.8125
12.5397
13.2692
14.0016
14.7378
15.4787
16.2253
16.979
17.7417
18.5167
19.31
20.1334
21.0046
10.3681
11.1047
11.8422
12.5812
13.3226
14.067
14.8151
15.5677
16.3258
17.0903
17.8625
18.6436
19.4352
20.2388
21.0545
10.3738
11.1218
11.8706
12.6211
13.3739
14.1296
14.889
15.6527
16.4216
17.1962
17.9769
18.7631
19.5519
20.3355
21.0991
10.3793
11.1382
11.898
12.6594
13.4231
14.1896
14.9597
15.734
16.5132
17.2976
18.0872
18.8804
19.6718
20.4459
21.1643
10.3845
11.1539
11.9242
12.696
13.4701
14.247
15.0274
15.8118
16.601
17.3953
18.1948
18.9988
19.8035
20.5946
21.3091
10.3895
11.1689
11.9492
12.7311
13.5151
14.3019
15.0921
15.8862
16.685
17.4891
18.2991
19.1164
19.9445
20.7963
21.7319
10.3943
11.1833
11.9732
12.7646
13.5581
14.3543
15.1538
15.9573
16.7652
17.5785
18.3981
19.2263
20.0687
20.9396
21.8746
10.3989
11.197
11.996
12.7965
13.5991
14.4043
15.2128
16.025
16.8416
17.6633
18.4909
19.3261
20.1727
21.0382
21.9352
10.4033
11.2101
12.0178
12.8269
13.6381
14.4519
15.2689
16.0896
16.9143
17.7437
18.5781
19.4179
20.2633
21.1146
21.9713
10.4074
11.2225
12.0384
12.8559
13.6753
14.4973
15.3224
16.151
16.9837
17.8205
18.6614
19.5054
20.3495
21.1869
22.0051
10.4113
11.2343
12.0581
12.8833
13.7106
14.5404
15.3732
16.2096
17.0499
17.8942
18.7423
19.5926
20.4402
21.2721
22.0567
10.415
11.2454
12.0766
12.9093
13.744
14.5812
15.4215
16.2653
17.1131
17.9652
18.8215
19.6814
20.5415
21.39
22.1747
10.4185
11.2559
12.0942
12.9338
13.7755
14.6198
15.4671
16.318
17.1731
18.0329
18.8981
19.7697
20.6507
21.5518
22.5227
10.4218
11.2658
12.1106
12.9569
13.8052
14.6561
15.5101
16.3678
17.2297
18.0967
18.9699
19.8512
20.7455
21.665
22.6389
10.4249
11.2751
12.1261
12.9785
13.833
14.6901
15.5503
16.4143
17.2826
18.1561
19.0357
19.9233
20.8225
21.7401
22.6866
10.4278
11.2837
12.1404
12.9987
13.8589
14.7218
15.5879
16.4577
17.3318
18.2109
19.0958
19.9873
20.8865
21.795
22.713
10.4305
11.2917
12.1537
13.0173
13.8829
14.7512
15.6226
16.4979
17.3774
18.2616
19.151
20.0455
20.9439
21.8428
22.735
10.4329
11.299
12.166
13.0344
13.905
14.7782
15.6547
16.5349
17.4194
18.3085
19.2025
20.1007
21.0006
21.895
22.7656
10.4351
11.3057
12.1771
13.0501
13.9251
14.8029
15.6839
16.5688
17.4579
18.3519
19.2508
20.1544
21.0609
21.9633
22.832
10.4371
11.3117
12.1871
13.0641
13.9433
14.8251
15.7104
16.5995
17.493
18.3916
19.2956
20.2059
21.1237
22.0546
23.0253
10.4389
11.317
12.196
13.0766
13.9594
14.845
15.7339
16.6269
17.5244
18.4272
19.336
20.2518
21.1771
22.1181
23.0899
10.4405
11.3217
12.2038
13.0876
13.9735
14.8623
15.7546
16.651
17.552
18.4585
19.3711
20.2908
21.2194
22.1598
23.1166
10.4418
11.3256
12.2105
13.0969
13.9856
14.8772
15.7723
16.6716
17.5757
18.4853
19.401
20.3235
21.2532
22.1899
23.1318
10.4429
11.3289
12.2159
13.1046
13.9955
14.8894
15.7869
16.6887
17.5953
18.5076
19.426
20.3509
21.2817
22.2161
23.1465
10.4437
11.3315
12.2202
13.1106
14.0033
14.899
15.7984
16.7021
17.6109
18.5254
19.4463
20.3738
21.3076
22.2448
23.1732
10.4443
11.3333
12.2233
13.1149
14.0089
14.906
15.8067
16.712
17.6223
18.5387
19.4617
20.392
21.3307
22.2794
23.2472
10.4447
11.3344
12.2252
13.1176
14.0124
14.9102
15.8118
16.718
17.6294
18.547
19.4717
20.4043
21.3465
22.3004
23.2708
10.4448
11.3348
12.2258
13.1185
14.0135
14.9117
15.8136
16.7202
17.6321
18.5503
19.4758
20.4098
21.3538
22.3096
23.2783
10.4447
11.3345
12.2252
13.1177
14.0125
14.9104
15.8121
16.7184
17.6302
18.5483
19.4738
20.4081
21.3527
22.3095
23.2789
10.4444
11.3334
12.2234
13.1151
14.0092
14.9063
15.8072
16.7127
17.6236
18.5408
19.4655
20.3989
21.3429
22.3004
23.2739
10.4438
11.3316
12.2204
13.1109
14.0037
14.8995
15.7991
16.7031
17.6125
18.5281
19.4508
20.382
21.3236
22.2797
23.2593
10.4429
11.3291
12.2162
13.1049
13.996
14.8899
15.7876
16.6897
17.5969
18.5101
19.43
20.3576
21.2939
22.2424
23.2192
10.4419
11.3259
12.2108
13.0973
13.9861
14.8777
15.7729
16.6724
17.5769
18.4872
19.4037
20.3268
21.2555
22.1851
23.0958
10.4406
11.322
12.2043
13.0881
13.9741
14.8629
15.7551
16.6515
17.5528
18.4597
19.3727
20.2919
21.2161
22.1406
23.0529
10.439
11.3174
12.1966
13.0773
13.9601
14.8455
15.7343
16.6271
17.5246
18.4277
19.337
20.2532
21.1762
22.1042
23.0321
10.4373
11.3122
12.1879
13.065
13.9441
14.8257
15.7105
16.5992
17.4924
18.3911
19.2964
20.2096
21.1326
22.0675
23.0152
10.4354
11.3064
12.1782
13.0513
13.9263
14.8036
15.684
16.5679
17.4562
18.3498
19.25
20.1589
21.0805
22.0216
22.9925
10.4333
11.3
12.1675
13.0362
13.9067
14.7793
15.6547
16.5334
17.4161
18.3037
19.1973
20.0992
21.0144
21.9548
22.9486
10.431
11.2931
12.156
13.0199
13.8854
14.753
15.623
16.496
17.3725
18.2531
19.1386
20.03
20.9306
21.8507
22.8382
10.4285
11.2857
12.1436
13.0024
13.8627
14.7248
15.5891
16.456
17.3259
18.199
19.0754
19.9543
20.8328
21.6994
22.5039
10.4259
11.2779
12.1304
12.9839
13.8386
14.6949
15.5532
16.4138
17.2768
18.1425
19.0103
19.8787
20.743
21.5909
22.3919
10.4232
11.2696
12.1166
12.9644
13.8133
14.6636
15.5156
16.3696
17.2258
18.0842
18.9445
19.8056
20.6645
21.5146
22.3442
10.4203
11.261
12.1022
12.944
13.7868
14.6309
15.4765
16.3238
17.173
18.0243
18.8779
19.7337
20.5918
21.4522
22.3144
10.4173
11.2521
12.0872
12.9229
13.7595
14.5971
15.4361
16.2765
17.1186
17.9627
18.8094
19.66
20.5174
21.3882
22.2838
10.4142
11.2428
12.0717
12.9011
13.7313
14.5623
15.3945
16.2279
17.0626
17.8992
18.7381
19.5812
20.4332
21.3068
22.2329
10.4111
11.2333
12.0558
12.8788
13.7024
14.5267
15.3519
16.178
17.0053
17.8337
18.6637
19.4961
20.3339
21.1886
22.1124
10.4078
11.2236
12.0396
12.8559
13.6728
14.4903
15.3085
16.1273
16.9469
17.767
18.5874
19.4069
20.2225
21.0222
21.7532
10.4045
11.2137
12.023
12.8327
13.6428
14.4533
15.2644
16.076
16.8879
17.7
18.5114
19.3203
20.1219
20.9031
21.6323
10.4012
11.2036
12.0062
12.8091
13.6123
14.4159
15.2199
16.0242
16.8287
17.6331
18.4369
19.2386
20.0352
20.8198
21.5808
10.3978
11.1934
11.9891
12.7852
13.5815
14.3781
15.175
15.9721
16.7694
17.5666
18.3636
19.1602
19.9566
20.7527
21.5488
10.3943
11.183
11.9719
12.761
13.5503
14.3399
15.1298
15.9198
16.7099
17.4999
18.2902
19.0818
19.8778
20.6853
21.5167
10.3908
11.1725
11.9544
12.7365
13.5189
14.3015
15.0844
15.8674
16.6502
17.4329
18.2158
19.0001
19.7908
20.6011
21.464
10.3873
11.1619
11.9367
12.7118
13.4872
14.2629
15.0388
15.8148
16.5905
17.3657
18.14
18.9139
19.6899
20.4802
21.3396
10.3837
11.1511
11.9188
12.6868
13.4552
14.224
14.9931
15.7622
16.5311
17.2988
18.0644
18.8258
19.5789
20.311
20.9682
10.38
11.1402
11.9006
12.6614
13.4228
14.1847
14.9471
15.7098
16.4722
17.2333
17.9914
18.7433
19.4822
20.1937
20.8452
10.3763
11.129
11.882
12.6356
13.3899
14.145
14.9009
15.6574
16.4139
17.1696
17.9226
18.6694
19.4044
20.1176
20.7961
10.3725
11.1176
11.8631
12.6093
13.3564
14.1047
14.8541
15.6048
16.3562
17.1077
17.8577
18.6037
19.3414
20.0654
20.7713
10.3685
11.1058
11.8436
12.5822
13.3221
14.0634
14.8064
15.5514
16.2982
17.0465
17.7955
18.5434
19.2878
20.0256
20.7553
10.3645
11.0937
11.8235
12.5543
13.2866
14.0208
14.7573
15.4966
16.2391
16.9848
17.7338
18.4853
19.2383
19.9912
20.7426
10.3603
11.0811
11.8026
12.5253
13.2497
13.9764
14.7061
15.4395
16.1774
16.9207
17.67
18.426
19.1888
19.9575
20.7305
10.3559
11.068
11.7808
12.495
13.2111
13.9299
14.6522
15.3792
16.1119
16.8521
17.6015
18.3619
19.1348
19.9207
20.7172
10.3514
11.0543
11.7581
12.4633
13.1706
13.8808
14.595
15.3146
16.0411
16.777
17.5251
18.2887
19.0716
19.8762
20.7007
10.3466
11.0401
11.7344
12.4301
13.128
13.8289
14.534
15.2449
15.9637
16.6933
17.4376
18.202
18.9931
19.8176
20.6774
10.3417
11.0253
11.7097
12.3954
13.0832
13.7739
14.4689
15.1697
15.8786
16.5992
17.3361
18.0966
18.8912
19.7342
20.6394
10.3366
11.0099
11.6839
12.3592
13.0362
13.7159
14.3995
15.0886
15.7854
16.4935
17.2179
17.9672
18.7554
19.6073
20.5656
10.3313
10.9941
11.6574
12.3216
12.9873
13.6552
14.3263
15.002
15.6842
16.3762
17.0824
17.8107
18.5751
19.4063
20.3903
21.5026
19.4167
17.6632
16.0581
14.5354
13.0651
11.6305
10.2212
8.8304
7.45332
6.08641
4.72697
3.37287
2.02235
0.673892
21.8782
19.8447
18.0437
16.3845
14.8145
13.3035
11.8335
10.393
8.97413
7.57143
6.18077
4.799
3.42362
2.05252
0.683905
22.0347
20.1111
18.3252
16.6489
15.0523
13.5131
12.0158
10.5495
9.10651
7.68106
6.26887
4.86654
3.47134
2.08095
0.693346
22.1133
20.2816
18.5304
16.8577
15.2501
13.6935
12.1764
10.6898
9.22655
7.78138
6.35002
4.92906
3.51566
2.10741
0.702144
22.1593
20.3957
18.6809
17.0211
15.4121
13.8463
12.3157
10.8136
9.33392
7.872
6.42387
4.98626
3.55637
2.13177
0.710253
22.1893
20.4756
18.7929
17.1489
15.5439
13.9743
12.4352
10.9216
9.42884
7.95292
6.49032
5.03802
3.59336
2.15396
0.71765
22.2103
20.5338
18.8778
17.2495
15.6509
14.0809
12.5368
11.0149
9.51193
8.02446
6.54953
5.08441
3.62664
2.17399
0.724331
22.2257
20.5773
18.9431
17.3291
15.7378
14.1694
12.6226
11.095
9.58408
8.08719
6.60183
5.12562
3.65633
2.19189
0.730314
22.2374
20.6107
18.9942
17.3926
15.8085
14.2428
12.6949
11.1634
9.64634
8.14181
6.64769
5.16194
3.6826
2.20778
0.73563
22.2464
20.6368
19.0346
17.4436
15.8663
14.3036
12.7556
11.2214
9.69978
8.18907
6.68763
5.19375
3.70569
2.22177
0.740318
22.2536
20.6575
19.0669
17.4849
15.9136
14.3541
12.8066
11.2707
9.74546
8.22977
6.72224
5.22143
3.72586
2.23402
0.744426
22.2592
20.674
19.093
17.5185
15.9525
14.396
12.8493
11.3123
9.78439
8.26467
6.75208
5.24541
3.74338
2.24469
0.748007
22.2638
20.6874
19.1141
17.546
15.9846
14.4308
12.8851
11.3474
9.81748
8.29452
6.77772
5.26608
3.75853
2.25393
0.751113
22.2675
20.6983
19.1314
17.5686
16.0111
14.4598
12.9151
11.3771
9.84554
8.31996
6.79967
5.28385
3.77159
2.26191
0.753796
22.2705
20.7072
19.1456
17.5872
16.0331
14.484
12.9402
11.4021
9.86932
8.34161
6.81841
5.29907
3.7828
2.26877
0.756104
22.273
20.7145
19.1573
17.6027
16.0514
14.5041
12.9613
11.4231
9.88945
8.36001
6.8344
5.31207
3.7924
2.27465
0.758086
22.2751
20.7206
19.167
17.6155
16.0666
14.521
12.9791
11.4409
9.90647
8.37562
6.848
5.32317
3.8006
2.27968
0.759782
22.2768
20.7256
19.1751
17.6261
16.0793
14.5352
12.994
11.4559
9.92087
8.38886
6.85956
5.33262
3.8076
2.28398
0.761231
22.2782
20.7298
19.1818
17.6351
16.09
14.547
13.0065
11.4685
9.93306
8.40009
6.86939
5.34067
3.81357
2.28765
0.762469
22.2794
20.7332
19.1874
17.6425
16.0989
14.557
13.0171
11.4792
9.94338
8.40962
6.87775
5.34753
3.81866
2.29078
0.763526
22.2804
20.7362
19.1922
17.6488
16.1065
14.5655
13.026
11.4882
9.95214
8.41773
6.88487
5.35337
3.823
2.29346
0.764428
22.2812
20.7386
19.1961
17.6541
16.1128
14.5726
13.0336
11.4959
9.95959
8.42463
6.89093
5.35836
3.82671
2.29574
0.7652
22.2819
20.7407
19.1995
17.6586
16.1182
14.5787
13.04
11.5024
9.96595
8.43053
6.89613
5.36263
3.82989
2.2977
0.765862
22.2826
20.7425
19.2024
17.6625
16.1229
14.5839
13.0456
11.5081
9.97141
8.4356
6.9006
5.36631
3.83263
2.29939
0.766433
22.2831
20.7441
19.2049
17.6658
16.1269
14.5883
13.0503
11.5129
9.97614
8.43999
6.90447
5.3695
3.835
2.30086
0.766928
22.2835
20.7454
19.2071
17.6687
16.1303
14.5923
13.0545
11.5172
9.98026
8.44383
6.90785
5.37229
3.83708
2.30214
0.767361
22.2839
20.7466
19.209
17.6712
16.1334
14.5957
13.0582
11.5209
9.98392
8.44723
6.91085
5.37476
3.83892
2.30327
0.767744
22.2843
20.7477
19.2107
17.6735
16.1362
14.5988
13.0615
11.5243
9.98721
8.45029
6.91354
5.37698
3.84057
2.30429
0.768089
22.2846
20.7487
19.2123
17.6757
16.1388
14.6017
13.0646
11.5274
9.99024
8.45309
6.91602
5.37901
3.84209
2.30523
0.768405
22.285
20.7496
19.2138
17.6777
16.1412
14.6045
13.0675
11.5303
9.99308
8.45573
6.91834
5.38092
3.84351
2.3061
0.7687
22.2853
20.7505
19.2153
17.6797
16.1436
14.6071
13.0703
11.5332
9.99584
8.45828
6.92057
5.38276
3.84487
2.30694
0.768983
22.2856
20.7515
19.2169
17.6817
16.146
14.6098
13.0731
11.536
9.99858
8.46081
6.92278
5.38457
3.84621
2.30776
0.769261
22.2859
20.7525
19.2185
17.6838
16.1485
14.6126
13.0761
11.539
10.0014
8.46338
6.92502
5.3864
3.84757
2.3086
0.769541
22.2863
20.7536
19.2202
17.6861
16.1512
14.6156
13.0792
11.5421
10.0043
8.46607
6.92736
5.38829
3.84896
2.30945
0.769829
22.2867
20.7548
19.2222
17.6887
16.1543
14.6189
13.0826
11.5454
10.0075
8.46895
6.92984
5.3903
3.85044
2.31035
0.770131
22.2872
20.7563
19.2245
17.6916
16.1577
14.6226
13.0864
11.5492
10.011
8.47208
6.93252
5.39245
3.85201
2.31131
0.770454
22.2878
20.758
19.2272
17.6951
16.1617
14.6269
13.0907
11.5533
10.0149
8.47553
6.93545
5.39479
3.85372
2.31234
0.7708
22.2885
20.7601
19.2304
17.6993
16.1664
14.6318
13.0957
11.5581
10.0192
8.47936
6.93867
5.39735
3.85557
2.31347
0.771175
22.2894
20.7627
19.2345
17.7043
16.172
14.6377
13.1014
11.5635
10.0241
8.48364
6.94224
5.40016
3.85759
2.31468
0.771582
22.2906
20.7661
19.2396
17.7106
16.1789
14.6447
13.1082
11.5697
10.0297
8.48842
6.94618
5.40324
3.85979
2.316
0.772022
22.2922
20.7705
19.2461
17.7184
16.1873
14.653
13.116
11.5769
10.036
8.49374
6.95052
5.40659
3.86217
2.31742
0.772495
22.2943
20.7764
19.2547
17.7284
16.1976
14.663
13.1253
11.5851
10.043
8.49962
6.95526
5.41022
3.86472
2.31894
0.772998
22.2974
20.7846
19.2661
17.7412
16.2104
14.675
13.136
11.5943
10.0508
8.50605
6.96036
5.41408
3.86743
2.32054
0.773525
22.3021
20.7965
19.2817
17.7577
16.2262
14.6892
13.1483
11.6048
10.0594
8.51297
6.96577
5.41813
3.87023
2.32219
0.774069
22.3099
20.8145
19.3034
17.7792
16.2456
14.7059
13.1623
11.6162
10.0687
8.52027
6.9714
5.42229
3.87309
2.32385
0.774618
22.3247
20.843
19.334
17.8069
16.269
14.7251
13.1777
11.6285
10.0784
8.52778
6.97709
5.42644
3.87591
2.32549
0.775154
22.3576
20.8902
19.3768
17.8417
16.2965
14.7464
13.1943
11.6413
10.0882
8.53524
6.98264
5.43044
3.8786
2.32704
0.77566
22.444
20.969
19.4345
17.8833
16.3269
14.7691
13.2112
11.654
10.0977
8.54233
6.98783
5.43412
3.88104
2.32843
0.776113
22.7095
21.0889
19.5034
17.9283
16.3582
14.7915
13.2275
11.666
10.1065
8.54868
6.99238
5.43727
3.8831
2.3296
0.776488
22.8591
21.1842
19.5648
17.9695
16.3868
14.8117
13.242
11.6763
10.1138
8.55389
6.99599
5.43971
3.88465
2.33045
0.77676
22.91
21.2406
19.6091
18.0019
16.4098
14.828
13.2535
11.6843
10.1193
8.55755
6.99838
5.44121
3.88554
2.33092
0.776905
22.929
21.2703
19.6364
18.0233
16.4255
14.8391
13.261
11.6892
10.1223
8.5593
6.99928
5.4416
3.88566
2.33093
0.776897
22.9353
21.2826
19.649
18.0337
16.4332
14.8441
13.2639
11.6905
10.1225
8.55883
6.99847
5.44072
3.88489
2.33041
0.776717
22.9335
21.2811
19.6486
18.0336
16.4326
14.8428
13.2618
11.6879
10.1196
8.5559
6.99576
5.43841
3.88314
2.32932
0.776345
22.9209
21.2655
19.6359
18.0235
16.4241
14.8351
13.2546
11.6812
10.1134
8.55037
6.99101
5.43458
3.88033
2.3276
0.775768
22.8821
21.2315
19.6108
18.0042
16.4081
14.8213
13.2424
11.6703
10.1039
8.54212
6.98415
5.42915
3.87641
2.32523
0.774975
22.7595
21.1766
19.5757
17.9771
16.3855
14.8017
13.2253
11.6553
10.0909
8.53112
6.97511
5.4221
3.87135
2.32219
0.773959
22.7172
21.1337
19.5387
17.945
16.3573
14.7769
13.2034
11.6363
10.0746
8.51737
6.9639
5.41339
3.86514
2.31846
0.772717
22.6968
21.0985
19.5006
17.9084
16.3238
14.7469
13.177
11.6134
10.0549
8.50091
6.95053
5.40305
3.85778
2.31405
0.771249
22.6802
21.0626
19.4582
17.8662
16.2847
14.7118
13.1462
11.5866
10.0321
8.48182
6.93506
5.3911
3.84929
2.30898
0.76956
22.6577
21.0173
19.4069
17.8166
16.2394
14.6716
13.1109
11.5561
10.0061
8.46017
6.91755
5.3776
3.8397
2.30325
0.767653
22.6139
20.9508
19.3414
17.7575
16.1874
14.6261
13.0714
11.5221
9.9772
8.43609
6.89808
5.3626
3.82906
2.29689
0.765538
22.5036
20.8469
19.2578
17.6886
16.129
14.5758
13.028
11.4848
9.94554
8.40972
6.87678
5.34618
3.81741
2.28993
0.763223
22.1693
20.6956
19.1601
17.6129
16.0658
14.5216
12.9812
11.4446
9.91136
8.38124
6.85375
5.32843
3.80481
2.2824
0.760718
22.0573
20.587
19.0701
17.537
16.0003
14.4646
12.9316
11.4018
9.8749
8.35081
6.82912
5.30943
3.79131
2.27433
0.758035
22.0095
20.5104
18.9912
17.4633
15.9338
14.4055
12.8797
11.3567
9.83639
8.3186
6.803
5.28926
3.77698
2.26576
0.755182
21.9795
20.4477
18.9179
17.3906
15.8661
14.3445
12.8257
11.3096
9.796
8.28474
6.77551
5.268
3.76186
2.25672
0.752171
21.9487
20.3832
18.8425
17.3157
15.7963
14.2813
12.7696
11.2605
9.75385
8.24935
6.74673
5.24572
3.746
2.24722
0.74901
21.8976
20.301
18.7573
17.2355
15.7232
14.2157
12.7114
11.2096
9.71008
8.21253
6.71675
5.22248
3.72944
2.2373
0.745706
21.7768
20.182
18.6565
17.1484
15.6465
14.1477
12.6513
11.157
9.66478
8.17436
6.68562
5.19832
3.71221
2.22697
0.742264
21.4172
20.0144
18.5433
17.0569
15.5673
14.0778
12.5895
11.1029
9.61805
8.13491
6.65339
5.17328
3.69433
2.21624
0.738688
21.2959
19.894
18.4405
16.9674
15.4878
14.0068
12.5265
11.0474
9.56999
8.09424
6.62008
5.14735
3.6758
2.20512
0.734978
21.2438
19.809
18.3512
16.8822
15.4091
13.9353
12.4623
10.9906
9.52062
8.05234
6.58571
5.12054
3.65661
2.19359
0.731131
21.2112
19.7399
18.2693
16.7995
15.3306
13.863
12.3969
10.9325
9.46994
8.0092
6.55021
5.09281
3.63673
2.18163
0.727142
21.1781
19.6701
18.1866
16.7158
15.2511
13.7895
12.3302
10.873
9.41783
7.96471
6.51354
5.0641
3.61612
2.16923
0.723
21.1245
19.5829
18.0948
16.6278
15.1691
13.7142
12.2619
10.8119
9.36418
7.91877
6.47556
5.03432
3.59471
2.15633
0.71869
20.9988
19.4583
17.988
16.5338
15.0843
13.637
12.1918
10.749
9.30879
7.87119
6.43613
5.00334
3.57241
2.14287
0.714195
20.6258
19.2846
17.8698
16.4364
14.9977
13.5581
12.1199
10.6842
9.25142
7.82175
6.39505
4.97099
3.54909
2.1288
0.70949
20.501
19.1616
17.7643
16.3424
14.9114
13.4781
12.0462
10.6172
9.19177
7.77014
6.35205
4.93707
3.52462
2.11402
0.704546
20.4495
19.0787
17.6757
16.2546
14.8263
13.3971
11.9702
10.5475
9.12938
7.71595
6.30681
4.90134
3.49881
2.09842
0.69933
20.4217
19.0179
17.5992
16.1717
14.7418
13.3141
11.8913
10.4744
9.06362
7.65869
6.25893
4.86349
3.47147
2.0819
0.693804
20.402
18.9672
17.5287
16.0901
14.6555
13.2277
11.808
10.3968
8.99368
7.59773
6.20795
4.82322
3.44239
2.06433
0.687928
20.3844
18.9188
17.458
16.0055
14.5643
13.1353
11.7187
10.3136
8.91862
7.53239
6.15339
4.78017
3.41134
2.04559
0.681663
20.3658
18.867
17.3811
15.913
14.4643
13.0343
11.6213
10.2231
8.83738
7.46192
6.09474
4.73401
3.37811
2.02556
0.67497
20.3438
18.8058
17.2916
15.8068
14.351
12.9212
11.5134
10.1238
8.74887
7.38561
6.03151
4.68443
3.34251
2.00413
0.667818
20.3147
18.7278
17.1816
15.6802
14.2196
12.7927
11.3928
10.0142
8.65212
7.30283
5.96334
4.6312
3.30441
1.98125
0.660186
20.2721
18.6214
17.0401
15.5252
14.0644
12.6452
11.2573
9.89296
8.54637
7.21316
5.88997
4.5742
3.26375
1.95688
0.652068
20.2011
18.4665
16.8522
15.3324
13.8803
12.4758
11.1052
9.75925
8.43122
7.11642
5.81137
4.51344
3.22056
1.93105
0.643474
20.0614
18.2278
16.5984
15.0925
13.6628
12.2826
10.936
9.61294
8.30676
7.01281
5.72775
4.44911
3.17499
1.90386
0.634435
19.7277
17.847
16.2587
14.7994
13.4107
12.0659
10.7502
9.45478
8.17369
6.90292
5.63959
4.38159
3.1273
1.87546
0.625002
10.3254
10.9762
11.6273
12.2791
12.9317
13.5858
14.2421
14.9015
15.5654
16.236
16.9163
17.6106
18.3254
19.0683
19.8376
10.3188
10.9563
11.5939
12.2317
12.8696
13.5079
14.1469
14.7871
15.429
16.0732
16.7207
17.3716
18.0247
18.6727
19.2917
10.3122
10.9364
11.5604
12.184
12.8069
13.4291
14.0505
14.6708
15.2899
15.9071
16.5213
17.1303
17.7287
18.3057
18.8402
10.3056
10.9167
11.5272
12.1368
12.7449
13.3511
13.955
14.5557
15.1524
15.7436
16.3271
16.8992
17.4538
17.9809
18.4658
10.2993
10.8976
11.495
12.0909
12.6846
13.2754
13.8624
14.4444
15.0201
15.5876
16.144
16.6854
17.206
17.6981
18.1517
10.2932
10.8793
11.4642
12.0471
12.6272
13.2033
13.7745
14.3393
14.896
15.4424
15.9757
16.4921
16.9866
17.4534
17.8858
10.2875
10.8622
11.4354
12.0062
12.5735
13.1362
13.6929
14.2421
14.782
15.3102
15.8241
16.3203
16.7947
17.2429
17.6602
10.2823
10.8464
11.4089
11.9686
12.5243
13.0748
13.6187
14.1541
14.6794
15.1922
15.69
16.17
16.6287
17.0629
17.469
10.2776
10.8323
11.3851
11.9349
12.4804
13.0201
13.5526
14.0762
14.589
15.0889
15.5736
16.0406
16.4871
16.9105
17.3083
10.2735
10.8199
11.3643
11.9055
12.442
12.9725
13.4954
14.0089
14.5113
15.0006
15.4748
15.9315
16.3685
16.7836
17.1749
10.27
10.8094
11.3467
11.8806
12.4097
12.9324
13.4473
13.9526
14.4466
14.9274
15.3931
15.8418
16.2714
16.6802
17.0666
10.2672
10.8009
11.3324
11.8605
12.3836
12.9001
13.4086
13.9074
14.3948
14.869
15.3283
15.7709
16.195
16.5991
16.9817
10.265
10.7944
11.3217
11.8453
12.3638
12.8758
13.3795
13.8735
14.356
14.8254
15.28
15.7182
16.1383
16.539
16.9191
10.2636
10.7901
11.3144
11.8351
12.3506
12.8595
13.3601
13.8509
14.3302
14.7965
15.248
15.6833
16.1009
16.4994
16.8778
10.2629
10.788
11.3108
11.83
12.344
12.8513
13.3504
13.8396
14.3173
14.782
15.2321
15.666
16.0823
16.4797
16.8573
20.4903
20.7106
20.8122
20.8699
20.9083
20.9366
20.9588
20.9769
20.992
21.005
21.0163
21.0261
21.0349
21.0426
21.0495
21.0558
21.0614
21.0664
21.071
21.0751
21.0788
21.0822
21.0853
21.0881
21.0906
21.0929
21.0949
21.0968
21.0985
21.1
21.1013
21.1025
21.1035
21.1044
21.1052
21.1059
21.1065
21.1069
21.1072
21.1075
21.1076
21.1076
21.1076
21.1074
21.1071
21.1068
21.1063
21.1057
21.105
21.1042
21.1032
21.1021
21.1009
21.0995
21.098
21.0963
21.0944
21.0922
21.0899
21.0873
21.0845
21.0814
21.078
21.0743
21.0701
21.0656
21.0607
21.0552
21.0493
21.0427
21.0355
21.0275
21.0188
21.0091
20.9984
20.9865
20.9733
20.9585
20.9419
20.9231
20.9017
20.8769
20.848
20.8136
20.7713
20.7175
20.6443
20.5342
20.3404
19.9199
19.7724
20.0671
20.2641
20.4019
20.5039
20.5829
20.6465
20.6991
20.7436
20.7819
20.8152
20.8444
20.8703
20.8934
20.914
20.9325
20.9492
20.9642
20.9778
20.9902
21.0013
21.0114
21.0206
21.0289
21.0365
21.0433
21.0494
21.055
21.06
21.0645
21.0685
21.072
21.0751
21.0779
21.0802
21.0822
21.0839
21.0852
21.0862
21.0869
21.0873
21.0874
21.0872
21.0867
21.0859
21.0848
21.0834
21.0816
21.0795
21.077
21.0742
21.0709
21.0673
21.0631
21.0585
21.0534
21.0477
21.0414
21.0344
21.0268
21.0183
21.009
20.9988
20.9876
20.9753
20.9618
20.947
20.9308
20.913
20.8934
20.8718
20.8481
20.822
20.7931
20.7612
20.7259
20.6865
20.6425
20.5932
20.5375
20.474
20.4012
20.3164
20.2162
20.0951
19.9446
19.7505
19.4877
19.1121
18.55
19.259
19.5638
19.8006
19.9854
20.132
20.251
20.3495
20.4326
20.5038
20.5655
20.6195
20.6671
20.7094
20.7472
20.7811
20.8115
20.8389
20.8637
20.8862
20.9065
20.9249
20.9416
20.9568
20.9705
20.9829
20.9942
21.0044
21.0136
21.0218
21.0292
21.0358
21.0417
21.0469
21.0514
21.0553
21.0586
21.0613
21.0635
21.0652
21.0664
21.067
21.0672
21.0669
21.066
21.0647
21.0629
21.0605
21.0576
21.0541
21.05
21.0453
21.0399
21.0339
21.027
21.0194
21.0109
21.0015
20.991
20.9795
20.9668
20.9529
20.9375
20.9207
20.9021
20.8818
20.8595
20.8351
20.8082
20.7788
20.7464
20.7109
20.6718
20.6287
20.5812
20.5287
20.4705
20.4059
20.3339
20.2532
20.1624
20.0596
19.9422
19.8067
19.6484
19.4608
19.2343
18.955
18.6031
18.1518
17.5709
18.8548
19.1579
19.4119
19.6232
19.7996
19.9481
20.0744
20.183
20.2773
20.3598
20.4325
20.4971
20.5547
20.6063
20.6526
20.6944
20.7321
20.7662
20.7971
20.8251
20.8505
20.8736
20.8945
20.9135
20.9307
20.9463
20.9604
20.9731
20.9845
20.9947
21.0039
21.012
21.0191
21.0254
21.0308
21.0353
21.0391
21.0422
21.0445
21.0461
21.047
21.0473
21.0468
21.0457
21.0438
21.0413
21.038
21.034
21.0291
21.0235
21.017
21.0095
21.0011
20.9916
20.9811
20.9693
20.9563
20.9418
20.9259
20.9083
20.889
20.8678
20.8444
20.8188
20.7907
20.7599
20.7261
20.689
20.6483
20.6037
20.5546
20.5007
20.4414
20.376
20.3038
20.224
20.1356
20.0372
19.9274
19.8044
19.6658
19.5087
19.3293
19.1226
18.8822
18.5995
18.2637
17.8614
17.3777
16.8003
18.5229
18.8225
19.0843
19.311
19.507
19.6768
19.8244
19.9536
20.0672
20.1677
20.257
20.3368
20.4082
20.4725
20.5304
20.5827
20.63
20.6729
20.7118
20.7471
20.7791
20.8082
20.8347
20.8587
20.8804
20.9001
20.9179
20.934
20.9484
20.9614
20.9729
20.9832
20.9923
21.0002
21.007
21.0128
21.0176
21.0215
21.0244
21.0264
21.0276
21.0279
21.0273
21.0259
21.0235
21.0203
21.0162
21.011
21.0049
20.9978
20.9895
20.9801
20.9694
20.9574
20.9441
20.9292
20.9127
20.8944
20.8742
20.852
20.8275
20.8006
20.7711
20.7387
20.7032
20.6642
20.6214
20.5746
20.5232
20.4668
20.405
20.337
20.2623
20.1801
20.0896
19.9896
19.8791
19.7566
19.6203
19.4684
19.2983
19.107
18.8907
18.6449
18.3639
18.0409
17.6679
17.2364
16.7381
16.1678
18.2451
18.5413
18.8067
19.0428
19.2519
19.4369
19.6007
19.7462
19.8756
19.9913
20.0949
20.1879
20.2717
20.3474
20.4158
20.4777
20.5339
20.5849
20.6312
20.6733
20.7116
20.7463
20.7779
20.8066
20.8326
20.8562
20.8775
20.8967
20.9141
20.9296
20.9435
20.9558
20.9666
20.9761
20.9843
20.9912
20.997
21.0016
21.0052
21.0076
21.009
21.0094
21.0087
21.0069
21.0041
21.0002
20.9953
20.9891
20.9818
20.9732
20.9633
20.952
20.9392
20.9248
20.9088
20.8909
20.8711
20.8492
20.825
20.7984
20.7691
20.7368
20.7015
20.6627
20.6201
20.5734
20.5223
20.4662
20.4048
20.3375
20.2636
20.1826
20.0937
19.9959
19.8884
19.7701
19.6395
19.4952
19.3355
19.1582
18.9609
18.7408
18.4944
18.2176
17.9059
17.5539
17.1562
16.7071
16.2021
15.6386
18.0109
18.304
18.5712
18.8131
19.031
19.227
19.4031
19.5613
19.7037
19.8319
19.9475
20.052
20.1466
20.2323
20.3101
20.3807
20.4449
20.5032
20.5563
20.6046
20.6486
20.6886
20.7249
20.758
20.788
20.8151
20.8397
20.8619
20.8819
20.8998
20.9158
20.93
20.9425
20.9535
20.9629
20.971
20.9776
20.983
20.987
20.9899
20.9915
20.9919
20.9911
20.9891
20.9858
20.9814
20.9756
20.9685
20.96
20.9501
20.9387
20.9256
20.9109
20.8943
20.8757
20.8551
20.8322
20.8069
20.779
20.7482
20.7144
20.6772
20.6364
20.5916
20.5425
20.4887
20.4298
20.3652
20.2945
20.2171
20.1322
20.0392
19.9373
19.8254
19.7026
19.5676
19.4192
19.2557
19.0754
18.8764
18.6561
18.4121
18.1413
17.8403
17.5053
17.1325
16.7179
16.2579
15.7499
15.1924
17.8133
18.1038
18.3717
18.6174
18.8415
19.0456
19.2309
19.3991
19.5517
19.6901
19.8158
19.9301
20.0339
20.1283
20.2143
20.2925
20.3638
20.4288
20.4879
20.5418
20.591
20.6357
20.6763
20.7133
20.7469
20.7774
20.8049
20.8298
20.8522
20.8723
20.8903
20.9063
20.9203
20.9326
20.9432
20.9522
20.9597
20.9657
20.9703
20.9735
20.9753
20.9757
20.9748
20.9726
20.969
20.9639
20.9574
20.9495
20.9399
20.9288
20.9159
20.9013
20.8847
20.8661
20.8453
20.8221
20.7964
20.768
20.7366
20.7021
20.6641
20.6224
20.5766
20.5263
20.4713
20.411
20.345
20.2727
20.1936
20.107
20.0122
19.9084
19.7947
19.6702
19.5338
19.3843
19.2202
19.04
18.8422
18.6246
18.3852
18.1217
17.8313
17.5114
17.1589
16.771
16.3447
15.8777
15.3684
14.8161
17.6475
17.9359
18.2041
18.4522
18.6807
18.8906
19.083
19.2589
19.4196
19.5664
19.7004
19.8227
19.9343
20.0361
20.1291
20.214
20.2915
20.3622
20.4267
20.4856
20.5392
20.5881
20.6327
20.6732
20.71
20.7434
20.7736
20.8009
20.8255
20.8476
20.8673
20.8848
20.9002
20.9137
20.9254
20.9353
20.9435
20.9501
20.9551
20.9586
20.9606
20.9611
20.9601
20.9576
20.9536
20.9481
20.941
20.9322
20.9218
20.9095
20.8954
20.8793
20.8611
20.8406
20.8177
20.7923
20.7641
20.7328
20.6984
20.6605
20.6188
20.573
20.5227
20.4676
20.4072
20.3411
20.2688
20.1896
20.103
20.0082
19.9046
19.7913
19.6674
19.5319
19.3836
19.2214
19.0438
18.8495
18.6368
18.4039
18.1488
17.8694
17.5636
17.229
16.8633
16.4642
16.0298
15.5582
15.0486
14.5005
17.5103
17.7969
18.0651
18.3148
18.5465
18.7607
18.9583
19.1402
19.3073
19.4607
19.6014
19.7302
19.8483
19.9564
20.0553
20.1457
20.2285
20.3041
20.3732
20.4363
20.4939
20.5465
20.5944
20.6379
20.6775
20.7135
20.746
20.7755
20.802
20.8257
20.847
20.8659
20.8825
20.8971
20.9097
20.9203
20.9292
20.9363
20.9417
20.9455
20.9476
20.9482
20.9471
20.9444
20.9401
20.9342
20.9265
20.917
20.9057
20.8925
20.8773
20.8599
20.8402
20.8182
20.7935
20.766
20.7356
20.7019
20.6648
20.6239
20.5789
20.5296
20.4754
20.416
20.351
20.2798
20.2019
20.1168
20.0236
19.9219
19.8107
19.6891
19.5564
19.4114
19.2531
19.0801
18.8913
18.6852
18.4602
18.2146
17.9468
17.6549
17.337
16.9911
16.6154
16.2082
15.7678
15.2933
14.7838
14.2392
17.399
17.6842
17.9523
18.2031
18.437
18.6544
18.856
19.0423
19.2144
19.373
19.5189
19.6531
19.7763
19.8894
19.9932
20.0882
20.1753
20.255
20.328
20.3947
20.4556
20.5111
20.5618
20.608
20.65
20.6881
20.7226
20.7538
20.7819
20.8072
20.8297
20.8498
20.8675
20.8829
20.8962
20.9076
20.917
20.9245
20.9303
20.9343
20.9366
20.9371
20.936
20.9332
20.9286
20.9222
20.9141
20.904
20.8921
20.878
20.8618
20.8434
20.8225
20.799
20.7728
20.7437
20.7114
20.6756
20.6362
20.5928
20.545
20.4926
20.4352
20.3722
20.3032
20.2277
20.1452
20.055
19.9564
19.8487
19.7311
19.6027
19.4626
19.3098
19.1431
18.9614
18.7633
18.5476
18.3127
18.0571
17.7793
17.4775
17.1503
16.7958
16.4126
15.9994
15.5549
15.0783
14.5691
14.0274
17.3119
17.596
17.8639
18.1155
18.3509
18.5706
18.7751
18.9648
19.1406
19.3031
19.4531
19.5913
19.7186
19.8356
19.9431
20.0419
20.1324
20.2154
20.2914
20.3609
20.4244
20.4825
20.5354
20.5837
20.6276
20.6674
20.7035
20.7362
20.7656
20.792
20.8156
20.8366
20.8552
20.8713
20.8853
20.8972
20.907
20.9149
20.921
20.9252
20.9275
20.9281
20.927
20.924
20.9192
20.9125
20.904
20.8935
20.8809
20.8662
20.8492
20.8299
20.808
20.7835
20.756
20.7255
20.6916
20.6542
20.6129
20.5674
20.5175
20.4626
20.4024
20.3365
20.2644
20.1854
20.0991
20.0048
19.9018
19.7894
19.6667
19.5328
19.3868
19.2278
19.0545
18.8658
18.6605
18.4372
18.1946
17.9313
17.6458
17.3366
17.0023
16.6415
16.2529
15.8353
15.3879
14.9099
14.4012
13.8616
17.2477
17.531
17.7987
18.0507
18.2873
18.5085
18.715
18.9071
19.0855
19.2508
19.4037
19.5449
19.6752
19.7951
19.9054
20.0069
20.1
20.1854
20.2636
20.3353
20.4009
20.4607
20.5154
20.5652
20.6105
20.6517
20.689
20.7228
20.7532
20.7805
20.805
20.8267
20.8458
20.8625
20.877
20.8893
20.8995
20.9076
20.9139
20.9182
20.9207
20.9213
20.9201
20.917
20.912
20.9051
20.8963
20.8854
20.8724
20.8572
20.8397
20.8196
20.797
20.7716
20.7432
20.7116
20.6766
20.6379
20.5952
20.5482
20.4965
20.4398
20.3776
20.3095
20.2349
20.1534
20.0642
19.9668
19.8605
19.7445
19.6179
19.4799
19.3296
19.1658
18.9876
18.7937
18.5831
18.3543
18.1061
17.8371
17.546
17.2315
16.8922
16.5269
16.1344
15.7139
15.2644
14.7857
14.2772
13.7393
17.2053
17.4881
17.7557
18.008
18.2452
18.4675
18.6752
18.8689
19.049
19.2161
19.3709
19.514
19.6462
19.768
19.8802
19.9834
20.0782
20.1653
20.2451
20.3181
20.385
20.4461
20.5019
20.5528
20.5991
20.6412
20.6793
20.7138
20.7449
20.7728
20.7977
20.8199
20.8395
20.8566
20.8714
20.8839
20.8944
20.9027
20.9091
20.9135
20.916
20.9167
20.9154
20.9123
20.9072
20.9002
20.8911
20.88
20.8667
20.8511
20.8332
20.8127
20.7896
20.7636
20.7346
20.7023
20.6665
20.6269
20.5833
20.5352
20.4824
20.4244
20.3609
20.2913
20.2151
20.1318
20.0407
19.9413
19.8327
19.7143
19.5852
19.4444
19.2911
19.1243
18.9428
18.7456
18.5313
18.2989
18.047
17.7744
17.4797
17.1617
16.8192
16.451
16.0561
15.6337
15.183
14.7037
14.1956
13.6587
17.1843
17.4668
17.7343
17.9868
18.2243
18.4471
18.6554
18.8498
19.0308
19.1988
19.3545
19.4986
19.6317
19.7545
19.8676
19.9717
20.0673
20.1552
20.2357
20.3095
20.3771
20.4388
20.4952
20.5466
20.5934
20.6359
20.6744
20.7093
20.7407
20.7689
20.7941
20.8166
20.8363
20.8536
20.8686
20.8813
20.8918
20.9002
20.9067
20.9112
20.9137
20.9143
20.9131
20.9099
20.9048
20.8977
20.8885
20.8773
20.8638
20.8481
20.83
20.8093
20.7859
20.7596
20.7303
20.6976
20.6614
20.6214
20.5773
20.5287
20.4753
20.4167
20.3525
20.2821
20.2051
20.1209
20.0289
19.9285
19.8188
19.6992
19.5687
19.4266
19.2719
19.1035
18.9204
18.7214
18.5054
18.2712
18.0175
17.7431
17.4466
17.1269
16.7828
16.4132
16.0172
15.5938
15.1426
14.663
14.155
13.6187
18.6736
17.2044
15.7863
14.4229
13.0998
11.805
10.5303
9.2697
8.01931
6.77626
5.53846
4.3044
3.07292
1.84312
0.614273
17.6329
16.4519
15.2161
13.9715
12.7319
11.5003
10.2759
9.05742
7.84341
6.63269
5.4243
4.21754
3.01186
1.80687
0.60225
16.7725
15.7537
14.6543
13.5148
12.356
11.188
10.0154
8.84048
7.66407
6.48665
5.30841
4.12951
2.95006
1.77021
0.590097
16.0594
15.136
14.1324
13.077
11.989
10.88
9.75716
8.62481
7.4856
6.34129
5.19309
4.04194
2.88861
1.73376
0.578018
15.4612
14.598
13.6619
12.6717
11.6426
10.5856
9.50823
8.41583
7.31209
6.19968
5.08061
3.95648
2.82861
1.69817
0.566223
14.9552
14.1327
13.2451
12.3051
11.324
10.3113
9.27416
8.21803
7.1471
6.06461
4.9731
3.87468
2.77113
1.66406
0.554915
14.5257
13.7323
12.8805
11.9792
11.0369
10.0613
9.05886
8.03486
6.99355
5.93843
4.8724
3.79791
2.71713
1.63199
0.544278
14.1619
13.39
12.5653
11.694
10.7828
9.8379
8.86496
7.86882
6.85366
5.82305
4.78005
3.72738
2.66744
1.60245
0.534478
13.8559
13.1004
12.2963
11.4485
10.5621
9.64238
8.69407
7.72166
6.7291
5.71992
4.69729
3.66403
2.62274
1.57586
0.525651
13.6021
12.859
12.0709
11.2414
10.3747
9.47519
8.54712
7.59448
6.62101
5.63015
4.62505
3.60863
2.5836
1.55255
0.517911
13.3961
12.6625
11.8865
11.0711
10.2198
9.3364
8.42456
7.48799
6.53019
5.5545
4.56403
3.56175
2.55045
1.53279
0.511346
13.2347
12.5082
11.7413
10.9365
10.0969
9.22583
8.32657
7.40256
6.45714
5.4935
4.51475
3.52383
2.5236
1.51677
0.506024
13.1155
12.3941
11.6337
10.8365
10.0054
9.14322
8.25316
7.33841
6.40215
5.44751
4.47753
3.49517
2.50328
1.50465
0.501994
13.0369
12.3188
11.5626
10.7703
9.94465
9.08831
8.20428
7.29562
6.36542
5.41675
4.45261
3.47596
2.48966
1.49651
0.49929
12.9979
12.2814
11.5272
10.7374
9.91438
9.06091
8.17986
7.27422
6.34704
5.40134
4.44012
3.46632
2.48282
1.49243
0.497933
)
;

boundaryField
{
    hot
    {
        type            fixedValue;
        value           uniform 10;
    }
    cold
    {
        type            fixedValue;
        value           uniform 0;
    }
    interface_left
    {
        type            fixedValue;
        value           nonuniform List<scalar> 
90
(
16.0937
16.0937
16.0937
16.0937
16.0937
16.0937
16.0937
16.0937
16.0937
18.297
18.297
18.297
18.297
18.297
18.297
18.297
20.1308
20.1308
20.1308
20.1308
20.1308
20.1308
21.4613
21.4613
21.4613
21.4613
21.4613
21.4613
21.4613
22.3963
22.3963
22.3963
22.3963
22.3963
22.3963
22.3963
23.1698
23.1698
23.1698
23.1698
23.1698
23.1698
23.1698
23.5978
23.5978
23.5978
23.5978
23.5978
23.5978
23.7622
23.7622
23.7622
23.7622
23.7622
23.7622
23.7622
23.488
23.488
23.488
23.488
23.488
23.488
23.488
22.7412
22.7412
22.7412
22.7412
22.7412
22.7412
22.7412
21.9424
21.9424
21.9424
21.9424
21.9424
21.9424
21.9424
21.1134
21.1134
21.1134
21.1134
21.1134
21.1134
21.1134
21.1134
21.1134
21.1134
21.1134
21.1134
21.1134
)
;
    }
    interface_right
    {
        type            fixedValue;
        value           nonuniform List<scalar> 
90
(
23.0474
23.0474
23.0474
23.0474
23.0474
23.0474
23.0474
23.0474
23.0474
23.0474
23.0474
23.0474
23.0474
23.0474
23.0474
23.0474
23.0474
23.0474
23.0474
23.0474
23.0474
23.0474
23.0474
23.0474
23.0474
23.0474
23.0474
23.0474
23.0474
23.0474
23.0474
23.0474
23.0474
23.0474
23.0474
23.0474
23.0474
23.0474
23.0474
23.0474
23.0474
23.0474
23.0474
23.0474
23.0474
23.0474
23.0474
23.0474
23.5978
23.7622
23.7622
23.7622
23.7622
23.7622
23.7622
23.7622
23.488
23.488
23.488
23.488
23.488
23.488
23.488
22.7412
22.7412
22.7412
22.7412
22.7412
22.7412
22.7412
21.9424
21.9424
21.9424
21.9424
21.9424
21.9424
21.9424
21.1134
21.1134
21.1134
21.1134
21.1134
21.1134
21.1134
21.1134
21.1134
21.1134
21.1134
21.1134
21.1134
)
;
    }
    interface_top
    {
        type            fixedValue;
        value           uniform 21.1134;
    }
    interface_bottom
    {
        type            fixedValue;
        value           nonuniform List<scalar> 
90
(
16.0937
16.0937
16.0937
16.0937
16.0937
16.0937
16.0937
16.0937
16.0937
16.0937
16.0937
16.0937
16.0937
16.0937
16.0937
16.0937
16.0937
16.0937
16.0937
16.0937
16.0937
16.0937
16.0937
16.0937
16.0937
16.0937
16.0937
16.0937
16.0937
16.0937
16.0937
16.0937
17.3707
17.3707
17.3707
17.3707
17.3707
17.3707
17.3707
17.3707
17.3707
17.3707
17.3707
19.499
19.499
19.499
19.499
19.499
19.499
19.499
19.499
19.499
19.499
19.499
19.499
19.499
21.1489
21.1489
21.1489
21.1489
21.1489
21.1489
21.1489
21.1489
21.1489
21.1489
21.1489
21.1489
21.1489
21.1489
22.3948
22.3948
22.3948
22.3948
22.3948
22.3948
22.3948
22.3948
22.3948
22.3948
22.3948
22.3948
22.3948
23.0474
23.0474
23.0474
23.0474
23.0474
23.0474
23.0474
)
;
    }
    defaultFaces
    {
        type            empty;
    }
}


// ************************************************************************* //
