/*--------------------------------*- C++ -*----------------------------------*\
| =========                 |                                                 |
| \\      /  F ield         | OpenFOAM: The Open Source CFD Toolbox           |
|  \\    /   O peration     | Version:  5.x                                   |
|   \\  /    A nd           | Web:      www.OpenFOAM.org                      |
|    \\/     M anipulation  |                                                 |
\*---------------------------------------------------------------------------*/
FoamFile
{
    version     2.0;
    format      ascii;
    class       volScalarField;
    location    "16.5";
    object      T;
}
// * * * * * * * * * * * * * * * * * * * * * * * * * * * * * * * * * * * * * //

dimensions      [0 0 0 1 0 0 0];

internalField   nonuniform List<scalar> 
6300
(
10.0516
10.1547
10.2574
10.3592
10.46
10.5593
10.657
10.7526
10.846
10.9367
11.0246
11.1094
11.1908
11.2687
11.343
10.0518
10.1552
10.2581
10.3603
10.4614
10.561
10.659
10.7549
10.8485
10.9395
11.0277
11.1127
11.1943
11.2723
11.3467
10.0521
10.1561
10.2597
10.3625
10.4641
10.5644
10.663
10.7595
10.8537
10.9452
11.0338
11.1193
11.2013
11.2796
11.3541
10.0526
10.1575
10.262
10.3657
10.4683
10.5695
10.6689
10.7664
10.8614
10.9538
11.0432
11.1293
11.2118
11.2906
11.3655
10.0532
10.1594
10.2651
10.37
10.4738
10.5763
10.677
10.7756
10.8718
10.9653
11.0557
11.1428
11.2262
11.3056
11.3808
10.0539
10.1617
10.2689
10.3754
10.4808
10.5848
10.687
10.7871
10.8849
10.9798
11.0716
11.1599
11.2444
11.3246
11.4004
10.0549
10.1644
10.2736
10.3819
10.4891
10.595
10.6991
10.8011
10.9007
10.9974
11.091
11.1809
11.2667
11.3481
11.4247
10.0559
10.1677
10.2789
10.3895
10.4989
10.6069
10.7132
10.8175
10.9193
11.0182
11.1139
11.2058
11.2935
11.3763
11.4539
10.0572
10.1714
10.2851
10.3981
10.51
10.6206
10.7294
10.8363
10.9407
11.0423
11.1405
11.235
11.325
11.4098
11.4888
10.0585
10.1755
10.292
10.4077
10.5225
10.6359
10.7476
10.8574
10.9649
11.0695
11.171
11.2686
11.3616
11.4491
11.53
10.0601
10.18
10.2996
10.4184
10.5363
10.6528
10.7678
10.8809
10.9918
11.1
11.2052
11.3067
11.4036
11.4948
11.5786
10.0617
10.185
10.3079
10.4301
10.5513
10.6713
10.7898
10.9065
11.0212
11.1336
11.2432
11.3494
11.4514
11.5477
11.636
10.0635
10.1904
10.3169
10.4427
10.5675
10.6912
10.8135
10.9342
11.053
11.1698
11.2843
11.3963
11.5049
11.6086
11.7042
10.0654
10.1962
10.3265
10.4562
10.5849
10.7126
10.8389
10.9636
11.0868
11.2082
11.3281
11.4464
11.5632
11.6776
11.7862
10.0675
10.2023
10.3368
10.4706
10.6035
10.7352
10.8657
10.9947
11.1222
11.2483
11.3733
11.498
11.6238
11.7524
11.8847
11.4076
11.4638
11.5172
11.5682
11.6165
11.6624
11.706
11.7473
11.7866
11.8239
11.8594
11.8934
11.9259
11.9572
11.9873
12.0166
12.0452
12.0732
12.1009
12.1283
12.1556
12.183
12.2106
12.2386
12.267
12.2959
12.3255
12.3558
12.3868
12.4186
12.4512
12.4846
12.5187
12.5536
12.5891
12.6253
12.6619
12.6991
12.7365
12.7743
12.8121
12.8498
12.8874
12.9246
12.9614
12.9974
13.0325
13.0667
13.0996
13.1312
13.1613
13.1896
13.2161
13.2405
13.2626
13.2821
13.2989
13.3127
13.3232
13.3301
13.3332
13.332
13.3264
13.3159
13.3001
13.2786
13.2511
13.2169
13.1756
13.1266
13.0693
13.003
12.9269
12.8405
12.7428
12.633
12.5104
12.374
12.2229
12.0563
11.8733
11.6729
11.4543
11.2169
10.9598
10.6826
10.3848
10.0661
9.72646
9.36597
11.4114
11.4675
11.5209
11.5717
11.62
11.6657
11.7091
11.7503
11.7893
11.8264
11.8617
11.8954
11.9276
11.9586
11.9886
12.0176
12.0459
12.0737
12.1011
12.1283
12.1554
12.1826
12.2101
12.2378
12.2661
12.2949
12.3244
12.3546
12.3856
12.4174
12.45
12.4834
12.5176
12.5525
12.5881
12.6244
12.6612
12.6985
12.7361
12.774
12.812
12.85
12.8878
12.9253
12.9622
12.9985
13.0339
13.0683
13.1015
13.1333
13.1636
13.1922
13.219
13.2436
13.266
13.2859
13.3031
13.3173
13.3282
13.3355
13.339
13.3384
13.3333
13.3233
13.3081
13.2873
13.2604
13.227
13.1866
13.1385
13.0821
13.0168
12.9418
12.8565
12.76
12.6515
12.5301
12.395
12.2452
12.0799
11.898
11.6989
11.4814
11.245
10.9887
10.7121
10.4147
10.0962
9.75636
9.39545
11.4189
11.475
11.5283
11.579
11.627
11.6724
11.7154
11.7562
11.7947
11.8313
11.8661
11.8993
11.9311
11.9616
11.991
12.0195
12.0473
12.0746
12.1016
12.1283
12.155
12.1818
12.2089
12.2363
12.2643
12.2929
12.3222
12.3523
12.3831
12.4149
12.4475
12.481
12.5153
12.5503
12.5861
12.6226
12.6597
12.6972
12.7352
12.7734
12.8119
12.8503
12.8886
12.9265
12.964
13.0007
13.0366
13.0715
13.1051
13.1374
13.1682
13.1974
13.2247
13.2499
13.273
13.2936
13.3115
13.3264
13.3382
13.3464
13.3508
13.3511
13.3469
13.3381
13.324
13.3045
13.2791
13.2472
13.2084
13.1621
13.1076
13.0443
12.9715
12.8885
12.7943
12.6882
12.5694
12.4369
12.2897
12.127
11.9477
11.751
11.5358
11.3014
11.0469
10.7715
10.4749
10.1567
9.81658
9.45479
11.4303
11.4864
11.5396
11.59
11.6376
11.6825
11.725
11.7651
11.803
11.8388
11.8729
11.9053
11.9362
11.9659
11.9946
12.0224
12.0494
12.076
12.1022
12.1283
12.1543
12.1806
12.2071
12.234
12.2616
12.2898
12.3187
12.3486
12.3793
12.411
12.4437
12.4772
12.5117
12.547
12.5831
12.6199
12.6573
12.6953
12.7337
12.7726
12.8116
12.8507
12.8897
12.9284
12.9666
13.0041
13.0407
13.0762
13.1106
13.1436
13.1751
13.205
13.2332
13.2593
13.2833
13.305
13.324
13.3401
13.3531
13.3625
13.3683
13.37
13.3673
13.3601
13.3478
13.3302
13.3068
13.2772
13.2409
13.1972
13.1456
13.0854
13.0159
12.9362
12.8457
12.7433
12.6283
12.4997
12.3565
12.1978
12.0224
11.8295
11.6179
11.3866
11.1348
10.8615
10.5662
10.2484
9.90795
9.54483
11.4458
11.5019
11.5548
11.6048
11.6519
11.6962
11.7379
11.7771
11.814
11.8489
11.8819
11.9132
11.9431
11.9718
11.9994
12.0261
12.0522
12.0778
12.1031
12.1282
12.1534
12.1788
12.2045
12.2308
12.2577
12.2854
12.314
12.3435
12.3741
12.4057
12.4384
12.4721
12.5068
12.5424
12.5789
12.6161
12.654
12.6926
12.7317
12.7712
12.8111
12.8511
12.8911
12.9308
12.9701
13.0086
13.0462
13.0826
13.1179
13.1518
13.1843
13.2151
13.2443
13.2717
13.297
13.32
13.3405
13.3582
13.3728
13.384
13.3915
13.395
13.3943
13.3891
13.3791
13.364
13.3433
13.3167
13.2837
13.2436
13.1959
13.1399
13.0747
12.9996
12.9138
12.8165
12.7066
12.5833
12.4455
12.2923
12.1224
11.9347
11.7281
11.5013
11.2533
10.9831
10.6898
10.3728
10.0318
9.66686
11.4657
11.5217
11.5744
11.6239
11.6702
11.7136
11.7542
11.7923
11.828
11.8615
11.8932
11.9232
11.9518
11.9791
12.0053
12.0308
12.0556
12.0799
12.104
12.128
12.152
12.1764
12.2012
12.2265
12.2527
12.2797
12.3077
12.3369
12.3673
12.3988
12.4316
12.4655
12.5006
12.5366
12.5735
12.6112
12.6497
12.689
12.7289
12.7694
12.8103
12.8515
12.8928
12.9339
12.9745
13.0143
13.0531
13.0907
13.127
13.162
13.1955
13.2275
13.258
13.2868
13.3137
13.3386
13.361
13.3807
13.3973
13.4106
13.4202
13.4259
13.4276
13.4249
13.4176
13.4055
13.3883
13.3654
13.3365
13.301
13.2581
13.2072
13.1476
13.0783
12.9985
12.9074
12.8041
12.6876
12.5568
12.4106
12.2478
12.0671
11.8672
11.6465
11.4038
11.1378
10.8473
10.5315
10.19
9.82276
11.4902
11.5461
11.5985
11.6473
11.6927
11.7349
11.7742
11.8108
11.8449
11.8768
11.9069
11.9352
11.9621
11.9878
12.0124
12.0363
12.0595
12.0824
12.105
12.1275
12.1502
12.1733
12.1968
12.2211
12.2462
12.2724
12.2998
12.3285
12.3586
12.3901
12.423
12.4573
12.4928
12.5293
12.5668
12.6051
12.6443
12.6843
12.7251
12.7667
12.809
12.8517
12.8947
12.9376
12.9799
13.0213
13.0616
13.1005
13.138
13.1741
13.2087
13.2421
13.274
13.3045
13.3334
13.3604
13.3852
13.4073
13.4265
13.4422
13.4544
13.4627
13.467
13.4671
13.463
13.4544
13.4411
13.4227
13.3987
13.3686
13.3317
13.2871
13.2341
13.1718
13.0994
13.0159
12.9205
12.8123
12.69
12.5527
12.3989
12.2272
12.0359
11.8233
11.5877
11.3275
11.041
10.7272
10.3853
10.0151
11.5199
11.5758
11.6276
11.6755
11.7197
11.7605
11.798
11.8327
11.8649
11.8949
11.9229
11.9492
11.9741
11.9978
12.0206
12.0426
12.064
12.085
12.1059
12.1268
12.1479
12.1693
12.1914
12.2143
12.2382
12.2633
12.2898
12.3179
12.3477
12.3792
12.4124
12.4472
12.4833
12.5206
12.5587
12.5977
12.6376
12.6783
12.7201
12.7629
12.8068
12.8515
12.8967
12.9419
12.9864
13.0299
13.0718
13.1122
13.1509
13.188
13.2238
13.2584
13.292
13.3244
13.3557
13.3854
13.4131
13.4382
13.4603
13.479
13.4939
13.505
13.5121
13.5154
13.5147
13.51
13.5011
13.4878
13.4697
13.446
13.4161
13.3791
13.3339
13.2798
13.2159
13.1414
13.0553
12.9569
12.8449
12.7184
12.5757
12.4152
12.235
12.0331
11.8071
11.5548
11.2741
10.9632
10.6211
10.2473
11.5553
11.6112
11.6624
11.7091
11.7517
11.7905
11.8258
11.8582
11.888
11.9156
11.9412
11.9652
11.9878
12.0092
12.0298
12.0496
12.0689
12.0879
12.1067
12.1257
12.1448
12.1645
12.1848
12.206
12.2283
12.2521
12.2775
12.3048
12.3342
12.3658
12.3995
12.4351
12.4722
12.5104
12.5494
12.589
12.6294
12.6708
12.7134
12.7576
12.8033
12.8505
12.8986
12.9469
12.9945
13.0404
13.0844
13.1261
13.1658
13.2038
13.2405
13.2762
13.3113
13.3459
13.38
13.4131
13.4445
13.4734
13.4991
13.521
13.5389
13.5528
13.5628
13.5691
13.5719
13.5713
13.5673
13.5598
13.5483
13.5323
13.5107
13.4824
13.4465
13.4018
13.3476
13.2832
13.2079
13.1207
13.0208
12.907
12.7778
12.6314
12.4655
12.2774
12.0642
11.8229
11.5504
11.2441
10.9023
10.5241
11.5974
11.6532
11.7035
11.7486
11.789
11.8253
11.8579
11.8874
11.9143
11.939
11.9618
11.983
12.003
12.0219
12.0399
12.0573
12.0742
12.0909
12.1074
12.1241
12.141
12.1585
12.1767
12.1959
12.2163
12.2384
12.2624
12.2887
12.3176
12.3492
12.3837
12.4206
12.4593
12.499
12.539
12.5792
12.6198
12.6614
12.7045
12.7498
12.7976
12.848
12.9002
12.953
13.0046
13.0538
13.0999
13.1429
13.1832
13.2214
13.2583
13.2947
13.3312
13.3681
13.4056
13.4431
13.4794
13.5131
13.543
13.5685
13.5895
13.6061
13.6187
13.6278
13.6339
13.6374
13.6385
13.6373
13.6335
13.6264
13.6147
13.5968
13.5713
13.5373
13.4939
13.4407
13.3772
13.3027
13.2166
13.1177
13.0047
12.8755
12.7276
12.5577
12.3618
12.1357
11.8751
11.5762
11.2357
10.8523
11.6473
11.703
11.752
11.7948
11.8323
11.8652
11.8943
11.9204
11.9438
11.9651
11.9846
12.0027
12.0196
12.0356
12.0508
12.0655
12.0798
12.0939
12.1079
12.122
12.1365
12.1514
12.1671
12.1839
12.202
12.2218
12.2439
12.2687
12.2968
12.3286
12.3643
12.4035
12.445
12.4869
12.5282
12.5686
12.6087
12.6495
12.6923
12.7382
12.7882
12.8427
12.9009
12.9605
13.0181
13.0715
13.1199
13.1635
13.2034
13.2407
13.2768
13.3129
13.3502
13.3895
13.4311
13.4746
13.5178
13.558
13.5932
13.6225
13.6463
13.665
13.6795
13.6908
13.6996
13.7067
13.7128
13.7183
13.7233
13.727
13.7274
13.7219
13.7085
13.6861
13.6543
13.613
13.5621
13.5014
13.4305
13.3487
13.2546
13.1465
13.0214
12.8753
12.7027
12.4979
12.2549
11.9678
11.631
11.2412
11.7069
11.7624
11.8092
11.8487
11.882
11.9105
11.9352
11.9569
11.9762
11.9936
12.0094
12.024
12.0376
12.0504
12.0625
12.0742
12.0856
12.0969
12.1081
12.1194
12.131
12.1432
12.156
12.1698
12.185
12.202
12.2213
12.2439
12.2705
12.3022
12.3398
12.3831
12.4299
12.4757
12.5185
12.5583
12.5965
12.6349
12.6755
12.7206
12.7722
12.8319
12.8994
12.9707
13.0377
13.0964
13.1464
13.1893
13.2271
13.2617
13.2952
13.3294
13.3661
13.4072
13.454
13.5062
13.5605
13.6101
13.6516
13.6845
13.71
13.7297
13.7449
13.7571
13.7675
13.7773
13.7877
13.8
13.8149
13.8321
13.8484
13.8582
13.8584
13.8482
13.8281
13.7988
13.7609
13.7147
13.6601
13.597
13.5246
13.4417
13.3454
13.2307
13.0898
12.9149
12.6982
12.4307
12.1026
11.7057
11.7792
11.8341
11.8772
11.9112
11.9386
11.9613
11.9804
11.9968
12.0113
12.0242
12.0359
12.0466
12.0566
12.0659
12.0748
12.0833
12.0916
12.0998
12.108
12.1163
12.1248
12.1338
12.1433
12.1537
12.1653
12.1786
12.1942
12.2131
12.2368
12.2672
12.307
12.3576
12.4162
12.4689
12.5129
12.5501
12.5838
12.6169
12.6523
12.6935
12.7445
12.8098
12.8923
12.9869
13.0691
13.1336
13.1832
13.2225
13.2552
13.2843
13.3124
13.342
13.3756
13.4167
13.4689
13.5348
13.6099
13.6738
13.7221
13.757
13.7821
13.8006
13.8146
13.8259
13.8361
13.8468
13.8598
13.8777
13.9032
13.9381
13.9787
14.0083
14.023
14.0244
14.015
13.997
13.9716
13.9397
13.9019
13.8584
13.8098
13.7559
13.6958
13.6238
13.5255
13.3921
13.2146
12.9808
12.6729
12.2706
11.8706
11.9228
11.9581
11.9832
12.0021
12.017
12.0292
12.0396
12.0486
12.0566
12.0638
12.0703
12.0764
12.0821
12.0875
12.0927
12.0977
12.1027
12.1077
12.1127
12.118
12.1235
12.1294
12.1359
12.1432
12.1517
12.1621
12.1753
12.1932
12.2189
12.2583
12.3206
12.411
12.4746
12.5168
12.5471
12.5719
12.5953
12.6207
12.6523
12.6961
12.7626
12.8678
13.021
13.126
13.1919
13.2348
13.2649
13.2882
13.3083
13.3275
13.3485
13.3743
13.4099
13.464
13.5499
13.6753
13.7599
13.8116
13.8433
13.8638
13.8777
13.8879
13.8962
13.9039
13.9127
13.9248
13.9442
13.9777
14.0359
14.1247
14.1796
14.2065
14.2159
14.2144
14.2056
14.1915
14.1732
14.1515
14.1273
14.1022
14.0792
14.0629
14.0546
14.0119
13.9323
13.812
13.6374
13.3792
12.986
11.9974
12.0357
12.0537
12.0641
12.0711
12.0764
12.0807
12.0842
12.0873
12.09
12.0924
12.0946
12.0967
12.0986
12.1004
12.1021
12.1038
12.1055
12.1072
12.1089
12.1106
12.1125
12.1145
12.1167
12.1192
12.1222
12.1259
12.1308
12.1382
12.1507
12.1767
12.2429
12.4442
12.5109
12.5379
12.552
12.5619
12.5706
12.5803
12.5933
12.6149
12.6595
12.7741
13.1244
13.2389
13.2833
13.3046
13.317
13.3258
13.3331
13.3401
13.348
13.3586
13.3763
13.4131
13.508
13.7991
13.8936
13.9295
13.9458
13.9547
13.9601
13.964
13.967
13.97
13.9736
13.9792
13.9903
14.0166
14.0893
14.3195
14.3911
14.4151
14.4229
14.4239
14.4216
14.4172
14.4114
14.4045
14.3972
14.3915
14.3925
14.4185
14.5348
14.5511
14.5309
14.4876
14.4143
14.2795
13.9818
8.94684
8.4608
7.94719
7.40757
6.84376
6.25775
5.6517
5.02781
4.3883
3.73539
3.07127
2.39806
1.71786
1.03269
0.344558
8.97553
8.48827
7.97311
7.43168
6.86586
6.27773
5.66948
5.04336
4.40164
3.74656
3.08031
2.40503
1.7228
1.03564
0.345538
9.03328
8.54352
8.02521
7.48009
6.9102
6.31774
5.70504
5.07445
4.42829
3.76886
3.09835
2.41893
1.73265
1.04151
0.347491
9.12087
8.62723
8.10401
7.55318
6.97701
6.37793
5.75844
5.12104
4.46817
3.80217
3.12528
2.43965
1.74732
1.05027
0.3504
9.23949
8.74041
8.21032
7.65153
7.06665
6.45845
5.82968
5.18305
4.52112
3.84632
3.16092
2.46704
1.7667
1.06182
0.354239
9.39085
8.8845
8.34523
7.77587
7.17954
6.55945
5.91871
5.26028
4.58689
3.90103
3.20498
2.50086
1.79061
1.07606
0.358968
9.57728
9.0614
8.51013
7.92708
7.3161
6.68101
6.02537
5.35243
4.66507
3.96587
3.25709
2.54078
1.81879
1.09283
0.364535
9.8019
9.27356
8.70672
8.10613
7.47669
6.82303
6.14925
5.45892
4.75505
4.04024
3.3167
2.58635
1.85091
1.11193
0.370873
10.0689
9.52412
8.93694
8.31392
7.66142
6.98508
6.28962
5.57887
4.85592
4.1233
3.38307
2.63698
1.88654
1.1331
0.377893
10.3839
9.81697
9.20291
8.55108
7.8699
7.16618
6.4452
5.71094
4.96641
4.21391
3.45526
2.69193
1.92515
1.15601
0.385489
10.7547
10.1569
9.50652
8.81749
8.10081
7.36446
6.61399
5.85322
5.0848
4.31062
3.53209
2.75029
1.96611
1.1803
0.393537
11.1923
10.5492
9.84869
9.11145
8.35129
7.57677
6.793
6.00307
5.20888
4.41163
3.61215
2.81101
2.00867
1.20552
0.401892
11.7129
10.9988
10.2275
9.4282
8.61605
7.79822
6.97808
6.15712
5.33596
4.51483
3.69381
2.87288
2.05202
1.2312
0.410398
12.3392
11.5055
10.6341
9.75773
8.88636
8.0219
7.1639
6.31128
5.46293
4.61788
3.77534
2.93466
2.09531
1.25685
0.418894
13.0933
12.0497
11.0454
10.0822
9.14964
8.23903
7.34426
6.4611
5.58653
4.71836
3.85497
2.99508
2.13769
1.28197
0.42722
10.0695
10.2083
10.3468
10.4846
10.6215
10.7572
10.8916
11.0245
11.1559
11.2859
11.415
11.5444
11.6766
11.8176
11.9833
10.0714
10.2141
10.3563
10.4979
10.6386
10.7781
10.9161
11.0526
11.1874
11.3206
11.4526
11.5845
11.7186
11.8597
12.0164
10.0734
10.2201
10.3663
10.5119
10.6565
10.7999
10.9418
11.0819
11.2201
11.3561
11.4903
11.623
11.7556
11.8909
12.0325
10.0755
10.2263
10.3768
10.5265
10.6753
10.8227
10.9686
11.1125
11.2541
11.393
11.5289
11.6614
11.7908
11.9177
12.0436
10.0777
10.2329
10.3877
10.5418
10.6949
10.8467
10.9968
11.1447
11.29
11.432
11.5697
11.7021
11.8277
11.9451
12.0544
10.08
10.2397
10.3991
10.5578
10.7155
10.8718
11.0264
11.1787
11.3281
11.4738
11.6142
11.7474
11.8701
11.978
12.0681
10.0823
10.2469
10.411
10.5745
10.7369
10.8981
11.0575
11.2147
11.3689
11.5192
11.6638
11.8
11.9228
12.0234
12.0903
10.0848
10.2543
10.4233
10.5918
10.7593
10.9256
11.0902
11.2527
11.4124
11.5684
11.7192
11.8619
11.9907
12.0922
12.1359
10.0873
10.2619
10.4361
10.6097
10.7825
10.9542
11.1243
11.2926
11.4584
11.6212
11.7801
11.9334
12.0776
12.2009
12.2523
10.09
10.2698
10.4493
10.6283
10.8065
10.9838
11.1597
11.3341
11.5065
11.6768
11.8448
12.0112
12.1788
12.3596
12.6064
10.0927
10.2779
10.4628
10.6473
10.8312
11.0142
11.1962
11.3768
11.5561
11.7338
11.9106
12.088
12.2709
12.4724
12.7244
10.0954
10.2861
10.4767
10.6668
10.8564
11.0454
11.2335
11.4206
11.6066
11.7916
11.9759
12.1609
12.3499
12.5502
12.7737
10.0982
10.2945
10.4907
10.6866
10.8821
11.0771
11.2715
11.4651
11.6578
11.8497
12.0407
12.231
12.4211
12.6117
12.8033
10.101
10.3031
10.505
10.7067
10.9082
11.1093
11.3099
11.5101
11.7096
11.9084
12.1059
12.3012
12.4919
12.6722
12.8322
10.1039
10.3116
10.5193
10.7269
10.9344
11.1417
11.3487
11.5555
11.762
11.9678
12.1726
12.3746
12.5699
12.7469
12.8782
10.1068
10.3203
10.5338
10.7473
10.9607
11.1742
11.3877
11.6012
11.8146
12.028
12.241
12.4527
12.6603
12.8534
12.9854
10.1096
10.3289
10.5482
10.7676
10.9871
11.2067
11.4266
11.6468
11.8673
12.0884
12.3103
12.5336
12.7609
13.0021
13.3032
10.1125
10.3375
10.5625
10.7878
11.0132
11.239
11.4653
11.6921
11.9196
12.1482
12.3784
12.6117
12.8517
13.1092
13.4108
10.1153
10.346
10.5767
10.8078
11.0392
11.271
11.5035
11.7368
11.9711
12.2068
12.4444
12.6849
12.9304
13.1855
13.458
10.1181
10.3543
10.5908
10.8275
11.0647
11.3025
11.5411
11.7807
12.0216
12.264
12.5083
12.7546
13.0024
13.2495
13.4905
10.1208
10.3626
10.6046
10.8469
11.0898
11.3335
11.578
11.8238
12.071
12.3199
12.5708
12.8231
13.0747
13.3178
13.5311
10.1235
10.3707
10.6181
10.866
11.1144
11.3637
11.6141
11.8657
12.1191
12.3745
12.6321
12.8921
13.1529
13.4067
13.617
10.1262
10.3786
10.6313
10.8845
11.1384
11.3932
11.6491
11.9065
12.1657
12.4273
12.6918
12.9605
13.2357
13.5257
13.8657
10.1287
10.3863
10.6442
10.9026
11.1617
11.4218
11.6831
11.9459
12.2107
12.478
12.7486
13.0242
13.3083
13.6098
13.9496
10.1312
10.3938
10.6567
10.9202
11.1843
11.4495
11.716
11.984
12.2539
12.5263
12.8019
13.0819
13.3687
13.6673
13.985
10.1337
10.4011
10.6689
10.9372
11.2062
11.4763
11.7477
12.0206
12.2954
12.5724
12.852
13.1347
13.421
13.7113
14.0058
10.136
10.4081
10.6806
10.9536
11.2274
11.5022
11.7783
12.0559
12.3353
12.6166
12.8999
13.1849
13.4702
13.7524
14.0249
10.1383
10.4149
10.6919
10.9695
11.2478
11.5272
11.8078
12.0899
12.3737
12.6593
12.9466
13.2348
13.5216
13.8001
14.0533
10.1405
10.4215
10.7029
10.9848
11.2675
11.5513
11.8362
12.1227
12.4108
12.7007
12.9925
13.2857
13.5787
13.8652
14.1173
10.1426
10.4278
10.7134
10.9995
11.2865
11.5744
11.8636
12.1542
12.4466
12.7408
13.0373
13.3366
13.6403
13.9541
14.3049
10.1446
10.4339
10.7235
11.0137
11.3047
11.5967
11.8899
12.1846
12.4809
12.7793
13.0801
13.3844
13.6946
14.0173
14.3681
10.1465
10.4397
10.7332
11.0273
11.3222
11.6181
11.9151
12.2137
12.5139
12.816
13.1205
13.428
13.7403
14.0607
14.3949
10.1484
10.4453
10.7425
11.0403
11.3389
11.6385
11.9393
12.2415
12.5454
12.851
13.1585
13.4682
13.7801
14.0944
14.4109
10.1502
10.4506
10.7514
11.0528
11.355
11.6581
11.9625
12.2683
12.5756
12.8845
13.1951
13.5068
13.8183
14.1265
14.4259
10.1519
10.4557
10.7599
11.0647
11.3703
11.6768
11.9846
12.2938
12.6046
12.9169
13.2308
13.5454
13.8586
14.1646
14.4491
10.1535
10.4606
10.768
11.076
11.3848
11.6947
12.0057
12.3182
12.6324
12.9482
13.2658
13.5848
13.9038
14.2174
14.5022
10.155
10.4652
10.7757
11.0867
11.3986
11.7116
12.0258
12.3415
12.6589
12.9782
13.2999
13.6242
13.9527
14.2902
14.659
10.1565
10.4695
10.7829
11.0969
11.4117
11.7276
12.0447
12.3635
12.684
13.0066
13.3319
13.6607
13.9952
14.341
14.7113
10.1578
10.4736
10.7897
11.1064
11.424
11.7426
12.0626
12.3841
12.7075
13.0331
13.3613
13.693
14.0298
14.3748
14.7327
10.1591
10.4774
10.796
11.1153
11.4354
11.7567
12.0793
12.4035
12.7295
13.0577
13.3883
13.7218
14.0586
14.3995
14.7447
10.1603
10.4809
10.8019
11.1236
11.4461
11.7698
12.0948
12.4214
12.7499
13.0804
13.4131
13.748
14.0846
14.4212
14.7547
10.1614
10.4842
10.8074
11.1313
11.456
11.7819
12.1092
12.4381
12.7688
13.1016
13.4364
13.773
14.1103
14.4449
14.7686
10.1623
10.4872
10.8124
11.1383
11.465
11.793
12.1224
12.4534
12.7863
13.1212
13.4584
13.7975
14.1378
14.4762
14.799
10.1633
10.4899
10.8169
11.1446
11.4732
11.8031
12.1343
12.4673
12.8022
13.1393
13.4788
13.821
14.1666
14.518
14.8876
10.1641
10.4923
10.821
11.1503
11.4806
11.8121
12.1451
12.4798
12.8166
13.1556
13.4973
13.8421
14.1911
14.5472
14.9173
10.1648
10.4944
10.8245
11.1553
11.487
11.82
12.1545
12.4909
12.8293
13.17
13.5135
13.8601
14.2107
14.5665
14.9296
10.1654
10.4962
10.8276
11.1596
11.4926
11.8269
12.1627
12.5004
12.8402
13.1825
13.5274
13.8754
14.2265
14.5806
14.9367
10.1659
10.4978
10.8301
11.1631
11.4972
11.8326
12.1695
12.5084
12.8494
13.193
13.5392
13.8883
14.24
14.5931
14.9439
10.1663
10.499
10.8321
11.166
11.5009
11.8371
12.175
12.5148
12.8568
13.2015
13.5489
13.8993
14.2526
14.6072
14.9571
10.1666
10.4999
10.8336
11.1681
11.5036
11.8405
12.179
12.5195
12.8624
13.2079
13.5565
13.9083
14.264
14.6244
14.9941
10.1668
10.5004
10.8345
11.1694
11.5053
11.8426
12.1816
12.5226
12.866
13.2122
13.5616
13.9146
14.272
14.635
15.0059
10.1668
10.5007
10.8349
11.17
11.506
11.8435
12.1827
12.524
12.8677
13.2142
13.5641
13.9178
14.2761
14.6399
15.0098
10.1668
10.5006
10.8348
11.1697
11.5058
11.8432
12.1824
12.5236
12.8673
13.2138
13.5637
13.9176
14.2763
14.6404
15.0103
10.1667
10.5002
10.8341
11.1688
11.5045
11.8417
12.1805
12.5214
12.8648
13.211
13.5606
13.9141
14.2725
14.6368
15.0083
10.1664
10.4994
10.8329
11.167
11.5023
11.8389
12.1772
12.5175
12.8602
13.2058
13.5546
13.9071
14.2644
14.6281
15.0021
10.1661
10.4984
10.8311
11.1645
11.499
11.8349
12.1724
12.5118
12.8537
13.1982
13.5458
13.8968
14.2518
14.6121
14.9848
10.1656
10.497
10.8288
11.1613
11.4948
11.8296
12.1661
12.5045
12.8452
13.1884
13.5346
13.8837
14.2353
14.5875
14.9316
10.1651
10.4953
10.826
11.1573
11.4896
11.8232
12.1584
12.4955
12.8348
13.1766
13.5212
13.8686
14.2183
14.5683
14.9131
10.1644
10.4933
10.8226
11.1526
11.4835
11.8157
12.1494
12.4849
12.8226
13.1627
13.5058
13.8519
14.2011
14.5525
14.9041
10.1636
10.491
10.8188
11.1472
11.4766
11.8071
12.139
12.4727
12.8085
13.1468
13.4881
13.833
14.1822
14.5366
14.8967
10.1628
10.4885
10.8146
11.1412
11.4687
11.7974
12.1274
12.459
12.7927
13.1288
13.4679
13.8109
14.1595
14.5167
14.8869
10.1619
10.4857
10.8099
11.1346
11.4601
11.7867
12.1145
12.4439
12.7751
13.1086
13.4448
13.7848
14.1307
14.4877
14.8678
10.1608
10.4826
10.8047
11.1274
11.4507
11.775
12.1005
12.4274
12.7559
13.0863
13.419
13.7545
14.0941
14.4424
14.82
10.1598
10.4794
10.7992
11.1196
11.4406
11.7625
12.0855
12.4096
12.7353
13.0624
13.3912
13.7213
14.0515
14.3767
14.6752
10.1586
10.4759
10.7934
11.1114
11.4299
11.7492
12.0695
12.3909
12.7135
13.0374
13.3624
13.688
14.0121
14.3293
14.6266
10.1574
10.4722
10.7872
11.1027
11.4186
11.7353
12.0528
12.3712
12.6907
13.0114
13.3331
13.6555
13.9774
14.2958
14.6057
10.1561
10.4683
10.7808
11.0936
11.4068
11.7207
12.0353
12.3507
12.6671
12.9846
13.3033
13.6234
13.9449
14.268
14.5925
10.1548
10.4643
10.7741
11.0841
11.3946
11.7055
12.0171
12.3295
12.6426
12.9569
13.2725
13.5901
13.9112
14.239
14.5786
10.1534
10.4602
10.7672
11.0744
11.3819
11.6899
11.9984
12.3075
12.6174
12.9281
13.2402
13.5543
13.8729
14.2017
14.5552
10.152
10.456
10.7601
11.0644
11.369
11.6739
11.9792
12.2851
12.5914
12.8984
13.2063
13.5154
13.8273
14.1472
14.4993
10.1505
10.4516
10.7528
11.0541
11.3557
11.6575
11.9597
12.2621
12.565
12.8681
13.1714
13.4745
13.776
14.0702
14.3327
10.1491
10.4472
10.7454
11.0437
11.3422
11.6409
11.9398
12.2389
12.5382
12.8375
13.1366
13.4347
13.7295
14.015
14.2766
10.1476
10.4427
10.7379
11.0332
11.3286
11.6241
11.9198
12.2155
12.5113
12.807
13.1025
13.3971
13.6895
13.9765
14.2527
10.1461
10.4382
10.7303
11.0226
11.3148
11.6072
11.8996
12.192
12.4844
12.7767
13.0688
13.3609
13.653
13.9452
14.2378
10.1445
10.4336
10.7227
11.0118
11.301
11.5902
11.8794
12.1684
12.4574
12.7463
13.0352
13.3247
13.6164
13.9137
14.2227
10.143
10.429
10.715
11.0011
11.2871
11.5732
11.8591
12.1449
12.4305
12.7158
13.001
13.2869
13.5757
13.874
14.1976
10.1415
10.4244
10.7073
10.9903
11.2732
11.5561
11.8389
12.1215
12.4037
12.6853
12.9663
13.2469
13.5283
13.8166
14.138
10.1399
10.4197
10.6996
10.9795
11.2593
11.5392
11.8189
12.0983
12.3772
12.6552
12.9318
13.2061
13.4762
13.736
13.9596
10.1384
10.4151
10.6918
10.9686
11.2454
11.5222
11.7989
12.0754
12.3512
12.626
12.8989
13.1683
13.4311
13.6804
13.9007
10.1368
10.4104
10.684
10.9577
11.2315
11.5054
11.7792
12.0528
12.3259
12.598
12.8682
13.1349
13.3953
13.6449
13.8775
10.1352
10.4056
10.6761
10.9468
11.2175
11.4885
11.7595
12.0305
12.3013
12.5713
12.8399
13.1058
13.367
13.6211
13.866
10.1336
10.4008
10.6682
10.9357
11.2034
11.4714
11.7397
12.0083
12.277
12.5456
12.8135
13.0799
13.3436
13.6035
13.8588
10.132
10.3959
10.66
10.9244
11.1891
11.4542
11.7198
11.986
12.2528
12.5202
12.7879
13.0557
13.3228
13.5889
13.8534
10.1303
10.3909
10.6517
10.9128
11.1744
11.4365
11.6994
11.9632
12.2282
12.4945
12.7623
13.0318
13.3028
13.5752
13.8485
10.1286
10.3858
10.6432
10.901
11.1593
11.4183
11.6783
11.9396
12.2025
12.4677
12.7355
13.0067
13.2817
13.5608
13.8433
10.1268
10.3805
10.6344
10.8887
11.1436
11.3993
11.6562
11.9147
12.1753
12.4389
12.7063
12.9788
13.2577
13.544
13.837
10.125
10.3751
10.6253
10.876
11.1273
11.3795
11.633
11.8883
12.1461
12.4073
12.6735
12.9464
13.2285
13.5223
13.8284
10.1231
10.3694
10.616
10.8629
11.1104
11.3588
11.6085
11.8601
12.1143
12.3723
12.6359
12.9076
13.1912
13.4919
13.8147
10.1212
10.3637
10.6063
10.8493
11.0928
11.3372
11.5827
11.83
12.0798
12.3334
12.5926
12.8604
13.1419
13.446
13.7881
10.1192
10.3578
10.5964
10.8353
11.0747
11.3147
11.5556
11.7981
12.0427
12.2905
12.5432
12.8036
13.0768
13.3738
13.7253
13.8526
12.5125
11.3847
10.3514
9.37075
8.42345
7.49887
6.59047
5.69389
4.80605
3.9247
3.04813
2.17498
1.30411
0.434559
14.0926
12.7857
11.6273
10.5595
9.54854
8.57525
7.62813
6.69983
5.78537
4.88121
3.98475
3.09397
2.20727
1.32331
0.44093
14.1926
12.9557
11.8069
10.728
9.70009
8.7088
7.74425
6.79951
5.86964
4.951
4.04082
3.13695
2.23763
1.3414
0.446938
14.2428
13.0645
11.9377
10.8611
9.82609
8.82371
7.84654
6.88882
5.94607
5.01486
4.09248
3.17674
2.26585
1.35824
0.452537
14.2721
13.1373
12.0337
10.9653
9.92934
8.92102
7.93528
6.96766
6.01444
5.07255
4.13949
3.21315
2.29176
1.37374
0.457698
14.2913
13.1883
12.1051
11.0467
10.0133
9.00259
8.01136
7.03644
6.07487
5.12407
4.18179
3.2461
2.3153
1.38787
0.462406
14.3047
13.2253
12.1592
11.1108
10.0815
9.07052
8.07605
7.09589
6.12778
5.16963
4.21949
3.27564
2.33649
1.40061
0.466659
14.3145
13.2531
12.2008
11.1615
10.1369
9.12691
8.13074
7.14689
6.17373
5.20957
4.25279
3.30187
2.35539
1.41201
0.470468
14.3219
13.2744
12.2334
11.202
10.1819
9.17365
8.17678
7.19042
6.21338
5.24434
4.28199
3.325
2.37212
1.42213
0.473852
14.3277
13.291
12.2591
11.2345
10.2187
9.2124
8.21547
7.22742
6.24741
5.27444
4.30742
3.34525
2.38681
1.43103
0.476836
14.3322
13.3042
12.2797
11.2608
10.2489
9.24452
8.24792
7.25877
6.2765
5.30035
4.32945
3.36287
2.39965
1.43883
0.479452
14.3358
13.3147
12.2963
11.2822
10.2737
9.2712
8.27511
7.28527
6.30129
5.32258
4.34845
3.37814
2.41081
1.44562
0.481732
14.3388
13.3232
12.3098
11.2997
10.2941
9.29337
8.2979
7.30765
6.32235
5.34158
4.36477
3.3913
2.42045
1.45151
0.483708
14.3411
13.3301
12.3208
11.3141
10.311
9.31183
8.317
7.32652
6.34022
5.35777
4.37874
3.4026
2.42876
1.45658
0.485416
14.3431
13.3358
12.3298
11.326
10.325
9.32722
8.33301
7.34243
6.35535
5.37155
4.39067
3.41229
2.43589
1.46095
0.486885
14.3446
13.3405
12.3373
11.3358
10.3366
9.34006
8.34644
7.35583
6.36816
5.38325
4.40084
3.42056
2.442
1.46469
0.488145
14.3459
13.3443
12.3435
11.344
10.3463
9.3508
8.35771
7.36712
6.37898
5.39318
4.40949
3.42762
2.44722
1.46789
0.489224
14.347
13.3475
12.3486
11.3507
10.3544
9.3598
8.36718
7.37663
6.38814
5.4016
4.41684
3.43363
2.45167
1.47062
0.490145
14.3479
13.3502
12.3529
11.3564
10.3612
9.36734
8.37514
7.38466
6.39588
5.40873
4.42308
3.43874
2.45546
1.47295
0.490931
14.3487
13.3524
12.3564
11.3611
10.3668
9.37368
8.38185
7.39143
6.40243
5.41478
4.42839
3.44309
2.45868
1.47494
0.491601
14.3493
13.3542
12.3594
11.3651
10.3716
9.37902
8.38751
7.39716
6.40797
5.41991
4.43289
3.44679
2.46143
1.47663
0.492173
14.3498
13.3558
12.3619
11.3685
10.3756
9.38353
8.3923
7.40202
6.41268
5.42427
4.43673
3.44994
2.46378
1.47808
0.492661
14.3503
13.3571
12.3641
11.3713
10.379
9.38735
8.39637
7.40614
6.41669
5.42799
4.44
3.45264
2.46578
1.47931
0.493078
14.3507
13.3582
12.3659
11.3737
10.3819
9.39061
8.39984
7.40967
6.42012
5.43118
4.44281
3.45495
2.4675
1.48037
0.493436
14.351
13.3592
12.3674
11.3758
10.3844
9.39341
8.40282
7.4127
6.42307
5.43392
4.44522
3.45694
2.46899
1.48129
0.493745
14.3513
13.36
12.3688
11.3776
10.3866
9.39584
8.4054
7.41533
6.42563
5.4363
4.44732
3.45866
2.47027
1.48208
0.494013
14.3515
13.3608
12.3699
11.3792
10.3885
9.39796
8.40767
7.41763
6.42787
5.43838
4.44916
3.46018
2.4714
1.48278
0.494249
14.3517
13.3614
12.371
11.3806
10.3902
9.39985
8.40969
7.41969
6.42987
5.44024
4.4508
3.46153
2.47241
1.4834
0.494458
14.3519
13.362
12.3719
11.3818
10.3917
9.40157
8.41152
7.42154
6.43167
5.44192
4.45228
3.46275
2.47332
1.48396
0.494648
14.3521
13.3625
12.3728
11.383
10.3931
9.40317
8.41321
7.42327
6.43335
5.44347
4.45364
3.46387
2.47415
1.48447
0.494822
14.3523
13.3631
12.3737
11.3841
10.3945
9.4047
8.41484
7.42491
6.43494
5.44494
4.45493
3.46493
2.47494
1.48496
0.494986
14.3525
13.3636
12.3745
11.3853
10.3958
9.40621
8.41643
7.42651
6.43649
5.44637
4.45619
3.46596
2.4757
1.48543
0.495144
14.3527
13.3642
12.3754
11.3864
10.3972
9.40774
8.41804
7.42814
6.43804
5.4478
4.45744
3.46698
2.47646
1.48589
0.4953
14.3529
13.3647
12.3764
11.3877
10.3987
9.40936
8.41973
7.42982
6.43965
5.44927
4.45871
3.46802
2.47722
1.48636
0.495458
14.3531
13.3654
12.3774
11.389
10.4003
9.41111
8.42154
7.43161
6.44135
5.45081
4.46004
3.4691
2.47802
1.48685
0.495622
14.3534
13.3662
12.3786
11.3906
10.4021
9.41305
8.42354
7.43357
6.44319
5.45247
4.46147
3.47024
2.47886
1.48736
0.495794
14.3537
13.367
12.38
11.3924
10.4041
9.41526
8.42578
7.43574
6.44521
5.45427
4.463
3.47148
2.47976
1.4879
0.495977
14.354
13.3681
12.3816
11.3945
10.4065
9.41781
8.42833
7.43819
6.44746
5.45626
4.46468
3.47281
2.48073
1.48849
0.496173
14.3545
13.3694
12.3837
11.397
10.4094
9.4208
8.43128
7.44097
6.44999
5.45847
4.46653
3.47427
2.48178
1.48913
0.496385
14.3551
13.3711
12.3862
11.4002
10.4129
9.42433
8.4347
7.44415
6.45284
5.46093
4.46856
3.47586
2.48292
1.48981
0.496613
14.3559
13.3733
12.3895
11.4041
10.4171
9.42855
8.4387
7.44779
6.45604
5.46366
4.4708
3.47759
2.48415
1.49055
0.496859
14.3569
13.3763
12.3938
11.4091
10.4223
9.43358
8.44336
7.45195
6.45964
5.46667
4.47323
3.47946
2.48547
1.49133
0.497119
14.3584
13.3803
12.3995
11.4155
10.4287
9.4396
8.44877
7.45666
6.46363
5.46996
4.47586
3.48146
2.48687
1.49216
0.497394
14.3608
13.3862
12.4072
11.4237
10.4366
9.44674
8.45499
7.46194
6.46802
5.47352
4.47865
3.48356
2.48833
1.49302
0.497678
14.3646
13.3951
12.418
11.4344
10.4463
9.45512
8.46205
7.46777
6.47274
5.47728
4.48156
3.48572
2.48982
1.4939
0.497966
14.3719
13.4091
12.4331
11.4481
10.458
9.46477
8.46987
7.47404
6.47772
5.48116
4.48453
3.4879
2.49131
1.49476
0.498251
14.388
13.4323
12.4542
11.4654
10.4716
9.47551
8.47828
7.4806
6.4828
5.48506
4.48746
3.49003
2.49275
1.4956
0.498523
14.4302
13.471
12.4826
11.4861
10.4869
9.48693
8.48692
7.48716
6.48778
5.48881
4.49023
3.49201
2.49408
1.49636
0.498773
14.5598
13.5298
12.5166
11.5084
10.5026
9.49831
8.49531
7.4934
6.49242
5.49224
4.49273
3.49377
2.49525
1.49703
0.498988
14.6336
13.5768
12.5471
11.5291
10.5171
9.50872
8.50288
7.49892
6.49644
5.49515
4.4948
3.49521
2.49618
1.49755
0.499157
14.6588
13.6048
12.5693
11.5455
10.529
9.51731
8.50906
7.50335
6.49959
5.49735
4.49632
3.49622
2.49681
1.4979
0.499267
14.6684
13.6199
12.5833
11.5567
10.5374
9.52343
8.51341
7.50636
6.50162
5.49868
4.49715
3.49671
2.49709
1.49803
0.499307
14.6718
13.6265
12.5903
11.5627
10.542
9.52674
8.51561
7.50771
6.50234
5.49897
4.49718
3.49661
2.49695
1.49792
0.499267
14.6713
13.6267
12.5912
11.5638
10.5428
9.52709
8.5155
7.50723
6.50161
5.49813
4.49633
3.49585
2.49636
1.49755
0.499138
14.6661
13.6205
12.5864
11.5602
10.5399
9.52447
8.513
7.50483
6.49935
5.49606
4.49453
3.49438
2.49527
1.49688
0.498913
14.6494
13.6062
12.5761
11.5524
10.5336
9.519
8.50816
7.5005
6.49551
5.49273
4.49174
3.49216
2.49366
1.4959
0.498585
14.5966
13.5827
12.5613
11.5411
10.5241
9.51086
8.50102
7.49424
6.49007
5.4881
4.48792
3.48917
2.49151
1.49461
0.498153
14.5784
13.5643
12.5455
11.5274
10.5121
9.50026
8.4917
7.48609
6.48305
5.48218
4.48308
3.4854
2.48881
1.49299
0.497613
14.5696
13.5491
12.529
11.5116
10.4976
9.48729
8.48024
7.47611
6.47448
5.47497
4.47721
3.48085
2.48557
1.49104
0.496964
14.5624
13.5335
12.5106
11.4932
10.4806
9.47194
8.46669
7.46431
6.46438
5.4665
4.47033
3.47553
2.48178
1.48877
0.496208
14.5526
13.5138
12.4882
11.4715
10.4607
9.45417
8.45106
7.45075
6.45279
5.4568
4.46246
3.46944
2.47745
1.48618
0.495346
14.5335
13.4848
12.4595
11.4455
10.4377
9.43396
8.43342
7.43549
6.43977
5.44591
4.45363
3.46262
2.4726
1.48328
0.49438
14.4857
13.4395
12.4229
11.4151
10.4117
9.41148
8.4139
7.41863
6.42539
5.43389
4.44388
3.45509
2.46724
1.48008
0.493313
14.3409
13.3737
12.3799
11.3815
10.3835
9.38708
8.3927
7.40031
6.40974
5.42079
4.43325
3.44687
2.4614
1.47658
0.492149
14.2922
13.3261
12.3401
11.3476
10.354
9.36121
8.37006
7.38064
6.3929
5.40668
4.42178
3.43799
2.45508
1.47279
0.490889
14.2712
13.2921
12.3048
11.3144
10.3237
9.33416
8.34614
7.35976
6.37495
5.39159
4.4095
3.42848
2.4483
1.46873
0.489537
14.2578
13.2639
12.2716
11.2812
10.2927
9.30596
8.321
7.3377
6.35595
5.37559
4.39645
3.41835
2.44108
1.46441
0.488095
14.2437
13.2343
12.237
11.2466
10.2603
9.27646
8.29464
7.31452
6.33592
5.35868
4.38264
3.40763
2.43342
1.45981
0.486564
14.22
13.1962
12.1974
11.2092
10.226
9.24551
8.26703
7.29021
6.31488
5.34089
4.36809
3.39631
2.42534
1.45496
0.484946
14.1638
13.1408
12.1503
11.1683
10.1897
9.2131
8.23819
7.26481
6.29286
5.32224
4.35281
3.3844
2.41681
1.44984
0.483239
13.9968
13.0626
12.0971
11.125
10.1519
9.17945
8.20822
7.23835
6.26987
5.30271
4.33677
3.37188
2.40785
1.44445
0.481441
13.9403
13.0061
12.0484
11.0822
10.1135
9.1449
8.17723
7.21087
6.2459
5.2823
4.31997
3.35875
2.39843
1.43878
0.479549
13.9157
12.9658
12.0057
11.0409
10.0751
9.10961
8.14528
7.18236
6.22093
5.26097
4.30237
3.34496
2.38853
1.43282
0.477557
13.9002
12.9326
11.9659
11.0004
10.0362
9.07346
8.11228
7.15275
6.19489
5.23864
4.2839
3.33046
2.3781
1.42654
0.475457
13.8842
12.8985
11.9253
10.9589
9.9963
9.03615
8.07806
7.12191
6.16767
5.21524
4.26449
3.3152
2.36711
1.4199
0.47324
13.8581
12.8558
11.8798
10.9147
9.95458
8.99734
8.04242
7.0897
6.13913
5.19063
4.24402
3.29907
2.35548
1.41288
0.470891
13.7972
12.7947
11.8265
10.867
9.91076
8.95684
8.00519
7.05594
6.10911
5.16466
4.22237
3.28199
2.34314
1.40542
0.468396
13.6173
12.7096
11.7672
10.8169
9.86527
8.91469
7.96624
7.02042
6.0774
5.13713
4.19938
3.26381
2.33
1.39747
0.465737
13.5565
12.6485
11.7133
10.7676
9.81896
8.871
7.9254
6.9829
6.04374
5.10781
4.17483
3.24438
2.31594
1.38897
0.462891
13.5309
12.606
11.6667
10.7202
9.77212
8.8256
7.88233
6.943
6.00777
5.07641
4.14851
3.22352
2.30085
1.37984
0.459834
13.5164
12.5736
11.6249
10.6739
9.7241
8.77788
7.83645
6.90021
5.96906
5.04256
4.12012
3.20104
2.28458
1.37
0.456541
13.5055
12.5451
11.5846
10.6266
9.67353
8.72676
7.78689
6.85384
5.92707
5.00587
4.08937
3.1767
2.26699
1.35936
0.452984
13.4952
12.5165
11.5425
10.5759
9.61848
8.67077
7.73255
6.80303
5.88118
4.96585
4.05592
3.1503
2.24793
1.34786
0.449137
13.4838
12.4846
11.4951
10.5188
9.55659
8.60813
7.67209
6.74684
5.8307
4.92206
4.01946
3.1216
2.22727
1.3354
0.444975
13.4698
12.4459
11.4386
10.4517
9.48509
8.53679
7.60409
6.68428
5.77496
4.87402
3.97968
3.09041
2.20489
1.32193
0.44048
13.451
12.3956
11.3677
10.3704
9.40082
8.45457
7.52706
6.61439
5.71335
4.82137
3.93636
3.05661
2.1807
1.30741
0.435638
13.4231
12.3261
11.2755
10.2696
9.30032
8.35925
7.43967
6.53636
5.64541
4.76383
3.88934
3.02011
2.15469
1.29183
0.430447
13.3763
12.2242
11.1522
10.1435
9.18011
8.24895
7.34091
6.4497
5.57091
4.70134
3.83863
2.98095
2.12687
1.2752
0.424917
13.2839
12.0665
10.985
9.98571
9.03745
8.12254
7.2304
6.35437
5.48996
4.63406
3.7844
2.93927
2.09737
1.25761
0.419069
13.0627
11.8144
10.7605
9.79242
8.87158
7.98023
7.10866
6.25091
5.40306
4.5624
3.72698
2.89534
2.06636
1.23915
0.41294
10.117
10.3511
10.5853
10.8196
11.0542
11.2891
11.5247
11.7612
11.9993
12.2395
12.483
12.7314
12.9869
13.2524
13.5274
10.1146
10.3438
10.573
10.8022
11.0313
11.2606
11.4899
11.7195
11.9496
12.1805
12.4123
12.6452
12.8788
13.1105
13.3319
10.1122
10.3365
10.5607
10.7847
11.0084
11.2318
11.4548
11.6773
11.8992
12.1203
12.3403
12.5583
12.7725
12.9789
13.17
10.1098
10.3293
10.5486
10.7675
10.9858
11.2034
11.4201
11.6355
11.8495
12.0613
12.2703
12.4752
12.6737
12.8623
13.0358
10.1075
10.3223
10.5369
10.7508
10.9639
11.1759
11.3865
11.5953
11.8017
12.005
12.2044
12.3983
12.5847
12.7608
12.9232
10.1053
10.3157
10.5257
10.7349
10.9431
11.1498
11.3547
11.5573
11.7569
11.9527
12.1438
12.3288
12.5059
12.673
12.8278
10.1032
10.3095
10.5152
10.7201
10.9237
11.1255
11.3252
11.5222
11.7158
11.9051
12.0892
12.267
12.4369
12.5974
12.7468
10.1013
10.3038
10.5056
10.7065
10.9059
11.1034
11.2984
11.4905
11.6788
11.8626
12.041
12.213
12.3773
12.5328
12.6782
10.0996
10.2987
10.497
10.6943
10.89
11.0836
11.2746
11.4624
11.6462
11.8254
11.9991
12.1665
12.3264
12.4781
12.6205
10.0981
10.2942
10.4895
10.6837
10.8762
11.0664
11.254
11.4381
11.6182
11.7936
11.9636
12.1272
12.2838
12.4325
12.5726
10.0969
10.2904
10.4832
10.6747
10.8645
11.052
11.2366
11.4178
11.5949
11.7673
11.9342
12.095
12.2489
12.3954
12.5337
10.0959
10.2873
10.478
10.6674
10.8551
11.0403
11.2227
11.4015
11.5763
11.7463
11.9109
12.0695
12.2215
12.3662
12.5033
10.0951
10.285
10.4741
10.662
10.8479
11.0316
11.2122
11.3893
11.5623
11.7306
11.8935
12.0506
12.2011
12.3447
12.4808
10.0946
10.2834
10.4715
10.6583
10.8432
11.0257
11.2052
11.3812
11.553
11.7202
11.882
12.038
12.1877
12.3304
12.4659
10.0943
10.2827
10.4702
10.6564
10.8408
11.0227
11.2017
11.3771
11.5484
11.715
11.8763
12.0318
12.181
12.3234
12.4586
13.7608
13.8395
13.8758
13.8965
13.9102
13.9203
13.9283
13.9347
13.9402
13.9448
13.9488
13.9523
13.9555
13.9582
13.9607
13.9629
13.9649
13.9667
13.9683
13.9697
13.971
13.9722
13.9733
13.9743
13.9751
13.9759
13.9766
13.9772
13.9777
13.9782
13.9786
13.979
13.9793
13.9795
13.9797
13.9799
13.98
13.98
13.98
13.9799
13.9798
13.9797
13.9795
13.9792
13.9789
13.9785
13.9781
13.9776
13.977
13.9764
13.9757
13.9749
13.974
13.973
13.9719
13.9708
13.9694
13.968
13.9664
13.9647
13.9628
13.9607
13.9584
13.9559
13.9532
13.9502
13.9469
13.9432
13.9393
13.9349
13.9301
13.9248
13.919
13.9126
13.9055
13.8977
13.8889
13.8791
13.8681
13.8556
13.8414
13.8251
13.8059
13.7831
13.7551
13.7194
13.6709
13.5979
13.4693
13.1904
13.5038
13.6091
13.6796
13.7289
13.7653
13.7936
13.8163
13.8352
13.8511
13.8647
13.8766
13.8871
13.8963
13.9045
13.9119
13.9184
13.9244
13.9297
13.9345
13.9388
13.9428
13.9463
13.9495
13.9524
13.9549
13.9573
13.9593
13.9612
13.9628
13.9642
13.9655
13.9665
13.9674
13.9681
13.9687
13.9691
13.9694
13.9695
13.9695
13.9693
13.969
13.9685
13.9679
13.9671
13.9662
13.9651
13.9638
13.9623
13.9606
13.9587
13.9566
13.9542
13.9516
13.9487
13.9454
13.9419
13.938
13.9337
13.9289
13.9238
13.9181
13.9118
13.905
13.8975
13.8893
13.8803
13.8705
13.8597
13.8478
13.8348
13.8205
13.8048
13.7874
13.7683
13.7472
13.7237
13.6976
13.6685
13.6358
13.5989
13.5569
13.5086
13.4525
13.3861
13.3058
13.2061
13.0774
12.9032
12.6541
12.2814
13.3199
13.4289
13.5136
13.5797
13.6321
13.6747
13.7099
13.7396
13.7651
13.7871
13.8064
13.8234
13.8385
13.8519
13.864
13.8748
13.8845
13.8933
13.9012
13.9084
13.9149
13.9207
13.926
13.9307
13.935
13.9388
13.9422
13.9453
13.948
13.9503
13.9524
13.9541
13.9556
13.9568
13.9578
13.9584
13.9589
13.9591
13.959
13.9588
13.9582
13.9575
13.9564
13.9551
13.9536
13.9517
13.9496
13.9471
13.9444
13.9412
13.9377
13.9338
13.9294
13.9246
13.9193
13.9134
13.9069
13.8998
13.892
13.8834
13.874
13.8637
13.8524
13.84
13.8264
13.8116
13.7953
13.7774
13.7579
13.7364
13.7128
13.6868
13.6583
13.6268
13.592
13.5534
13.5106
13.4629
13.4095
13.3493
13.2812
13.2034
13.1137
13.0088
12.8845
12.7344
12.5493
12.3161
12.0169
11.6318
13.175
13.2834
13.3743
13.4499
13.513
13.5661
13.6113
13.6501
13.6838
13.7133
13.7393
13.7623
13.7828
13.8012
13.8177
13.8325
13.8459
13.858
13.8689
13.8788
13.8877
13.8958
13.9031
13.9096
13.9155
13.9208
13.9255
13.9297
13.9335
13.9367
13.9396
13.942
13.944
13.9457
13.947
13.9479
13.9486
13.9488
13.9488
13.9484
13.9477
13.9466
13.9452
13.9434
13.9412
13.9387
13.9357
13.9323
13.9284
13.9241
13.9192
13.9138
13.9078
13.9011
13.8937
13.8856
13.8766
13.8667
13.8559
13.8441
13.831
13.8168
13.8011
13.784
13.7653
13.7447
13.7222
13.6976
13.6705
13.6409
13.6083
13.5725
13.5332
13.4898
13.442
13.3891
13.3305
13.2653
13.1926
13.1111
13.0193
12.9153
12.7964
12.6595
12.5002
12.3129
12.0904
11.8238
11.5032
11.1205
13.056
13.1632
13.2569
13.338
13.4081
13.4688
13.5216
13.5678
13.6084
13.6443
13.6762
13.7047
13.7302
13.7531
13.7737
13.7922
13.809
13.8242
13.838
13.8504
13.8616
13.8718
13.881
13.8893
13.8968
13.9034
13.9094
13.9148
13.9195
13.9236
13.9272
13.9302
13.9328
13.9349
13.9366
13.9378
13.9386
13.9389
13.9388
13.9383
13.9374
13.9361
13.9343
13.932
13.9293
13.926
13.9223
13.918
13.9131
13.9076
13.9014
13.8945
13.8869
13.8784
13.8691
13.8588
13.8474
13.8349
13.8212
13.8062
13.7897
13.7717
13.7519
13.7302
13.7065
13.6805
13.6521
13.6209
13.5868
13.5493
13.5083
13.4632
13.4137
13.3592
13.2992
13.2329
13.1597
13.0785
12.9883
12.8876
12.775
12.6482
12.505
12.3422
12.156
11.942
11.6949
11.409
11.0788
10.7009
12.9564
13.0624
13.1574
13.2418
13.3166
13.3828
13.4414
13.4934
13.5397
13.581
13.618
13.6512
13.6811
13.708
13.7324
13.7544
13.7743
13.7924
13.8087
13.8235
13.837
13.8491
13.8601
13.87
13.8789
13.8869
13.8941
13.9005
13.9061
13.9111
13.9154
13.919
13.9221
13.9247
13.9266
13.9281
13.929
13.9294
13.9293
13.9288
13.9276
13.926
13.9239
13.9211
13.9179
13.914
13.9095
13.9043
13.8984
13.8918
13.8844
13.8762
13.867
13.8569
13.8457
13.8333
13.8197
13.8047
13.7883
13.7703
13.7505
13.7289
13.7052
13.6793
13.6508
13.6197
13.5857
13.5484
13.5076
13.4629
13.4139
13.3601
13.3011
13.2364
13.1651
13.0866
13.0001
12.9045
12.7987
12.6813
12.5507
12.4049
12.2416
12.0583
11.8518
11.6187
11.3552
11.0577
10.7232
10.3499
12.8724
12.9773
13.0729
13.1595
13.2375
13.3076
13.3705
13.4271
13.478
13.5238
13.5651
13.6023
13.6361
13.6666
13.6943
13.7193
13.7421
13.7628
13.7815
13.7985
13.814
13.8279
13.8406
13.852
13.8623
13.8715
13.8798
13.8871
13.8936
13.8993
13.9043
13.9085
13.9121
13.915
13.9173
13.919
13.92
13.9205
13.9204
13.9197
13.9185
13.9166
13.9141
13.9109
13.9071
13.9027
13.8975
13.8915
13.8847
13.8771
13.8685
13.859
13.8484
13.8367
13.8237
13.8095
13.7937
13.7765
13.7575
13.7367
13.7139
13.6889
13.6616
13.6317
13.5989
13.563
13.5238
13.4809
13.4339
13.3825
13.3261
13.2645
13.1968
13.1227
13.0413
12.9518
12.8535
12.7452
12.6258
12.4939
12.348
12.1864
12.007
11.8077
11.5858
11.3389
11.0643
10.7597
10.4231
10.0539
12.8015
12.9055
13.0014
13.0893
13.1695
13.2425
13.3087
13.3689
13.4234
13.4729
13.5177
13.5585
13.5955
13.6291
13.6597
13.6875
13.7128
13.7358
13.7567
13.7757
13.7929
13.8085
13.8227
13.8354
13.847
13.8573
13.8666
13.8748
13.8821
13.8885
13.8941
13.8988
13.9028
13.9061
13.9087
13.9106
13.9118
13.9123
13.9122
13.9114
13.91
13.9079
13.9051
13.9015
13.8973
13.8922
13.8864
13.8797
13.8721
13.8635
13.8539
13.8432
13.8313
13.8181
13.8036
13.7875
13.7699
13.7505
13.7292
13.7059
13.6803
13.6522
13.6216
13.588
13.5512
13.511
13.4671
13.419
13.3664
13.3089
13.246
13.1772
13.1018
13.0193
12.9288
12.8297
12.721
12.6017
12.4706
12.3265
12.168
11.9934
11.8011
11.5893
11.3558
11.0989
10.8166
10.5074
10.1701
9.80429
12.742
12.8452
12.9412
13.03
13.1118
13.1869
13.2557
13.3185
13.376
13.4284
13.4762
13.5199
13.5597
13.5959
13.629
13.6592
13.6866
13.7117
13.7345
13.7552
13.774
13.7911
13.8066
13.8206
13.8332
13.8445
13.8547
13.8637
13.8717
13.8788
13.8849
13.8901
13.8945
13.8981
13.9009
13.9029
13.9043
13.9049
13.9047
13.9039
13.9023
13.9
13.8969
13.893
13.8883
13.8828
13.8764
13.869
13.8606
13.8512
13.8407
13.8289
13.8158
13.8014
13.7854
13.7678
13.7484
13.7271
13.7037
13.6781
13.65
13.6192
13.5855
13.5487
13.5084
13.4643
13.4161
13.3635
13.3059
13.243
13.1743
13.0991
13.0169
12.927
12.8288
12.7213
12.6037
12.4749
12.334
12.1797
12.0108
11.8258
11.6233
11.4017
11.1596
10.8953
10.6076
10.2953
9.95787
9.59497
12.6927
12.7953
12.8913
12.9807
13.0636
13.1402
13.2109
13.2759
13.3357
13.3904
13.4407
13.4866
13.5287
13.5672
13.6024
13.6345
13.6639
13.6906
13.715
13.7372
13.7574
13.7758
13.7924
13.8075
13.8211
13.8333
13.8442
13.854
13.8626
13.8702
13.8767
13.8824
13.8871
13.891
13.894
13.8962
13.8977
13.8983
13.8982
13.8972
13.8955
13.893
13.8897
13.8855
13.8805
13.8745
13.8676
13.8596
13.8506
13.8404
13.829
13.8163
13.8022
13.7866
13.7694
13.7504
13.7295
13.7065
13.6813
13.6536
13.6233
13.5902
13.5539
13.5142
13.4708
13.4233
13.3715
13.3149
13.253
13.1854
13.1116
13.0309
12.9429
12.8468
12.7418
12.6272
12.5021
12.3656
12.2166
12.0539
11.8766
11.6833
11.4728
11.2437
10.995
10.7253
10.4337
10.1195
9.78219
9.42164
12.6528
12.7549
12.8508
12.9406
13.0243
13.1021
13.1742
13.2408
13.3023
13.3589
13.411
13.4589
13.5028
13.5431
13.58
13.6138
13.6446
13.6728
13.6986
13.7221
13.7434
13.7628
13.7804
13.7964
13.8108
13.8237
13.8353
13.8457
13.8548
13.8628
13.8698
13.8758
13.8808
13.8849
13.8882
13.8905
13.892
13.8927
13.8926
13.8916
13.8898
13.8871
13.8836
13.8791
13.8738
13.8674
13.86
13.8516
13.842
13.8312
13.8191
13.8056
13.7907
13.7741
13.7558
13.7356
13.7134
13.689
13.6622
13.6329
13.6007
13.5655
13.527
13.4849
13.4389
13.3886
13.3336
13.2736
13.2081
13.1366
13.0585
12.9733
12.8804
12.7791
12.6686
12.5482
12.417
12.2741
12.1185
11.9492
11.7652
11.5654
11.3487
11.114
10.8603
10.5867
10.2924
9.97689
9.63981
9.28116
12.6215
12.7232
12.8191
12.9092
12.9934
13.072
13.1451
13.213
13.2758
13.3338
13.3873
13.4367
13.482
13.5237
13.5619
13.597
13.6291
13.6585
13.6853
13.7097
13.732
13.7523
13.7707
13.7874
13.8024
13.8159
13.8281
13.8389
13.8485
13.8569
13.8642
13.8705
13.8757
13.88
13.8834
13.8859
13.8874
13.8882
13.888
13.887
13.8851
13.8823
13.8786
13.8739
13.8683
13.8616
13.8539
13.8451
13.835
13.8237
13.8111
13.7969
13.7812
13.7639
13.7447
13.7235
13.7003
13.6747
13.6467
13.616
13.5823
13.5455
13.5052
13.4611
13.4129
13.3603
13.3029
13.2401
13.1717
13.097
13.0155
12.9267
12.8299
12.7245
12.6096
12.4846
12.3486
12.2007
12.04
11.8656
11.6765
11.4718
11.2504
11.0115
10.7542
10.4778
10.1816
9.86517
9.52838
9.17121
12.5984
12.6999
12.7957
12.8859
12.9706
13.0497
13.1236
13.1923
13.256
13.315
13.3696
13.42
13.4664
13.5091
13.5483
13.5844
13.6174
13.6476
13.6752
13.7004
13.7234
13.7443
13.7633
13.7805
13.7961
13.81
13.8226
13.8338
13.8437
13.8523
13.8599
13.8664
13.8718
13.8763
13.8798
13.8823
13.8839
13.8847
13.8845
13.8835
13.8815
13.8786
13.8748
13.8699
13.8641
13.8573
13.8493
13.8401
13.8297
13.818
13.8049
13.7903
13.7741
13.7561
13.7363
13.7144
13.6903
13.6639
13.6349
13.6031
13.5683
13.5302
13.4886
13.443
13.3932
13.3389
13.2795
13.2148
13.1441
13.067
12.983
12.8915
12.7918
12.6832
12.5651
12.4366
12.2971
12.1455
11.9811
11.803
11.6102
11.402
11.1773
10.9354
10.6756
10.3972
10.0997
9.78272
9.44617
9.09009
12.5832
12.6845
12.7803
12.8706
12.9555
13.035
13.1093
13.1785
13.2429
13.3026
13.3578
13.4089
13.456
13.4993
13.5392
13.5759
13.6095
13.6403
13.6685
13.6942
13.7176
13.739
13.7584
13.7759
13.7918
13.8061
13.8189
13.8303
13.8404
13.8493
13.857
13.8636
13.8692
13.8737
13.8773
13.8799
13.8816
13.8823
13.8822
13.8811
13.8791
13.8761
13.8722
13.8673
13.8613
13.8543
13.8461
13.8368
13.8262
13.8142
13.8008
13.7858
13.7692
13.7509
13.7306
13.7082
13.6836
13.6566
13.627
13.5945
13.5589
13.52
13.4774
13.4309
13.38
13.3245
13.2639
13.1977
13.1256
13.0469
12.9612
12.8678
12.7662
12.6556
12.5353
12.4046
12.2626
12.1087
11.9419
11.7613
11.5662
11.3556
11.1288
10.885
10.6236
10.344
10.0456
9.72836
9.392
9.03663
12.5757
12.6768
12.7726
12.863
12.948
13.0277
13.1022
13.1717
13.2363
13.2963
13.3519
13.4033
13.4507
13.4945
13.5347
13.5716
13.6056
13.6366
13.6651
13.691
13.7147
13.7363
13.7559
13.7736
13.7896
13.8041
13.817
13.8286
13.8388
13.8478
13.8556
13.8623
13.8679
13.8725
13.8761
13.8787
13.8804
13.8812
13.881
13.8799
13.8779
13.8749
13.8709
13.8659
13.8599
13.8528
13.8446
13.8351
13.8244
13.8123
13.7987
13.7836
13.7668
13.7482
13.7277
13.7051
13.6803
13.653
13.623
13.5902
13.5542
13.5148
13.4718
13.4248
13.3734
13.3172
13.256
13.1891
13.1163
13.0368
12.9502
12.856
12.7533
12.6417
12.5203
12.3885
12.2454
12.0903
11.9222
11.7405
11.5442
11.3325
11.1047
10.86
10.5978
10.3175
10.0188
9.70136
9.3651
9.01008
12.3634
11.3886
10.4479
9.54365
8.66651
7.80851
6.96412
6.12949
5.30194
4.47954
3.6609
2.84495
2.03089
1.21806
0.405945
11.6731
10.8897
10.0702
9.24508
8.42354
7.6075
6.79659
5.98987
5.1864
4.38535
3.58607
2.78806
1.99092
1.19435
0.398082
11.1024
10.4269
9.69808
8.94281
8.17498
7.40127
6.62478
5.84694
5.06837
4.28933
3.50995
2.73028
1.95038
1.1703
0.390113
10.6294
10.0174
9.35228
8.653
7.9322
7.19772
6.45426
5.70468
4.95075
4.19361
3.43406
2.67269
1.90998
1.14635
0.382177
10.2327
9.66077
9.04054
8.38461
7.70303
7.00306
6.28979
5.56671
4.83628
4.10025
3.35995
2.61641
1.87049
1.12293
0.374416
9.89713
9.35232
8.76438
8.14179
7.49214
6.82162
6.13504
5.43603
4.72735
4.01113
3.28905
2.56249
1.83261
1.10046
0.366966
9.61231
9.08687
8.52279
7.92592
7.30202
6.65617
5.99265
5.31495
4.62591
3.92781
3.22259
2.51184
1.797
1.07931
0.359953
9.37106
8.85997
8.31387
7.73701
7.13377
6.50832
5.86438
5.20517
4.53345
3.85158
3.1616
2.46528
1.7642
1.05982
0.353487
9.16819
8.66796
8.13562
7.57437
6.98765
6.37889
5.7513
5.10783
4.45109
3.78343
3.10692
2.42344
1.73469
1.04226
0.34766
8.99987
8.50795
7.9862
7.43712
6.8635
6.2682
5.65405
5.02369
4.37961
3.72408
3.05918
2.38683
1.70883
1.02686
0.342548
8.86325
8.37767
7.86401
7.32433
6.76094
6.17631
5.57293
4.95323
4.31954
3.67405
3.01884
2.35585
1.68692
1.01381
0.338211
8.75621
8.27536
7.76777
7.23515
6.67953
6.10309
5.50806
4.8967
4.27121
3.63371
2.98625
2.33078
1.66917
1.00322
0.334694
8.67718
8.19972
7.69644
7.1689
6.61888
6.04838
5.45946
4.85424
4.23483
3.60329
2.96164
2.31183
1.65574
0.99521
0.33203
8.62508
8.14979
7.6493
7.12503
6.57865
6.01202
5.42709
4.82592
4.21052
3.58294
2.94516
2.29913
1.64673
0.989833
0.330242
8.5992
8.12498
7.62585
7.10319
6.55859
5.99387
5.41093
4.81175
4.19836
3.57274
2.9369
2.29275
1.64221
0.987135
0.329345
)
;

boundaryField
{
    hot
    {
        type            fixedValue;
        value           uniform 10;
    }
    cold
    {
        type            fixedValue;
        value           uniform 0;
    }
    interface_left
    {
        type            fixedValue;
        value           nonuniform List<scalar> 
90
(
12.106
12.106
12.106
12.106
12.106
12.106
12.106
12.106
12.106
12.8986
12.8986
12.8986
12.8986
12.8986
12.8986
12.8986
13.6036
13.6036
13.6036
13.6036
13.6036
13.6036
14.1527
14.1527
14.1527
14.1527
14.1527
14.1527
14.1527
14.568
14.568
14.568
14.568
14.568
14.568
14.568
14.9166
14.9166
14.9166
14.9166
14.9166
14.9166
14.9166
15.1128
15.1128
15.1128
15.1128
15.1128
15.1128
15.195
15.195
15.195
15.195
15.195
15.195
15.195
15.0766
15.0766
15.0766
15.0766
15.0766
15.0766
15.0766
14.7533
14.7533
14.7533
14.7533
14.7533
14.7533
14.7533
14.3825
14.3825
14.3825
14.3825
14.3825
14.3825
14.3825
13.9836
13.9836
13.9836
13.9836
13.9836
13.9836
13.9836
13.9836
13.9836
13.9836
13.9836
13.9836
13.9836
)
;
    }
    interface_right
    {
        type            fixedValue;
        value           nonuniform List<scalar> 
90
(
14.845
14.845
14.845
14.845
14.845
14.845
14.845
14.845
14.845
14.845
14.845
14.845
14.845
14.845
14.845
14.845
14.845
14.845
14.845
14.845
14.845
14.845
14.845
14.845
14.845
14.845
14.845
14.845
14.845
14.845
14.845
14.845
14.845
14.845
14.845
14.845
14.845
14.845
14.845
14.845
14.845
14.845
14.845
14.845
14.845
14.845
14.845
14.845
15.1128
15.195
15.195
15.195
15.195
15.195
15.195
15.195
15.0766
15.0766
15.0766
15.0766
15.0766
15.0766
15.0766
14.7533
14.7533
14.7533
14.7533
14.7533
14.7533
14.7533
14.3825
14.3825
14.3825
14.3825
14.3825
14.3825
14.3825
13.9836
13.9836
13.9836
13.9836
13.9836
13.9836
13.9836
13.9836
13.9836
13.9836
13.9836
13.9836
13.9836
)
;
    }
    interface_top
    {
        type            fixedValue;
        value           uniform 13.9836;
    }
    interface_bottom
    {
        type            fixedValue;
        value           nonuniform List<scalar> 
90
(
12.106
12.106
12.106
12.106
12.106
12.106
12.106
12.106
12.106
12.106
12.106
12.106
12.106
12.106
12.106
12.106
12.106
12.106
12.106
12.106
12.106
12.106
12.106
12.106
12.106
12.106
12.106
12.106
12.106
12.106
12.106
12.106
12.5566
12.5566
12.5566
12.5566
12.5566
12.5566
12.5566
12.5566
12.5566
12.5566
12.5566
13.3444
13.3444
13.3444
13.3444
13.3444
13.3444
13.3444
13.3444
13.3444
13.3444
13.3444
13.3444
13.3444
14.0009
14.0009
14.0009
14.0009
14.0009
14.0009
14.0009
14.0009
14.0009
14.0009
14.0009
14.0009
14.0009
14.0009
14.5294
14.5294
14.5294
14.5294
14.5294
14.5294
14.5294
14.5294
14.5294
14.5294
14.5294
14.5294
14.5294
14.845
14.845
14.845
14.845
14.845
14.845
14.845
)
;
    }
    defaultFaces
    {
        type            empty;
    }
}


// ************************************************************************* //
