/*--------------------------------*- C++ -*----------------------------------*\
| =========                 |                                                 |
| \\      /  F ield         | OpenFOAM: The Open Source CFD Toolbox           |
|  \\    /   O peration     | Version:  5.x                                   |
|   \\  /    A nd           | Web:      www.OpenFOAM.org                      |
|    \\/     M anipulation  |                                                 |
\*---------------------------------------------------------------------------*/
FoamFile
{
    version     2.0;
    format      ascii;
    class       volScalarField;
    location    "9.3";
    object      T;
}
// * * * * * * * * * * * * * * * * * * * * * * * * * * * * * * * * * * * * * //

dimensions      [0 0 0 1 0 0 0];

internalField   nonuniform List<scalar> 
6300
(
11.234
13.6983
16.1518
18.5871
20.997
23.3742
25.7113
28.0012
30.2366
32.4107
34.5168
36.5486
38.5006
40.3679
42.1469
11.2376
13.7091
16.1697
18.6122
21.0293
23.4136
25.7579
28.0548
30.2971
32.4777
34.5899
36.6272
38.5839
40.455
42.2365
11.2447
13.7305
16.2054
18.6623
21.0938
23.4925
25.8511
28.1622
30.4184
32.6123
34.7368
36.7853
38.7516
40.6302
42.417
11.2554
13.7626
16.259
18.7374
21.1905
23.611
25.9912
28.3238
30.601
32.8151
34.9587
37.0245
39.0056
40.8961
42.691
11.2696
13.8053
16.3303
18.8374
21.3195
23.769
26.1784
28.5399
30.8457
33.0876
35.2574
37.3471
39.349
41.2561
43.0625
11.2873
13.8585
16.4191
18.9622
21.4804
23.9664
26.4126
28.811
31.1533
33.431
35.635
37.7564
39.786
41.7155
43.5375
11.3085
13.922
16.5253
19.1114
21.6731
24.2032
26.6939
29.1373
31.5247
33.847
36.0943
38.2561
40.3218
42.2808
44.1238
11.333
13.9957
16.6484
19.2845
21.8969
24.4786
27.0219
29.5188
31.9604
34.337
36.6378
38.8508
40.9629
42.9607
44.8316
11.3608
14.0791
16.7879
19.4808
22.151
24.7917
27.3955
29.9546
32.46
34.9017
37.268
39.545
41.7169
43.7661
45.6747
11.3916
14.1719
16.9431
19.6993
22.4341
25.141
27.8132
30.4432
33.0224
35.5408
37.9862
40.3431
42.5923
44.7104
46.6716
11.4254
14.2735
17.1131
19.9387
22.7444
25.5244
28.2724
30.9817
33.6446
36.2518
38.7915
41.2475
43.5974
45.8103
47.8473
11.462
14.3833
17.2968
20.1975
23.08
25.9391
28.7695
31.5657
34.3213
37.0292
39.6793
42.2568
44.738
47.0843
49.2372
11.501
14.5007
17.4932
20.474
23.4383
26.3818
29.3001
32.1891
35.0449
37.8631
40.6382
43.3609
46.0119
48.5501
50.8923
11.5424
14.625
17.7011
20.7664
23.817
26.849
29.8591
32.8449
35.8048
38.7389
41.6484
44.5353
47.397
50.2102
52.884
11.5859
14.7556
17.9193
21.0732
24.2136
27.3372
30.4417
33.5255
36.5896
39.6378
42.6797
45.7333
48.8289
52.0081
55.2813
43.6942
45.0369
46.3153
47.5302
48.6826
49.7744
50.8078
51.7856
52.7111
53.5876
54.4189
55.2088
55.9613
56.6804
57.3702
58.0347
58.6776
59.303
59.9145
60.5156
61.1098
61.7002
62.2898
62.8814
63.4774
64.0799
64.6906
65.311
65.9422
66.5846
67.2387
67.9044
68.5812
69.2684
69.9653
70.6706
71.3831
72.1014
72.8239
73.5488
74.2743
74.9982
75.7185
76.4329
77.1392
77.8352
78.5188
79.1881
79.8411
80.4763
81.092
81.6865
82.2584
82.806
83.3277
83.8217
84.2861
84.7191
85.1187
85.4827
85.8092
86.096
86.3408
86.5413
86.6951
86.7994
86.8514
86.8478
86.7852
86.6595
86.4668
86.2024
85.8616
85.4394
84.9305
84.3296
83.6311
82.8293
81.9185
80.8929
79.747
78.4752
77.0724
75.5339
73.8555
72.0338
70.0665
67.9522
65.6908
63.2833
43.785
45.1277
46.4053
47.6184
48.7683
49.8566
50.886
51.8593
52.7797
53.6508
54.4765
55.2607
56.0074
56.7207
57.4047
58.0634
58.7009
59.3209
59.9272
60.5234
61.113
61.6991
62.2848
62.8728
63.4657
64.0656
64.6743
65.2932
65.9234
66.5655
67.2197
67.8858
68.5635
69.2521
69.9505
70.6576
71.3722
72.0927
72.8177
73.5453
74.2737
75.0007
75.7241
76.4417
77.1511
77.8501
78.5366
79.2085
79.864
80.5015
81.1193
81.7161
82.2903
82.8403
83.3645
83.8611
84.3283
84.7642
85.1667
85.5337
85.8633
86.1532
86.4013
86.6054
86.763
86.8716
86.9282
86.9297
86.8726
86.753
86.5667
86.3092
85.9756
85.561
85.06
84.4671
83.7767
82.9832
82.0807
81.0633
79.9253
78.661
77.265
75.7325
74.059
72.2409
70.2756
68.1616
65.8986
63.4877
43.9678
45.3107
46.5866
47.7961
48.9406
50.0221
51.0433
52.0072
52.9174
53.7776
54.5919
55.3645
56.0995
56.801
57.4734
58.1208
58.7471
59.3563
59.9522
60.5386
61.1188
61.6962
62.274
62.8549
63.4416
64.0363
64.6409
65.2568
65.8851
66.5264
67.1808
67.8481
68.5278
69.2189
69.9205
70.6312
71.3499
72.075
72.805
73.5381
74.2723
75.0055
75.7354
76.4594
77.1752
77.8802
78.5723
79.2495
79.9098
80.5518
81.1741
81.7752
82.3539
82.9086
83.4378
83.9397
84.4125
84.8541
85.2625
85.6355
85.9711
86.2673
86.522
86.7332
86.8984
87.0153
87.0812
87.0928
87.0468
86.9393
86.766
86.5223
86.2033
85.8038
85.3185
84.7417
84.0678
83.291
82.4051
81.4043
80.2824
79.0334
77.6515
76.1313
74.4679
72.6573
70.6963
68.583
66.3169
63.8991
44.2455
45.5887
46.862
48.0659
49.202
50.2728
51.2812
52.2306
53.1251
53.9686
54.7656
55.5205
56.2376
56.9214
57.5762
58.2063
58.8158
59.4087
59.989
60.5603
61.1264
61.6907
62.2564
62.8264
63.4037
63.9904
64.5887
65.2001
65.8256
66.4659
67.1209
67.7902
68.473
69.1682
69.8746
70.5909
71.3157
72.0476
72.7851
73.5264
74.2696
75.0124
75.7522
76.4863
77.2118
77.9261
78.6268
79.3117
79.9791
80.6277
81.2562
81.8637
82.4489
83.0106
83.5473
84.0573
84.5385
84.9888
85.406
85.7879
86.1326
86.438
86.7024
86.9238
87.1002
87.2294
87.3089
87.3357
87.3064
87.2171
87.0634
86.8406
86.5436
86.167
85.7054
85.1531
84.5042
83.7526
82.8922
81.9167
80.8195
79.5942
78.2342
76.7334
75.0862
73.2875
71.3336
69.2218
66.9513
64.5229
44.6223
45.9661
47.2355
48.4314
49.5558
50.6115
51.602
52.5314
53.4041
54.2247
54.998
55.7287
56.4217
57.0814
57.7125
58.3193
58.9061
59.4771
60.0363
60.5875
61.1345
61.6809
62.2301
62.7854
63.3496
63.9255
64.5153
65.1206
65.7425
66.3817
67.0378
67.7103
68.3978
69.0988
69.812
70.5357
71.2687
72.0095
72.7569
73.5093
74.2648
75.0208
75.7745
76.5226
77.2618
77.9888
78.701
79.3961
80.0725
80.7293
81.3657
81.981
82.5746
83.1455
83.6923
84.2131
84.7058
85.1679
85.597
85.9908
86.3473
86.6647
86.9414
87.1759
87.3666
87.5118
87.6092
87.6561
87.6491
87.5843
87.4571
87.2625
86.9952
86.6495
86.2199
85.7004
85.0851
84.3678
83.542
82.6012
81.5382
80.3458
79.0167
77.5437
75.9197
74.1387
72.1955
70.0867
67.8106
65.3678
45.1045
46.4489
47.7131
48.8983
50.0068
51.0423
52.0091
52.912
53.7562
54.547
55.2896
55.9895
56.6515
57.2806
57.8816
58.459
59.0172
59.5604
60.0928
60.6184
61.1411
61.6647
62.1928
62.729
63.2765
63.8384
64.4171
65.0146
65.6323
66.2705
66.9289
67.6061
68.3004
69.0095
69.7315
70.4646
71.2075
71.9592
72.7188
73.4851
74.2563
75.0297
75.802
76.5689
77.3263
78.07
78.7967
79.5043
80.1913
80.8573
81.5024
82.1266
82.73
83.3121
83.8715
84.4063
84.9139
85.3913
85.8357
86.2443
86.6151
86.9467
87.2379
87.4877
87.6954
87.8597
87.979
88.0507
88.0718
88.038
87.9445
87.7858
87.5562
87.2498
86.8605
86.3825
85.8097
85.1359
84.3545
83.4584
82.4401
81.2913
80.0037
78.5683
76.9766
75.2205
73.2932
71.1897
68.9073
66.4461
45.7003
47.0457
48.3029
49.4737
50.5613
51.5703
52.5063
53.3752
54.1832
54.9365
55.641
56.3025
56.9266
57.5183
58.0826
58.6242
59.1476
59.6571
60.157
60.6513
61.1442
61.6397
62.1416
62.654
63.1804
63.7245
64.2893
64.8773
65.49
66.1279
66.7902
67.4749
68.179
68.8991
69.6324
70.3768
71.131
71.8949
72.6684
73.4511
74.2417
75.0375
75.8342
76.6262
77.4075
78.1725
78.9172
79.6391
80.3374
81.0125
81.6659
82.2991
82.913
83.508
84.083
84.6356
85.1623
85.6592
86.1224
86.5488
86.9363
87.2836
87.5905
87.857
88.0833
88.2692
88.4138
88.5151
88.5701
88.5744
88.5225
88.4081
88.2247
87.9659
87.6256
87.1978
86.6765
86.0557
85.3288
84.4885
83.5266
82.4339
81.2003
79.8151
78.2672
76.546
74.6419
72.5477
70.2589
67.7748
46.4211
47.7677
49.0155
50.1671
51.227
52.2017
53.0982
53.9242
54.6871
55.3942
56.0522
56.6676
57.2461
57.7932
58.3141
58.8134
59.2957
59.7654
60.2268
60.6841
61.1414
61.603
62.0731
62.5562
63.0566
63.5785
64.1258
64.7019
65.3089
65.9477
66.6169
67.3133
68.0319
68.7673
69.5149
70.272
71.038
71.814
72.6018
73.4029
74.2169
75.0413
75.8703
76.696
77.5091
78.3015
79.0676
79.8049
80.5136
81.196
81.8556
82.4961
83.1203
83.7297
84.3236
84.8989
85.4505
85.9724
86.459
86.9062
87.3119
87.6755
87.998
88.281
88.5262
88.7349
88.9075
89.0429
89.1382
89.1884
89.187
89.1263
88.9984
88.7962
88.5134
88.1443
87.6834
87.1252
86.4633
85.6906
84.7983
83.7762
82.6122
81.2931
79.8044
78.1318
76.2617
74.1832
71.889
69.3769
47.282
48.6302
49.8651
50.9906
52.0138
52.9437
53.7898
54.562
55.2694
55.9205
56.523
57.0836
57.6088
58.104
58.5744
59.0249
59.4599
59.8836
60.3005
60.7145
61.1301
61.5516
61.9838
62.4313
62.8995
63.3935
63.9185
64.4795
65.0798
65.7211
66.402
67.1171
67.8581
68.6153
69.381
70.1517
70.928
71.7135
72.5136
73.3332
74.1745
75.0355
75.9086
76.781
77.6376
78.4655
79.2566
80.0089
80.7247
81.4093
82.0698
82.7133
83.3457
83.9706
84.5878
85.1931
85.7782
86.3332
86.8491
87.3203
87.7447
88.1233
88.4591
88.756
89.0182
89.2493
89.4515
89.6251
89.7678
89.8736
89.9338
89.9378
89.8758
89.7394
89.5222
89.2196
88.8272
88.3405
87.7543
87.0617
86.2539
85.3195
84.2445
83.0122
81.6036
79.9989
78.1789
76.1267
73.8301
71.2844
48.3039
49.6541
50.8704
51.9597
52.9332
53.8042
54.586
55.2912
55.9309
56.5149
57.0518
57.5488
58.0124
58.4483
58.8614
59.2566
59.6379
60.0097
60.3758
60.7406
61.1081
61.4828
61.8698
62.2745
62.7028
63.1614
63.6573
64.1979
64.7892
65.4353
66.1352
66.8812
67.6584
68.4484
69.2375
70.0209
70.8019
71.5893
72.3948
73.2294
74.1009
75.0095
75.945
76.8859
77.8047
78.6792
79.4987
80.2626
80.9775
81.6543
82.3055
82.9435
83.579
84.2193
84.866
85.5131
86.1463
86.7471
87.3004
87.7984
88.2402
88.6296
88.9729
89.2778
89.5518
89.8018
90.0332
90.2488
90.447
90.6211
90.7579
90.8413
90.857
90.7953
90.6509
90.4209
90.1034
89.696
89.1952
88.5955
87.8885
87.0622
86.1003
84.982
83.682
82.1732
80.4276
78.4192
76.1272
73.5412
49.5167
50.8689
52.0568
53.0936
53.9984
54.7912
55.4906
56.1126
56.6704
57.1751
57.6358
58.0599
58.4539
58.8231
59.1723
59.5058
59.8276
60.1415
60.4511
60.7603
61.0732
61.3941
61.7282
62.0813
62.4601
62.873
63.3296
63.8407
64.4175
65.0694
65.7994
66.598
67.4379
68.2801
69.0995
69.8909
70.6638
71.4365
72.2312
73.0699
73.9709
74.9419
75.9709
77.0198
78.0323
78.9694
79.818
80.5837
81.2822
81.9332
82.5572
83.1742
83.8022
84.4555
85.1405
85.8498
86.5577
87.226
87.828
88.3543
88.8079
89.1987
89.5388
89.8407
90.1165
90.3778
90.6344
90.8938
91.1578
91.4187
91.6556
91.8387
91.946
91.967
91.8994
91.7448
91.5055
91.1825
90.7753
90.2805
89.6915
88.9967
88.1782
87.21
86.0582
84.6853
83.0517
81.1172
78.8448
76.2113
50.9661
52.3186
53.4589
54.4157
55.2228
55.9108
56.5048
57.0243
57.4844
57.8967
58.2703
58.6124
58.9288
59.2245
59.5036
59.7698
60.0266
60.2771
60.5247
60.7726
61.0244
61.2843
61.5571
61.8485
62.1662
62.5196
62.921
63.3865
63.9353
64.5886
65.3626
66.2529
67.2114
68.1421
68.9995
69.7848
70.5233
71.2495
72.0014
72.8181
73.7376
74.7878
75.9654
77.2034
78.3656
79.3841
80.2536
80.9985
81.6522
82.2478
82.8159
83.3858
83.9859
84.6431
85.3769
86.1854
87.0231
87.7973
88.4614
89.0113
89.4629
89.8376
90.1563
90.4377
90.6991
90.957
91.2283
91.5288
91.8698
92.2474
92.6274
92.942
93.156
93.2628
93.2699
93.1875
93.0245
92.787
92.4781
92.098
91.6434
91.106
90.4685
89.6992
88.7494
87.5695
86.1063
84.2985
82.0794
79.3936
52.7292
54.0719
55.1234
55.9514
56.6166
57.1637
57.6241
58.0195
58.3651
58.672
58.9481
59.1996
59.4315
59.6476
59.8512
60.0452
60.2323
60.4149
60.5956
60.7769
60.9619
61.1537
61.3566
61.5758
61.8185
62.0945
62.418
62.8098
63.3002
63.9317
64.7557
65.8072
67.0225
68.1073
69.0006
69.7435
70.3979
71.023
71.6754
72.4153
73.3132
74.4475
75.8702
77.493
78.9029
80.0105
80.8654
81.5417
82.103
82.5987
83.0689
83.5507
84.0843
84.7172
85.5025
86.4757
87.5765
88.5237
89.256
89.8066
90.2253
90.5539
90.824
91.0601
91.283
91.5137
91.7766
92.1022
92.5256
93.0694
93.6896
94.187
94.5165
94.6989
94.7657
94.7427
94.6473
94.4908
94.28
94.0193
93.7112
93.3559
92.9451
92.4451
91.7687
90.8583
89.6538
88.0691
85.983
83.256
54.9614
56.2428
57.1074
57.7197
58.1784
58.5394
58.8349
59.0842
59.2996
59.4893
59.659
59.8131
59.9547
60.0864
60.2104
60.3284
60.4422
60.5533
60.6633
60.7739
60.887
61.0049
61.1303
61.2671
61.4205
61.5987
61.8144
62.0888
62.4595
62.9951
63.8188
65.123
67.0192
68.3455
69.2157
69.827
70.3119
70.7547
71.2208
71.7824
72.5458
73.6891
75.4839
78.0864
79.8726
80.9978
81.7314
82.2475
82.6453
82.9833
83.3021
83.638
84.0365
84.5685
85.3544
86.5788
88.3481
89.5562
90.3087
90.7887
91.114
91.3508
91.5375
91.6983
91.8525
92.0205
92.231
92.5314
93.0044
93.778
94.9251
95.6701
96.0855
96.2978
96.3874
96.3984
96.3546
96.2691
96.1503
96.0052
95.8436
95.6822
95.5466
95.4415
95.1217
94.5672
93.7453
92.5586
90.806
88.1381
58.066
59.0119
59.4528
59.707
59.8788
60.0074
60.1101
60.1956
60.2689
60.3331
60.3904
60.4423
60.49
60.5342
60.5758
60.6154
60.6536
60.6909
60.7279
60.7651
60.8032
60.8429
60.8854
60.932
60.9847
61.0468
61.1239
61.2267
61.3792
61.6414
62.1877
63.5841
67.8339
69.2381
69.8008
70.0901
70.284
70.45
70.6262
70.8561
71.2287
71.9898
73.9315
79.8524
81.7911
82.5458
82.9076
83.1206
83.2704
83.3927
83.5074
83.6321
83.7935
84.051
84.5716
85.8943
89.9243
91.2414
91.7506
91.9903
92.1264
92.2167
92.2847
92.3424
92.3986
92.4629
92.5526
92.7086
93.0471
93.9451
96.736
97.6243
97.9434
98.0697
98.1185
98.1296
98.1184
98.092
98.0547
98.0113
97.9721
97.9676
98.1008
98.7433
98.8092
98.6577
98.3586
97.8593
96.9439
94.9222
60.4773
57.2153
53.7614
50.1269
46.3244
42.368
38.2727
34.0539
29.7269
25.3073
20.81
16.2499
11.6413
6.99846
2.33509
60.6758
57.405
53.9402
50.2929
46.4765
42.5053
38.3949
34.1607
29.8185
25.3839
20.872
16.2977
11.6752
7.01869
2.34181
61.0754
57.7866
54.2994
50.6263
46.7815
42.7805
38.6393
34.3742
30.0015
25.5369
20.9958
16.393
11.7428
7.05898
2.35521
61.681
58.3644
54.8426
51.1296
47.2411
43.1942
39.0061
34.6941
30.2752
25.7655
21.1805
16.5351
11.8434
7.119
2.37515
62.5006
59.1451
55.575
51.8063
47.8575
43.7474
39.4953
35.1197
30.6385
26.0683
21.4249
16.7229
11.9763
7.1982
2.40146
63.5456
60.1383
56.5037
52.6614
48.6332
44.441
40.1064
35.6497
31.0897
26.4435
21.7271
16.9548
12.1401
7.2958
2.43387
64.8314
61.3564
57.6379
53.7006
49.571
45.2753
40.8381
36.2816
31.6258
26.8881
22.0842
17.2284
12.3332
7.41072
2.47202
66.3786
62.8159
58.9888
54.93
50.673
46.2495
41.6876
37.0116
32.2424
27.3977
22.4927
17.5406
12.5533
7.54156
2.51544
68.2151
64.5373
60.5692
56.3555
51.9397
47.3604
42.6495
37.8335
32.9335
27.9666
22.9473
17.8874
12.7973
7.68653
2.56352
70.3786
66.5468
62.3929
57.9809
53.3681
48.6009
43.7151
38.738
33.69
28.5871
23.4416
18.2636
13.0617
7.84342
2.61553
72.9212
68.8758
64.4723
59.8051
54.9489
49.9581
44.8704
39.7118
34.5003
29.249
23.9674
18.663
13.342
8.00964
2.6706
75.9173
71.5603
66.8131
61.8158
56.6623
51.4104
46.095
40.7369
35.3492
29.9401
24.5152
19.0785
13.6332
8.1822
2.72777
79.4751
74.6324
69.4014
63.9806
58.4719
52.9243
47.3604
41.7903
36.2182
30.6459
25.0737
19.5017
13.9298
8.35787
2.78596
83.748
78.0901
72.1769
66.2308
60.3183
54.4526
48.6302
42.844
37.0862
31.3504
25.6312
19.9241
14.2258
8.53326
2.84406
88.8863
81.8003
74.9826
68.4449
62.1157
55.9353
49.8623
43.8676
37.9308
32.0371
26.1754
20.3371
14.5155
8.70502
2.90097
11.6275
14.8806
18.1281
21.3663
24.5919
27.8017
30.9936
34.1667
37.3224
40.4665
43.6131
46.7915
50.0632
53.5682
57.6928
11.6666
14.998
18.3241
21.6413
24.9462
28.2359
31.5079
34.7609
37.9957
41.2173
44.4386
47.6877
51.022
54.5549
58.4893
11.7069
15.119
18.526
21.9244
25.3108
28.6819
32.0347
35.3669
38.6773
41.9673
45.2437
48.5234
51.8417
55.2614
58.8644
11.7484
15.2435
18.7336
22.2154
25.6854
29.1399
32.5752
35.9873
39.3722
42.7259
46.0455
49.3312
52.5897
55.8393
59.1089
11.7909
15.3712
18.9468
22.5144
26.0703
29.6108
33.1312
36.6259
40.0878
43.507
46.8698
50.1566
53.3425
56.402
59.3306
11.8345
15.5021
19.1653
22.8209
26.4655
30.095
33.7042
37.2865
40.8321
44.3264
47.7456
51.051
54.1817
57.0541
59.601
11.8791
15.6359
19.3888
23.1348
26.8707
30.5926
34.2953
37.9717
41.6112
45.1969
48.6993
52.0656
55.1989
57.9307
60.0304
11.9245
15.7723
19.6167
23.4553
27.2852
31.1029
34.9038
38.6816
42.4268
46.1241
49.7463
53.2406
56.4937
59.2448
60.9044
11.9706
15.9108
19.8485
23.7815
27.7077
31.6242
35.5277
39.4133
43.2748
47.1024
50.8809
54.5817
58.1356
61.3153
63.1317
12.0172
16.0511
20.0831
24.112
28.1363
32.154
36.1631
40.161
44.1451
48.1137
52.0684
56.0235
60.036
64.3311
69.9142
12.0642
16.1924
20.3197
24.4454
28.5688
32.6891
36.8055
40.9173
45.0253
49.1334
53.2543
57.4239
61.7388
66.4507
72.1613
12.1114
16.3341
20.557
24.7799
29.003
33.2263
37.4501
41.6754
45.9045
50.1431
54.4051
58.722
63.1642
67.8752
73.0825
12.1584
16.4757
20.7939
25.1139
29.4365
33.7624
38.093
42.4299
46.7759
51.1355
55.5164
59.9315
64.4014
68.9533
73.6077
12.2052
16.6163
21.0294
25.4458
29.867
34.2947
38.7306
43.1772
47.6368
52.1118
56.6025
61.1016
65.5801
69.9584
74.0822
12.2515
16.7554
21.2622
25.7738
30.2925
34.8204
39.3601
43.9144
48.4858
53.0759
57.6814
62.2846
66.8267
71.1386
74.7967
12.297
16.8923
21.4913
26.0966
30.7109
35.3371
39.9786
44.6386
49.3209
54.0281
58.7604
63.5084
68.2316
72.7708
76.4201
12.3416
17.0264
21.7157
26.4126
31.1204
35.8426
40.5832
45.3465
50.1374
54.9617
59.8271
64.7477
69.7625
75.0192
81.2011
12.3852
17.1572
21.9345
26.7206
31.5193
36.3346
41.1712
46.0341
50.9295
55.8653
60.854
65.9202
71.1236
76.623
82.8157
12.4274
17.2843
22.1469
27.0194
31.9059
36.8111
41.7399
46.6981
51.6923
56.731
61.8256
66.9956
72.2774
77.7435
83.5137
12.4683
17.407
22.3521
27.3079
32.279
37.2704
42.2874
47.336
52.4231
57.5563
62.7434
67.9917
73.3013
78.6509
83.9712
12.5076
17.5252
22.5495
27.5853
32.6374
37.711
42.8118
47.9462
53.1208
58.3427
63.6173
68.9434
74.2956
79.5766
84.5112
12.5454
17.6384
22.7386
27.8508
32.9801
38.1319
43.3121
48.5272
53.7843
59.0909
64.4539
69.8754
75.3374
80.7409
85.6155
12.5814
17.7465
22.9191
28.104
33.3065
38.5323
43.7872
49.078
54.4122
59.7987
65.2483
70.7774
76.418
82.2705
88.7766
12.6156
17.8493
23.0906
28.3444
33.6162
38.9115
44.2364
49.5975
55.0026
60.461
65.9861
71.6001
77.3494
83.344
89.8424
12.6481
17.9467
23.2529
28.5719
33.9088
39.2694
44.6594
50.0854
55.5545
61.0756
66.6604
72.3271
78.1086
84.0655
90.2882
12.6787
18.0386
23.4061
28.7863
34.1844
39.6059
45.0565
50.5421
56.0691
61.6446
67.2761
72.9726
78.7441
84.6002
90.5413
12.7075
18.125
23.55
28.9877
34.4431
39.9215
45.4282
50.9688
56.5487
62.173
67.8451
73.5642
79.3189
85.0738
90.7579
12.7345
18.206
23.6849
29.1762
34.685
40.2164
45.7754
51.3671
56.9962
62.6667
68.3796
74.1293
79.8914
85.5943
91.0604
12.7597
18.2815
23.8107
29.3521
34.9107
40.4913
46.0988
51.7381
57.4137
63.1294
68.8871
74.6839
80.503
86.2772
91.7175
12.7831
18.3518
23.9276
29.5155
35.1202
40.7465
46.3991
52.0827
57.802
63.5613
69.3655
75.2213
81.1438
87.1896
93.6238
12.8048
18.4168
24.0358
29.6667
35.3141
40.9826
46.6769
52.4014
58.161
63.9606
69.8066
75.7103
81.6969
87.8301
94.2649
12.8248
18.4766
24.1354
29.8059
35.4926
41.1999
46.9325
52.6946
58.4909
64.326
70.2058
76.1399
82.146
88.2588
94.5316
12.843
18.5314
24.2266
29.9333
35.6559
41.3988
47.1665
52.9629
58.7923
64.6586
70.5657
76.5176
82.519
88.5741
94.6817
12.8596
18.5811
24.3094
30.049
35.8043
41.5797
47.3793
53.2071
59.0668
64.9614
70.8926
76.8591
82.8527
88.8508
94.809
12.8745
18.6259
24.384
30.1533
35.9381
41.7428
47.5715
53.4279
59.3156
65.2372
71.1932
77.1797
83.181
89.1528
94.9866
12.8878
18.6658
24.4504
30.2462
36.0574
41.8884
47.7432
53.6257
59.5396
65.4875
71.4709
77.488
83.5278
89.5485
95.3747
12.8995
18.7007
24.5087
30.3277
36.1622
42.0165
47.8946
53.8006
59.7383
65.7115
71.7235
77.7786
83.8857
90.0769
96.5072
12.9095
18.7308
24.5588
30.398
36.2526
42.127
48.0255
53.9521
59.9111
65.9069
71.9443
78.0312
84.183
90.4369
96.8818
12.9179
18.756
24.6009
30.4569
36.3285
42.2199
48.1356
54.0799
60.057
66.0716
72.129
78.2368
84.4073
90.6618
97.0294
12.9247
18.7764
24.6348
30.5044
36.3897
42.2951
48.2249
54.1835
60.1754
66.2049
72.2769
78.3969
84.571
90.8058
97.1011
12.9298
18.7917
24.6604
30.5405
36.4363
42.3523
48.293
54.2628
60.2661
66.3071
72.3898
78.5173
84.6906
90.9053
97.1461
12.9333
18.8022
24.6779
30.565
36.468
42.3914
48.3398
54.3176
60.3292
66.3787
72.4697
78.6039
84.7792
90.9844
97.1892
12.9351
18.8076
24.687
30.5778
36.4847
42.4123
48.365
54.3476
60.3645
66.4199
72.5177
78.6599
84.8449
91.0614
97.2653
12.9352
18.808
24.6877
30.5789
36.4864
42.4147
48.3684
54.3524
60.3714
66.4301
72.533
78.6841
84.8866
91.1447
97.4793
12.9337
18.8033
24.68
30.5682
36.4728
42.3984
48.3497
54.3317
60.3494
66.408
72.5129
78.6705
84.8875
91.1725
97.5359
12.9304
18.7936
24.6638
30.5456
36.4439
42.3632
48.3086
54.2849
60.2974
66.3519
72.4546
78.6136
84.8391
91.1433
97.5338
12.9255
18.7788
24.639
30.511
36.3995
42.3091
48.2448
54.2116
60.2149
66.2606
72.3553
78.5085
84.7336
91.052
97.4885
12.9188
18.7588
24.6058
30.4645
36.3396
42.2359
48.1582
54.1117
60.1015
66.1334
72.2137
78.3513
84.5613
90.8761
97.3695
12.9105
18.7337
24.564
30.4059
36.2642
42.1435
48.0489
53.9852
59.9575
65.9709
72.0305
78.1419
84.3139
90.5737
97.0508
12.9004
18.7036
24.5137
30.3354
36.1733
42.0322
47.917
53.8324
59.7835
65.7747
71.8094
77.8883
84.0032
90.118
96.0785
12.8887
18.6684
24.4549
30.2529
36.0671
41.902
47.7625
53.6536
59.5801
65.5465
71.5558
77.6075
83.6905
89.7672
95.7411
12.8753
18.6282
24.3878
30.1588
35.9456
41.753
47.5858
53.4489
59.3475
65.2867
71.271
77.303
83.3799
89.4853
95.5795
12.8603
18.5831
24.3125
30.053
35.8091
41.5854
47.3868
53.2182
59.0853
64.994
70.9511
76.9654
83.0474
89.2087
95.4528
12.8436
18.5331
24.229
29.9357
35.6577
41.3994
47.1657
52.9616
58.7928
64.6659
70.5898
76.5786
82.6575
88.8722
95.2891
12.8254
18.4784
24.1376
29.8073
35.4918
41.1955
46.923
52.6792
58.4696
64.3007
70.1815
76.1273
82.1712
88.3929
94.9812
12.8057
18.4191
24.0385
29.668
35.3118
40.974
46.6591
52.3717
58.1168
63.8995
69.7261
75.6059
81.5591
87.6565
94.2204
12.7845
18.3554
23.932
29.5183
35.1182
40.7357
46.3751
52.0405
57.7362
63.4661
69.2321
75.0314
80.8448
86.5937
91.933
12.7619
18.2874
23.8184
29.3586
34.9116
40.4814
46.0718
51.6869
57.3306
63.0059
68.7132
74.4452
80.1732
85.8131
91.1552
12.7379
18.2154
23.6981
29.1893
34.6926
40.2117
45.7502
51.3121
56.9015
62.5219
68.1753
73.8597
79.5605
85.237
90.8087
12.7127
18.1396
23.5713
29.011
34.4619
39.9275
45.4113
50.9171
56.4494
62.0132
67.6143
73.2607
78.9626
84.7313
90.5718
12.6863
18.0603
23.4387
28.8244
34.2204
39.6297
45.0559
50.5025
55.9742
61.4769
67.02
72.6213
78.316
84.1736
90.3022
12.6588
17.9778
23.3006
28.63
33.9687
39.3194
44.6851
50.0693
55.4759
60.9108
66.3836
71.915
77.5541
83.4253
89.8255
12.6304
17.8922
23.1576
28.4287
33.7079
38.9977
44.3006
49.6192
54.9567
60.3167
65.7048
71.1321
76.6291
82.3073
88.6681
12.601
17.8041
23.0102
28.2212
33.4391
38.666
43.9039
49.1548
54.4203
59.7016
64.997
70.2987
75.5761
80.713
85.1952
12.571
17.7137
22.8589
28.0082
33.1633
38.3258
43.4972
48.6789
53.8718
59.0749
64.2833
69.4803
74.6186
79.571
84.0287
12.5402
17.6213
22.7044
27.7908
32.8817
37.9785
43.0823
48.1941
53.3146
58.4431
63.5757
68.7008
73.7882
78.7704
83.5312
12.5089
17.5273
22.5472
27.5696
32.5953
37.6254
42.6607
47.7021
52.7506
57.8069
62.8717
67.9455
73.0288
78.1215
83.2223
12.4773
17.4321
22.388
27.3455
32.3052
37.2677
42.2338
47.204
52.1798
57.1633
62.1596
67.1818
72.2608
77.4647
82.9091
12.4453
17.336
22.2272
27.1193
32.0124
36.9068
41.8029
46.701
51.6023
56.5091
61.428
66.3769
71.4041
76.6389
82.3953
12.4131
17.2393
22.0655
26.8918
31.718
36.5439
41.3695
46.1947
51.0196
55.845
60.6739
65.5157
70.4014
75.4486
81.1838
12.3808
17.1424
21.9035
26.6638
31.423
36.1804
40.9354
45.6874
50.4352
55.1771
59.9094
64.6223
69.2845
73.7783
77.5776
12.3486
17.0455
21.7416
26.4362
31.1285
35.8177
40.5025
45.1818
49.8535
54.5143
59.1566
63.7622
68.2825
72.5885
76.3662
12.3165
16.9491
21.5804
26.2096
30.8356
35.457
40.0725
44.6804
49.2783
53.8629
58.4278
62.9597
67.4274
71.7633
75.8525
12.2846
16.8533
21.4204
25.9848
30.545
35.0997
39.6469
44.1847
48.711
53.2236
57.7204
62.2
66.6621
71.1075
75.5393
12.253
16.7584
21.2619
25.7622
30.2578
34.7467
39.2268
43.696
48.152
52.5938
57.0233
61.4509
65.9064
70.4591
75.2293
12.2217
16.6646
21.1053
25.5426
29.9744
34.3989
38.8134
43.2152
47.6017
51.9712
56.3261
60.6807
65.0813
69.6576
74.727
12.1909
16.572
20.9509
25.3261
29.6957
34.0572
38.4078
42.7441
47.0619
51.3573
55.6275
59.8768
64.1324
68.5118
73.5425
12.1604
16.4806
20.7987
25.1131
29.4218
33.7223
38.0113
42.2847
46.5366
50.7594
54.9421
59.0668
63.0959
66.9117
70.0039
12.1304
16.3905
20.6488
24.9035
29.153
33.3945
37.6248
41.839
46.0303
50.1882
54.2953
58.3215
62.2057
65.8122
68.8379
12.1007
16.3016
20.5009
24.6972
28.889
33.0738
37.2485
41.4083
45.5461
49.6507
53.7034
57.6733
61.5066
65.1142
68.3787
12.0713
16.2137
20.3548
24.4937
28.6291
32.7593
36.8816
40.9918
45.0839
49.1478
53.1676
57.1183
60.9626
64.6527
68.1545
12.0422
16.1263
20.2098
24.2921
28.3724
32.4496
36.522
40.587
44.6401
48.6743
52.6783
56.6356
60.5238
64.3202
68.0186
12.0131
16.0393
20.0654
24.0914
28.1171
32.1425
36.1668
40.1894
44.2083
48.2204
52.2201
56.1993
60.1472
64.054
67.9189
11.984
15.9521
19.9207
23.8904
27.8616
31.8352
35.8121
39.7933
43.7802
47.7738
51.7748
55.7831
59.7974
63.815
67.8326
11.9546
15.8643
19.775
23.6878
27.6039
31.525
35.4534
39.3923
43.3462
47.3207
51.323
55.3613
59.4437
63.5741
67.746
11.925
15.7756
19.6276
23.4826
27.3421
31.2089
35.0864
38.98
42.8968
46.8472
50.8448
54.9074
59.0549
63.3026
67.6459
11.895
15.6856
19.4779
23.2736
27.0748
30.8846
34.7076
38.5505
42.4231
46.3396
50.3202
54.3931
58.5948
62.9631
67.5121
11.8646
15.5942
19.3256
23.0605
26.8009
30.5505
34.3141
38.0994
41.9178
45.7862
49.73
53.788
58.0173
62.4963
67.3019
11.8337
15.5014
19.1707
22.8429
26.5202
30.2058
33.9047
37.6245
41.3768
45.1791
49.0593
53.0624
57.2647
61.801
66.9014
11.8024
15.4074
19.0134
22.6215
26.2332
29.8513
33.4801
37.1262
40.7999
44.5168
48.302
52.1971
56.2785
60.7121
65.9591
94.0531
84.9524
77.2952
70.2811
63.6246
57.1943
50.918
44.7512
38.6643
32.6363
26.6519
20.6997
14.7703
8.8563
2.95114
95.6866
86.8134
78.9489
71.7003
64.8376
58.2304
51.8005
45.498
39.2891
33.1497
27.0622
21.0129
14.9909
8.98749
2.99467
96.3673
87.9715
80.173
72.8496
65.8714
59.1418
52.5931
46.1786
39.8646
33.6264
27.4452
21.3065
15.1984
9.11107
3.03571
96.709
88.7125
81.0651
73.7572
66.731
59.9258
53.2913
46.7883
40.3864
34.0624
27.798
21.5783
15.3911
9.2261
3.07396
96.909
89.2087
81.7192
74.4674
67.4353
60.5899
53.8969
47.3264
40.8531
34.4563
28.119
21.8269
15.5681
9.33199
3.10921
97.0395
89.5562
82.2061
75.0231
68.0082
61.1463
54.4161
47.7958
41.2657
34.808
28.4078
22.0518
15.7288
9.42844
3.14135
97.1308
89.8089
82.5749
75.46
68.4732
61.6098
54.8574
48.2015
41.6267
35.1189
28.6651
22.2534
15.8734
9.51544
3.17039
97.1978
89.9983
82.8589
75.8059
68.8508
61.9944
55.2305
48.5495
41.9402
35.3915
28.8923
22.4324
16.0024
9.59322
3.19638
97.2485
90.1434
83.0808
76.0818
69.1581
62.3132
55.5445
48.8463
42.2106
35.6287
29.0914
22.5902
16.1165
9.66221
3.21946
97.2878
90.2567
83.2563
76.3035
69.409
62.5773
55.8083
49.0986
42.4427
35.8338
29.2648
22.7282
16.2167
9.72295
3.2398
97.3187
90.3464
83.3966
76.4828
69.6144
62.7962
56.0294
49.3122
42.6409
36.0104
29.415
22.8483
16.3042
9.77609
3.25763
97.3433
90.4182
83.5096
76.6286
69.7831
62.9778
56.2146
49.4926
42.8096
36.1617
29.5443
22.9522
16.3801
9.82231
3.27314
97.3631
90.4761
83.6013
76.7477
69.922
63.1287
56.3696
49.6448
42.9529
36.2909
29.6553
23.0417
16.4457
9.86231
3.28658
97.3792
90.5231
83.6761
76.8454
70.0368
63.254
56.4993
49.773
43.0742
36.4008
29.7501
23.1185
16.5021
9.89676
3.29817
97.3923
90.5616
83.7374
76.9258
70.1317
63.3583
56.6077
49.8807
43.1767
36.4942
29.8309
23.184
16.5504
9.9263
3.30811
97.403
90.5931
83.7878
76.9922
70.2103
63.4451
56.6984
49.9712
43.2631
36.5731
29.8995
23.2399
16.5915
9.95155
3.31661
97.4118
90.619
83.8293
77.047
70.2755
63.5173
56.7742
50.0471
43.3359
36.6398
29.9576
23.2872
16.6266
9.97303
3.32385
97.419
90.6403
83.8636
77.0924
70.3295
63.5774
56.8375
50.1106
43.397
36.696
30.0066
23.3273
16.6562
9.99125
3.32999
97.425
90.6579
83.8919
77.1299
70.3743
63.6273
56.8901
50.1637
43.4481
36.7431
30.0479
23.3611
16.6813
10.0066
3.33518
97.4299
90.6724
83.9152
77.1608
70.4114
63.6687
56.9339
50.2079
43.4909
36.7826
30.0824
23.3894
16.7023
10.0196
3.33955
97.434
90.6843
83.9344
77.1863
70.442
63.7029
56.9702
50.2446
43.5264
36.8154
30.1112
23.4131
16.7199
10.0304
3.3432
97.4373
90.6941
83.9501
77.2073
70.4671
63.7311
57.0001
50.2748
43.5557
36.8426
30.1351
23.4327
16.7344
10.0394
3.34623
97.44
90.702
83.9629
77.2243
70.4876
63.754
57.0244
50.2995
43.5797
36.8648
30.1547
23.4488
16.7464
10.0467
3.34872
97.4421
90.7084
83.9732
77.238
70.504
63.7725
57.0441
50.3195
43.5991
36.8828
30.1705
23.4618
16.7561
10.0527
3.35075
97.4438
90.7134
83.9813
77.2487
70.517
63.7871
57.0596
50.3353
43.6144
36.8971
30.1831
23.4722
16.7639
10.0575
3.35236
97.4451
90.7172
83.9874
77.257
70.5269
63.7982
57.0715
50.3474
43.6262
36.9081
30.1928
23.4802
16.7698
10.0612
3.35359
97.446
90.72
83.9919
77.2629
70.5341
63.8063
57.0801
50.3562
43.6348
36.916
30.1998
23.486
16.7741
10.0638
3.3545
97.4466
90.7217
83.9947
77.2667
70.5387
63.8115
57.0857
50.3619
43.6404
36.9212
30.2044
23.4898
16.777
10.0656
3.3551
97.4469
90.7226
83.9961
77.2686
70.541
63.8141
57.0885
50.3647
43.6432
36.9239
30.2068
23.4917
16.7784
10.0665
3.3554
97.4469
90.7225
83.996
77.2685
70.5409
63.814
57.0885
50.3648
43.6433
36.924
30.2069
23.4919
16.7786
10.0666
3.35543
97.4466
90.7215
83.9945
77.2665
70.5385
63.8114
57.0857
50.362
43.6407
36.9216
30.2049
23.4902
16.7773
10.0658
3.35518
97.4459
90.7196
83.9914
77.2624
70.5337
63.806
57.0801
50.3564
43.6353
36.9167
30.2006
23.4867
16.7747
10.0642
3.35464
97.4449
90.7167
83.9867
77.2562
70.5262
63.7978
57.0714
50.3478
43.627
36.9091
30.1939
23.4813
16.7707
10.0618
3.35381
97.4435
90.7126
83.9801
77.2475
70.516
63.7864
57.0595
50.3358
43.6155
36.8985
30.1848
23.4738
16.7652
10.0584
3.35267
97.4417
90.7072
83.9715
77.2361
70.5024
63.7715
57.0439
50.3202
43.6005
36.8849
30.1729
23.4641
16.758
10.054
3.35119
97.4393
90.7003
83.9604
77.2216
70.4852
63.7525
57.0241
50.3004
43.5817
36.8676
30.1579
23.4519
16.7491
10.0485
3.34934
97.4363
90.6915
83.9465
77.2033
70.4637
63.7288
56.9995
50.276
43.5584
36.8465
30.1396
23.437
16.7381
10.0418
3.34707
97.4326
90.6805
83.929
77.1805
70.437
63.6997
56.9693
50.2462
43.5302
36.8208
30.1174
23.4191
16.7249
10.0337
3.34435
97.4279
90.6667
83.9073
77.1523
70.4041
63.664
56.9326
50.2101
43.4961
36.79
30.0909
23.3976
16.7091
10.0241
3.34112
97.4219
90.6495
83.8801
77.1174
70.3638
63.6206
56.8883
50.1668
43.4555
36.7534
30.0595
23.3723
16.6906
10.0128
3.33732
97.4144
90.6277
83.8462
77.0743
70.3144
63.568
56.835
50.1151
43.4073
36.7103
30.0226
23.3427
16.6689
9.99954
3.33288
97.4047
90.5999
83.8035
77.0206
70.2539
63.5043
56.7712
50.0537
43.3505
36.6596
29.9795
23.3081
16.6437
9.98422
3.32774
97.392
90.5639
83.7492
76.9537
70.1798
63.4273
56.6951
49.9812
43.2838
36.6006
29.9295
23.2682
16.6146
9.96657
3.32182
97.3748
90.5163
83.6793
76.8699
70.0889
63.3347
56.6046
49.896
43.2062
36.5323
29.8719
23.2224
16.5813
9.94639
3.31506
97.3503
90.4514
83.588
76.7643
69.9776
63.2236
56.4978
49.7965
43.1162
36.4536
29.8059
23.17
16.5434
9.92344
3.30737
97.3125
90.3595
83.467
76.6309
69.8418
63.0911
56.3726
49.6812
43.0128
36.3638
29.7308
23.1107
16.5006
9.89751
3.2987
97.2463
90.2231
83.3046
76.463
69.6773
62.9347
56.227
49.5486
42.8948
36.2618
29.6459
23.0438
16.4523
9.8684
3.28896
97.1089
90.0117
83.0866
76.2543
69.4812
62.7524
56.0597
49.3975
42.7613
36.1469
29.5507
22.969
16.3985
9.83592
3.27811
96.7604
89.6784
82.8019
76.0024
69.2524
62.5433
55.8696
49.2271
42.6114
36.0185
29.4445
22.8857
16.3387
9.79991
3.26609
95.7752
89.1999
82.4616
75.7141
68.9935
62.3078
55.6565
49.0367
42.4446
35.876
29.327
22.7938
16.2727
9.76022
3.25284
95.4306
88.8323
82.1253
75.4051
68.7086
62.0466
55.42
48.8259
42.2603
35.7189
29.1978
22.6929
16.2004
9.71673
3.23832
95.2643
88.5378
81.7961
75.0776
68.3977
61.7593
55.1595
48.5939
42.0579
35.5469
29.0565
22.5827
16.1215
9.66935
3.22252
95.1341
88.2514
81.4487
74.7211
68.0564
61.4435
54.8737
48.3401
41.8371
35.3596
28.9029
22.4631
16.036
9.61801
3.2054
94.9677
87.9072
81.0468
74.3189
67.6772
61.096
54.5612
48.0639
41.5975
35.1567
28.737
22.334
15.9438
9.56269
3.18696
94.6577
87.4216
80.5506
73.8549
67.254
60.7147
54.2213
47.7648
41.3389
34.9384
28.5586
22.1954
15.8449
9.50338
3.1672
93.8951
86.6802
79.9305
73.3229
66.7863
60.2999
53.8543
47.4433
41.0616
34.7046
28.3679
22.0474
15.7394
9.44013
3.14613
91.6062
85.6132
79.2095
72.7397
66.2819
59.8551
53.4618
47.1
40.7661
34.4558
28.1651
21.8902
15.6273
9.373
3.12377
90.8273
84.8291
78.5323
72.1461
65.7543
59.3852
53.046
46.7363
40.453
34.1924
27.9506
21.724
15.5089
9.30211
3.10016
90.4798
84.2501
77.9149
71.5544
65.209
58.8929
52.6083
46.3528
40.123
33.9149
27.7248
21.5491
15.3845
9.22759
3.07535
90.2421
83.742
77.313
70.9502
64.6417
58.3772
52.1488
45.9503
39.7768
33.6241
27.4883
21.3661
15.2542
9.14961
3.04939
89.9717
83.1821
76.663
70.3062
64.042
57.8349
51.6671
45.5292
39.4152
33.3205
27.2416
21.1752
15.1184
9.06838
3.02235
89.4944
82.4319
75.8982
69.596
63.4009
57.2635
51.1633
45.0903
39.0389
33.0051
26.9855
20.9772
14.9776
8.98412
2.9943
88.3364
81.3123
74.9706
68.8096
62.7179
56.6648
50.639
44.6352
38.6495
32.6789
26.7207
20.7726
14.8321
8.8971
2.96534
84.8631
79.7166
73.9152
67.9731
62.0064
56.0454
50.0982
44.1662
38.2484
32.3431
26.4483
20.562
14.6825
8.80759
2.93555
83.6961
78.5733
72.9556
67.1519
61.2892
55.4149
49.5455
43.6861
37.8376
31.999
26.1691
20.3464
14.5291
8.71589
2.90503
83.1982
77.7714
72.1232
66.3696
60.5783
54.7794
48.9845
43.1973
37.4188
31.6481
25.8843
20.1263
14.3727
8.62231
2.87389
82.8889
77.1213
71.3618
65.6117
59.8711
54.1396
48.4166
42.7015
36.9934
31.2915
25.5948
19.9025
14.2136
8.52716
2.84222
82.5753
76.4633
70.5918
64.8454
59.1559
53.4924
47.8419
42.1995
36.5627
30.9303
25.3016
19.6758
14.0524
8.43076
2.81013
82.061
75.6361
69.733
64.0377
58.4209
52.8345
47.2605
41.6924
36.1278
30.5657
25.0055
19.447
13.8897
8.33341
2.77773
80.8491
74.4445
68.728
63.1735
57.6633
52.1664
46.6735
41.1817
35.6903
30.1989
24.7077
19.2167
13.7259
8.23543
2.74512
77.2423
72.7727
67.6087
62.2768
56.8948
51.4941
46.0845
40.6697
35.2516
29.8312
24.409
18.9857
13.5616
8.1371
2.71239
76.0304
71.5811
66.604
61.4131
56.1377
50.8264
45.4977
40.1589
34.8137
29.4637
24.1104
18.7546
13.3972
8.03872
2.67963
75.5161
70.754
65.7458
60.6065
55.4039
50.1694
44.9165
39.6516
34.3779
29.0978
23.8128
18.5243
13.2332
7.94053
2.64694
75.202
70.0959
64.9768
59.842
54.6907
49.5237
44.3425
39.1491
33.9458
28.7345
23.517
18.2951
13.07
7.84277
2.61438
74.8911
69.4448
64.2168
59.0872
53.9869
48.8865
43.7757
38.6525
33.5181
28.3745
23.2237
18.0677
12.9079
7.74563
2.58202
74.3877
68.6402
63.3867
58.3102
53.2817
48.2551
43.2162
38.1626
33.0959
28.0187
22.9334
17.8423
12.7471
7.64923
2.5499
73.2019
67.4906
62.4317
57.4983
52.5737
47.6308
42.6656
37.6807
32.6801
27.6677
22.6466
17.6193
12.5878
7.55366
2.51804
69.6618
65.8858
61.3878
56.6787
51.877
47.0206
42.1275
37.2086
32.2716
27.3219
22.3633
17.3987
12.43
7.45892
2.48645
68.4938
64.7807
60.4887
55.9218
51.2167
46.4346
41.606
36.7481
31.8711
26.9815
22.0836
17.1803
12.2737
7.36493
2.45509
68.0322
64.0758
59.7786
55.2594
50.6084
45.8794
41.1038
36.2998
31.4783
26.646
21.807
16.9639
12.1184
7.2715
2.4239
67.805
63.6056
59.2209
54.6871
50.0526
45.3554
40.6202
35.8626
31.0922
26.3144
21.5326
16.7487
11.9638
7.17837
2.3928
67.6654
63.2621
58.7653
54.183
49.5391
44.8563
40.1509
35.4334
30.7103
25.9849
21.2591
16.5337
11.8091
7.08516
2.36167
67.5608
62.9819
58.3672
53.72
49.0513
44.3717
39.6888
35.0072
30.329
25.6548
20.9846
16.3178
11.6537
6.99145
2.33036
67.4681
62.7246
57.9901
53.2706
48.5696
43.888
39.2247
34.5776
29.944
25.3214
20.7072
16.0996
11.4966
6.89675
2.29872
67.3726
62.4594
57.6008
52.8067
48.073
43.3904
38.7483
34.1376
29.5506
24.9812
20.4248
15.8777
11.337
6.80062
2.26661
67.2599
62.1544
57.1651
52.2993
47.5397
42.8633
38.249
33.6801
29.144
24.6313
20.1353
15.6508
11.1742
6.70263
2.23391
67.1069
61.767
56.6419
51.7166
46.9473
42.2918
37.7171
33.199
28.7204
24.2693
19.8371
15.418
11.0075
6.6025
2.20051
66.8636
61.2287
55.9785
51.0241
46.2745
41.6631
37.1448
32.6894
28.2768
23.8933
19.5294
15.1788
10.8367
6.50009
2.16639
66.3972
60.4215
55.1079
50.1879
45.5044
40.9685
36.5276
32.1492
27.8123
23.503
19.212
14.9331
10.6619
6.39547
2.13156
65.2966
59.1529
53.9623
49.186
44.6305
40.2068
35.8661
31.5793
27.3277
23.0992
18.8857
14.6816
10.4835
6.2889
2.09611
11.7677
15.3031
18.8386
22.3746
25.9119
29.4524
32.9988
36.556
40.1311
43.7349
47.3835
51.1013
54.9231
58.8911
62.9992
11.7298
15.1889
18.647
22.1032
25.5576
29.0102
32.462
35.9148
39.3714
42.8353
46.3107
49.7999
53.2961
56.7622
60.0721
11.6922
15.0757
18.4566
21.8333
25.2042
28.5679
31.9232
35.2687
38.6028
41.9226
45.2224
48.4896
51.6969
54.7873
57.6487
11.6554
14.9648
18.2702
21.5686
24.8573
28.1332
31.393
34.6328
37.8471
41.0285
44.165
47.2372
50.2127
53.0392
55.6382
11.6199
14.8578
18.0902
21.3131
24.5224
27.7137
30.882
34.021
37.1231
40.1778
43.1703
46.0796
48.8756
51.5165
53.9502
11.5862
14.7562
17.9193
21.0706
24.2048
27.3165
30.3991
33.4451
36.4452
39.3877
42.2572
45.0337
47.6916
50.1991
52.5213
11.5547
14.6614
17.7599
20.8445
23.9092
26.9474
29.9518
32.9139
35.8237
38.6691
41.4355
44.1048
46.656
49.0652
51.3079
11.5259
14.5745
17.614
20.6378
23.6394
26.6113
29.5458
32.4339
35.2653
38.0283
40.7092
43.2925
45.7608
48.0957
50.2798
11.5
14.4967
17.4833
20.453
23.3984
26.312
29.1854
32.0094
34.7741
37.4681
40.0791
42.5936
44.9971
47.2753
49.4151
11.4774
14.4287
17.3693
20.2918
23.1887
26.052
28.8733
31.6433
34.3523
36.9897
39.5442
42.004
44.357
46.5916
48.6974
11.4583
14.3712
17.2729
20.1558
23.012
25.8334
28.6114
31.3371
34.0008
36.5928
39.1026
41.5196
43.8337
46.0349
48.1149
11.4429
14.3247
17.1951
20.046
22.8695
25.6574
28.4011
31.0917
33.7201
36.2768
38.7522
41.1368
43.4214
45.5977
47.6583
11.4312
14.2896
17.1362
19.9631
22.7621
25.5249
28.243
30.9076
33.5099
36.0408
38.4912
40.8524
43.116
45.2744
47.3213
11.4233
14.266
17.0968
19.9076
22.6902
25.4363
28.1374
30.7849
33.37
35.884
38.3182
40.6641
42.9141
45.0611
47.099
11.4194
14.2542
17.077
19.8797
22.6541
25.3919
28.0846
30.7235
33.3001
35.8058
38.2319
40.5704
42.8137
44.955
46.9886
66.4857
67.663
68.2064
68.5154
68.7212
68.8727
68.9917
69.0889
69.1705
69.2402
69.3008
69.3539
69.4008
69.4426
69.4799
69.5134
69.5437
69.5709
69.5956
69.618
69.6383
69.6567
69.6735
69.6887
69.7025
69.7151
69.7265
69.7368
69.7462
69.7546
69.7623
69.7691
69.7753
69.7808
69.7856
69.7899
69.7937
69.7969
69.7996
69.8018
69.8036
69.8049
69.8058
69.8063
69.8064
69.806
69.8052
69.804
69.8023
69.8002
69.7976
69.7945
69.7909
69.7867
69.782
69.7767
69.7707
69.764
69.7566
69.7483
69.7392
69.7291
69.718
69.7058
69.6923
69.6775
69.6613
69.6434
69.6238
69.6022
69.5784
69.5522
69.5233
69.4914
69.4561
69.4169
69.3733
69.3245
69.2696
69.2076
69.1369
69.0554
68.9601
68.8465
68.7075
68.5303
68.2898
67.9284
67.2929
65.9153
62.6423
64.2186
65.2731
66.0117
66.558
66.9817
67.323
67.6056
67.8448
68.0505
68.2296
68.3869
68.5263
68.6505
68.7617
68.8616
68.9516
69.033
69.1066
69.1734
69.234
69.289
69.339
69.3845
69.4258
69.4633
69.4974
69.5283
69.5563
69.5816
69.6044
69.6249
69.6433
69.6597
69.6742
69.687
69.6982
69.7078
69.7159
69.7226
69.7279
69.7319
69.7346
69.736
69.7361
69.735
69.7326
69.729
69.724
69.7176
69.7098
69.7006
69.6898
69.6774
69.6633
69.6474
69.6295
69.6095
69.5873
69.5627
69.5354
69.5053
69.4721
69.4356
69.3954
69.3512
69.3026
69.2492
69.1906
69.126
69.0551
68.9769
68.8908
68.7956
68.6903
68.5736
68.4436
68.2985
68.1357
67.9518
67.7426
67.5024
67.223
66.8927
66.494
65.9987
65.3602
64.4967
63.2636
61.4199
59.8911
61.5231
62.792
63.782
64.5684
65.2068
65.7358
66.1822
66.5646
66.8963
67.1867
67.4431
67.6709
67.8744
68.0569
68.2211
68.3693
68.5033
68.6247
68.7348
68.8349
68.9257
69.0083
69.0834
69.1517
69.2137
69.27
69.3211
69.3673
69.4092
69.4469
69.4808
69.5112
69.5384
69.5624
69.5836
69.602
69.6179
69.6313
69.6424
69.6512
69.6578
69.6623
69.6646
69.6648
69.663
69.6591
69.653
69.6447
69.6342
69.6213
69.6061
69.5882
69.5677
69.5444
69.518
69.4885
69.4554
69.4187
69.3779
69.3328
69.283
69.2282
69.1677
69.1013
69.0283
68.948
68.8598
68.7629
68.6564
68.5392
68.4103
68.2683
68.1115
67.9383
67.7463
67.5331
67.2954
67.0292
66.7297
66.3904
66.003
65.5562
65.0347
64.4166
63.6707
62.7517
61.5944
60.1111
58.2031
57.723
59.3479
60.7097
61.8431
62.7895
63.5866
64.2649
64.8482
65.3549
65.7986
66.1901
66.5377
66.8478
67.1257
67.3755
67.6009
67.8045
67.9889
68.1562
68.308
68.446
68.5715
68.6855
68.7893
68.8836
68.9694
69.0473
69.1179
69.1819
69.2398
69.292
69.339
69.381
69.4186
69.4519
69.4812
69.5067
69.5287
69.5473
69.5626
69.5748
69.5839
69.5901
69.5933
69.5937
69.5911
69.5857
69.5772
69.5658
69.5512
69.5334
69.5123
69.4876
69.4592
69.4269
69.3905
69.3495
69.3038
69.2529
69.1965
69.1341
69.0652
68.9893
68.9057
68.8139
68.7129
68.6019
68.4801
68.3462
68.1992
68.0375
67.8598
67.6641
67.4484
67.2103
66.947
66.655
66.3303
65.968
65.562
65.1047
64.5863
63.9945
63.3131
62.5207
61.5895
60.4836
59.1592
57.5677
55.6685
55.9417
57.5493
58.954
60.171
61.2232
62.1347
62.928
63.6221
64.233
64.7735
65.2541
65.6834
66.0683
66.4145
66.7268
67.009
67.2646
67.4965
67.707
67.8984
68.0724
68.2307
68.3748
68.5059
68.6252
68.7336
68.8321
68.9215
69.0025
69.0757
69.1418
69.2012
69.2545
69.3021
69.3442
69.3813
69.4137
69.4415
69.465
69.4844
69.4999
69.5114
69.5193
69.5234
69.5238
69.5206
69.5136
69.503
69.4885
69.47
69.4475
69.4207
69.3895
69.3535
69.3126
69.2664
69.2146
69.1567
69.0922
69.0208
68.9419
68.8547
68.7586
68.6529
68.5367
68.409
68.2687
68.1147
67.9457
67.7601
67.5563
67.3323
67.086
66.8148
66.5159
66.186
65.8212
65.4167
64.967
64.4655
63.9041
63.2728
62.5593
61.7485
60.8219
59.7571
58.5279
57.1061
55.465
53.5867
54.4504
56.0407
57.466
58.7338
59.8568
60.8508
61.7314
62.5133
63.2097
63.8319
64.3894
64.8904
65.3419
65.7496
66.1185
66.4528
66.7563
67.032
67.2827
67.5109
67.7186
67.9077
68.08
68.2368
68.3795
68.5093
68.6272
68.7343
68.8313
68.9191
68.9983
69.0696
69.1334
69.1904
69.241
69.2855
69.3243
69.3576
69.3859
69.4091
69.4276
69.4415
69.4509
69.4558
69.4563
69.4525
69.4442
69.4313
69.414
69.3918
69.3648
69.3327
69.2952
69.2521
69.2031
69.1477
69.0855
69.016
68.9388
68.8532
68.7586
68.6541
68.539
68.4124
68.2732
68.1203
67.9525
67.7683
67.5662
67.3445
67.1012
66.8341
66.5408
66.2183
65.8635
65.4727
65.0417
64.5653
64.038
63.4527
62.8015
62.0749
61.2616
60.3483
59.3198
58.1589
56.8471
55.3664
53.7015
51.8439
53.1922
54.7672
56.2028
57.5024
58.674
59.7276
60.6743
61.5252
62.2908
62.9807
63.6033
64.1661
64.6757
65.1377
65.5571
65.9383
66.285
66.6006
66.8881
67.15
67.3887
67.6062
67.8045
67.9851
68.1495
68.2991
68.4351
68.5586
68.6706
68.7719
68.8633
68.9456
69.0194
69.0852
69.1436
69.195
69.2398
69.2783
69.3109
69.3378
69.3591
69.3752
69.386
69.3917
69.3923
69.3878
69.3782
69.3634
69.3433
69.3178
69.2866
69.2495
69.2062
69.1564
69.0997
69.0357
68.9639
68.8838
68.7946
68.6958
68.5865
68.4659
68.3331
68.187
68.0265
67.8503
67.6569
67.4448
67.2122
66.9572
66.6776
66.371
66.0347
65.6656
65.2602
64.8147
64.3246
63.7848
63.1896
62.5322
61.805
60.9993
60.1052
59.1114
58.0059
56.7755
55.4074
53.8896
52.2131
50.3738
52.1304
53.6925
55.1329
56.4534
57.6588
58.7559
59.7526
60.6574
61.4785
62.2238
62.9008
63.5159
64.0754
64.5846
65.0482
65.4707
65.8559
66.2071
66.5275
66.8198
67.0865
67.3297
67.5516
67.7538
67.9381
68.1058
68.2583
68.3968
68.5224
68.6361
68.7387
68.8311
68.9139
68.9878
69.0534
69.1111
69.1614
69.2047
69.2413
69.2715
69.2955
69.3135
69.3257
69.332
69.3327
69.3277
69.3169
69.3003
69.2777
69.249
69.2139
69.1723
69.1236
69.0677
69.0041
68.9322
68.8516
68.7615
68.6614
68.5505
68.4279
68.2926
68.1436
67.9797
67.7997
67.6021
67.3855
67.1479
66.8877
66.6025
66.2902
65.948
65.5731
65.1623
64.712
64.2182
63.6764
63.0816
62.428
61.7095
60.919
60.0485
59.0897
58.0332
56.8693
55.5882
54.1808
52.6389
50.9572
49.1333
51.2399
52.7911
54.2335
55.5678
56.7972
57.9263
58.961
59.9076
60.7728
61.563
62.2846
62.9434
63.5449
64.0943
64.596
65.0542
65.4729
65.8553
66.2047
66.5238
66.8153
67.0813
67.3242
67.5457
67.7476
67.9315
68.0988
68.2508
68.3886
68.5134
68.6261
68.7275
68.8184
68.8996
68.9716
69.035
69.0903
69.1378
69.178
69.2112
69.2376
69.2574
69.2707
69.2778
69.2785
69.273
69.2611
69.2429
69.2181
69.1865
69.148
69.1022
69.0488
68.9873
68.9174
68.8385
68.7499
68.651
68.5411
68.4193
68.2846
68.1361
67.9726
67.7928
67.5954
67.3788
67.1413
66.8811
66.5962
66.2843
65.9429
65.5693
65.1605
64.7133
64.2239
63.6882
63.102
62.4602
61.7576
60.9881
60.1454
59.2226
58.2124
57.1071
55.899
54.5807
53.1454
51.5876
49.9038
48.0929
50.5022
52.0446
53.4874
54.8311
56.0776
57.2305
58.2939
59.2728
60.1725
60.9985
61.7562
62.4507
63.0871
63.6699
64.2036
64.6922
65.1393
65.5484
65.9227
66.2649
66.5778
66.8636
67.1247
67.363
67.5803
67.7783
67.9585
68.1222
68.2708
68.4053
68.5267
68.6361
68.7342
68.8217
68.8994
68.9677
69.0273
69.0787
69.122
69.1578
69.1863
69.2077
69.2221
69.2296
69.2304
69.2245
69.2117
69.192
69.1652
69.1312
69.0896
69.0402
68.9826
68.9163
68.8409
68.7557
68.6602
68.5535
68.435
68.3036
68.1585
67.9984
67.8222
67.6285
67.4158
67.1826
66.927
66.6471
66.3408
66.0057
65.6392
65.2386
64.8007
64.3222
63.7995
63.2285
62.6049
61.924
61.1807
60.3695
59.4847
58.5202
57.4696
56.3267
55.0852
53.7393
52.2841
50.7156
49.0315
47.2312
49.9042
51.4394
52.8819
54.2319
55.4908
56.6611
57.746
58.7495
59.676
60.53
61.3162
62.0393
62.7037
63.3138
63.8736
64.387
64.8577
65.289
65.684
66.0456
66.3764
66.6789
66.9553
67.2077
67.438
67.6479
67.839
68.0127
68.1703
68.3131
68.442
68.5581
68.6622
68.7551
68.8376
68.9102
68.9735
69.028
69.0741
69.1121
69.1423
69.165
69.1803
69.1884
69.1892
69.1829
69.1693
69.1484
69.1199
69.0838
69.0396
68.9872
68.926
68.8556
68.7755
68.685
68.5836
68.4704
68.3445
68.205
68.0509
67.881
67.6941
67.4886
67.2631
67.0158
66.7449
66.4484
66.1241
65.7695
65.382
64.9587
64.4966
63.9922
63.4419
62.8418
62.1877
61.475
60.6989
59.8544
58.9363
57.9391
56.8574
55.6859
54.4193
53.0533
51.5838
50.008
48.3244
46.5326
49.4361
50.9656
52.4076
53.7619
55.0295
56.2123
57.313
58.3348
59.2813
60.1566
60.9647
61.7098
62.396
63.0273
63.6077
64.1409
64.6303
65.0792
65.4907
65.8678
66.213
66.5289
66.8177
67.0815
67.3223
67.5418
67.7418
67.9235
68.0885
68.2379
68.3729
68.4944
68.6035
68.7008
68.7872
68.8632
68.9295
68.9866
69.0349
69.0747
69.1064
69.1301
69.1462
69.1546
69.1555
69.1488
69.1346
69.1127
69.0829
69.045
68.9988
68.9438
68.8797
68.806
68.7221
68.6273
68.5211
68.4025
68.2707
68.1247
67.9633
67.7855
67.5898
67.3748
67.1388
66.8802
66.597
66.2871
65.9482
65.5779
65.1736
64.7322
64.2507
63.7256
63.1535
62.5304
61.8522
61.1146
60.3131
59.443
58.4993
57.4774
56.3723
55.1794
53.8946
52.5139
51.0343
49.4537
47.7708
45.9858
49.0907
50.6161
52.0574
53.4145
54.6881
55.8796
56.9914
58.0261
58.9869
59.8775
60.7014
61.4625
62.1647
62.8117
63.4074
63.9551
64.4584
64.9205
65.3444
65.7331
66.0892
66.4151
66.7132
66.9857
67.2344
67.4612
67.6678
67.8557
68.0263
68.1807
68.3203
68.446
68.5587
68.6594
68.7487
68.8274
68.896
68.955
69.005
69.0462
69.0789
69.1035
69.1201
69.1288
69.1297
69.1229
69.1081
69.0854
69.0546
69.0154
68.9676
68.9107
68.8444
68.7682
68.6814
68.5834
68.4735
68.3508
68.2145
68.0635
67.8967
67.7128
67.5105
67.2883
67.0444
66.7772
66.4847
66.1646
65.8148
65.4328
65.0157
64.5607
64.0647
63.5242
62.9358
62.2957
61.5997
60.8438
60.0237
59.1348
58.1727
57.1329
56.0112
54.8033
53.5055
52.1147
50.6283
49.0445
47.3624
45.5824
48.863
50.3857
51.8266
53.1853
54.4626
55.6597
56.7784
57.8214
58.7915
59.6919
60.5261
61.2977
62.0103
62.6677
63.2733
63.8307
64.3433
64.8141
65.2463
65.6427
66.006
66.3387
66.643
66.9212
67.1753
67.407
67.6181
67.8101
67.9844
68.1422
68.2849
68.4134
68.5286
68.6315
68.7228
68.8033
68.8734
68.9338
68.9848
69.0269
69.0604
69.0855
69.1025
69.1114
69.1124
69.1053
69.0903
69.0671
69.0356
68.9955
68.9466
68.8885
68.8207
68.7427
68.6539
68.5538
68.4414
68.3161
68.1767
68.0224
67.8519
67.6639
67.4572
67.2301
66.9809
66.708
66.4092
66.0824
65.7253
65.3353
64.9097
64.4457
63.94
63.3893
62.7901
62.1387
61.431
60.6631
59.8307
58.9296
57.9555
56.9043
55.7717
54.5542
53.2483
51.8512
50.3604
48.7747
47.0933
45.3165
48.7499
50.2713
51.7119
53.0715
54.3505
55.5502
56.6724
57.7194
58.694
59.5992
60.4385
61.2153
61.9331
62.5956
63.2062
63.7684
64.2855
64.7607
65.1971
65.5973
65.9642
66.3003
66.6078
66.8889
67.1456
67.3798
67.5931
67.7871
67.9633
68.1229
68.2671
68.3969
68.5135
68.6175
68.7098
68.7911
68.862
68.923
68.9746
69.0172
69.0511
69.0765
69.0936
69.1027
69.1036
69.0965
69.0813
69.0578
69.026
68.9855
68.936
68.8772
68.8087
68.7299
68.6401
68.5389
68.4253
68.2986
68.1577
68.0017
67.8293
67.6393
67.4304
67.2008
66.949
66.6732
66.3712
66.041
65.6803
65.2863
64.8566
64.388
63.8775
63.3217
62.7171
62.06
61.3465
60.5727
59.7342
58.8271
57.8471
56.7902
55.6524
54.4302
53.1204
51.7201
50.2273
48.6407
46.9596
45.1844
61.8352
57.0273
52.3842
47.9137
43.5672
39.3041
35.0961
30.9245
26.7763
22.643
18.5188
14.4
10.2843
6.1701
2.05663
58.4134
54.5415
50.4876
46.3999
42.3221
38.2625
34.2185
30.1854
26.1587
22.1351
18.1124
14.0892
10.065
6.03953
2.01328
55.5811
52.2354
48.6226
44.8742
41.0572
37.2037
33.3285
29.4385
25.5369
21.6256
17.7058
13.779
9.84637
5.90955
1.97014
53.2319
50.1943
46.8914
43.4151
39.827
36.165
32.4521
28.702
24.9238
21.1235
17.3056
13.4739
9.6316
5.78191
1.9278
51.2599
48.4165
45.3315
42.0661
38.669
35.1759
31.6113
27.9926
24.3318
20.6381
16.9185
13.1787
9.42387
5.65847
1.88684
49.5907
46.8785
43.9502
40.8468
37.6056
34.2567
30.8234
27.3239
23.7717
20.1778
16.5508
12.8982
9.22629
5.54103
1.84788
48.1735
45.5547
42.742
39.7639
36.6483
33.4203
30.1007
26.7067
23.2525
19.7497
16.2082
12.6363
9.0417
5.43125
1.81145
46.9727
44.423
41.6974
38.8166
35.8021
32.6741
29.4509
26.1486
22.7809
19.3596
15.8951
12.3967
8.87259
5.33061
1.77804
45.9628
43.4653
40.8064
38.0016
35.0677
32.0217
28.8792
25.6549
22.3619
19.0119
15.6154
12.1822
8.72102
5.24033
1.74806
45.1247
42.6671
40.0595
37.3139
34.4442
31.4643
28.3881
25.2289
21.999
18.7097
15.3718
11.995
8.58865
5.16143
1.72184
44.4444
42.0172
39.4488
36.749
33.9293
31.0019
27.9789
24.8726
21.6944
18.4556
15.1665
11.837
8.47674
5.09468
1.69966
43.9113
41.5069
38.9678
36.3025
33.5209
30.6337
27.652
24.587
21.4497
18.2509
15.0008
11.7094
8.38626
5.04067
1.68171
43.5178
41.1296
38.6114
35.9708
33.2167
30.3587
27.4071
24.3726
21.2657
18.0967
14.8758
11.613
8.31788
4.99984
1.66813
43.2582
40.8805
38.3759
35.7512
33.0149
30.1759
27.2442
24.2297
21.1428
17.9936
14.7922
11.5485
8.27206
4.97247
1.65902
43.1293
40.7568
38.2587
35.6419
32.9143
30.0847
27.1628
24.1583
21.0813
17.942
14.7503
11.5161
8.24908
4.95874
1.65446
)
;

boundaryField
{
    hot
    {
        type            fixedValue;
        value           uniform 10;
    }
    cold
    {
        type            fixedValue;
        value           uniform 0;
    }
    interface_left
    {
        type            fixedValue;
        value           nonuniform List<scalar> 
90
(
60.7364
60.7364
60.7364
60.7364
60.7364
60.7364
60.7364
60.7364
60.7364
75.9416
75.9416
75.9416
75.9416
75.9416
75.9416
75.9416
86.5383
86.5383
86.5383
86.5383
86.5383
86.5383
93.5018
93.5018
93.5018
93.5018
93.5018
93.5018
93.5018
97.7136
97.7136
97.7136
97.7136
97.7136
97.7136
97.7136
100.228
100.228
100.228
100.228
100.228
100.228
100.228
100.719
100.719
100.719
100.719
100.719
100.719
98.5609
98.5609
98.5609
98.5609
98.5609
98.5609
98.5609
93.4764
93.4764
93.4764
93.4764
93.4764
93.4764
93.4764
85.7391
85.7391
85.7391
85.7391
85.7391
85.7391
85.7391
77.719
77.719
77.719
77.719
77.719
77.719
77.719
69.8114
69.8114
69.8114
69.8114
69.8114
69.8114
69.8114
69.8114
69.8114
69.8114
69.8114
69.8114
69.8114
)
;
    }
    interface_right
    {
        type            fixedValue;
        value           nonuniform List<scalar> 
90
(
100.77
100.77
100.77
100.77
100.77
100.77
100.77
100.77
100.77
100.77
100.77
100.77
100.77
100.77
100.77
100.77
100.77
100.77
100.77
100.77
100.77
100.77
100.77
100.77
100.77
100.77
100.77
100.77
100.77
100.77
100.77
100.77
100.77
100.77
100.77
100.77
100.77
100.77
100.77
100.77
100.77
100.77
100.77
100.77
100.77
100.77
100.77
100.77
100.719
98.5609
98.5609
98.5609
98.5609
98.5609
98.5609
98.5609
93.4764
93.4764
93.4764
93.4764
93.4764
93.4764
93.4764
85.7391
85.7391
85.7391
85.7391
85.7391
85.7391
85.7391
77.719
77.719
77.719
77.719
77.719
77.719
77.719
69.8114
69.8114
69.8114
69.8114
69.8114
69.8114
69.8114
69.8114
69.8114
69.8114
69.8114
69.8114
69.8114
)
;
    }
    interface_top
    {
        type            fixedValue;
        value           uniform 69.8114;
    }
    interface_bottom
    {
        type            fixedValue;
        value           nonuniform List<scalar> 
90
(
60.7364
60.7364
60.7364
60.7364
60.7364
60.7364
60.7364
60.7364
60.7364
60.7364
60.7364
60.7364
60.7364
60.7364
60.7364
60.7364
60.7364
60.7364
60.7364
60.7364
60.7364
60.7364
60.7364
60.7364
60.7364
60.7364
60.7364
60.7364
60.7364
60.7364
60.7364
60.7364
70.2626
70.2626
70.2626
70.2626
70.2626
70.2626
70.2626
70.2626
70.2626
70.2626
70.2626
83.57
83.57
83.57
83.57
83.57
83.57
83.57
83.57
83.57
83.57
83.57
83.57
83.57
92.6295
92.6295
92.6295
92.6295
92.6295
92.6295
92.6295
92.6295
92.6295
92.6295
92.6295
92.6295
92.6295
92.6295
98.9725
98.9725
98.9725
98.9725
98.9725
98.9725
98.9725
98.9725
98.9725
98.9725
98.9725
98.9725
98.9725
100.77
100.77
100.77
100.77
100.77
100.77
100.77
)
;
    }
    defaultFaces
    {
        type            empty;
    }
}


// ************************************************************************* //
