/*--------------------------------*- C++ -*----------------------------------*\
| =========                 |                                                 |
| \\      /  F ield         | OpenFOAM: The Open Source CFD Toolbox           |
|  \\    /   O peration     | Version:  5.x                                   |
|   \\  /    A nd           | Web:      www.OpenFOAM.org                      |
|    \\/     M anipulation  |                                                 |
\*---------------------------------------------------------------------------*/
FoamFile
{
    version     2.0;
    format      ascii;
    class       volScalarField;
    location    "16.3";
    object      gradTy;
}
// * * * * * * * * * * * * * * * * * * * * * * * * * * * * * * * * * * * * * //

dimensions      [0 -1 0 1 0 0 0];

internalField   nonuniform List<scalar> 
6300
(
1005.6
1016.78
1027.91
1038.95
1049.88
1060.65
1071.24
1081.61
1091.73
1101.57
1111.1
1120.29
1129.11
1137.56
1145.6
0.0250138
0.0750335
0.125018
0.174911
0.224611
0.27394
0.322617
0.370226
0.416191
0.459746
0.499937
0.535638
0.565617
0.588632
0.603573
0.0416982
0.12509
0.208455
0.291726
0.374757
0.457282
0.538869
0.61886
0.696315
0.769967
0.838199
0.899066
0.950399
0.989979
1.0158
0.0583859
0.175171
0.29198
0.408769
0.525392
0.641545
0.756697
0.870005
0.980217
1.08558
1.1838
1.272
1.34691
1.40507
1.44327
0.0750564
0.22522
0.375516
0.525966
0.67648
0.826788
0.976347
1.12422
1.26894
1.40832
1.53937
1.6582
1.76014
1.84009
1.89314
0.0916741
0.275128
0.458882
0.643077
0.827747
1.01275
1.19765
1.38156
1.56294
1.73934
1.90712
2.06124
2.1953
2.30193
2.37368
0.108184
0.324728
0.541794
0.759691
0.978656
1.19878
1.4199
1.64138
1.86189
2.07894
2.28845
2.48426
2.65783
2.79857
2.89507
0.124512
0.373793
0.623852
0.875209
1.12837
1.38378
1.64172
1.90213
2.16422
2.42599
2.6834
2.92942
3.15309
3.33931
3.47033
0.140576
0.422067
0.70459
0.988892
1.2758
1.5662
1.86104
2.16112
2.4668
2.77731
3.08964
3.3968
3.68564
3.9351
4.11702
0.156298
0.469294
0.783527
1.09994
1.41968
1.74414
2.07504
2.41443
2.76444
3.12669
3.50093
3.88236
4.2574
4.59827
4.86002
0.171614
0.515269
0.860254
1.20764
1.55879
1.91556
2.2805
2.65704
3.04974
3.46396
3.90486
4.37415
4.86316
5.34038
5.73624
0.186499
0.559897
0.934553
1.31152
1.69223
2.07877
2.47424
2.88341
3.31337
3.77441
4.28022
4.84603
5.4805
6.16369
6.80156
0.200978
0.603248
1.00651
1.41162
1.81979
2.23295
2.65421
3.08885
3.54578
4.03991
4.59542
5.24907
6.04893
7.03209
8.13312
0.215138
0.645588
1.07658
1.50859
1.94232
2.37894
2.8207
3.27187
3.74083
4.24386
4.81231
5.50571
6.43387
7.78232
9.76593
0.229117
0.687359
1.14561
1.60381
2.06187
2.51973
2.97766
3.43696
3.90166
4.38223
4.90406
5.52742
6.39827
7.89704
11.1533
1152.6
1158.68
1164.47
1169.98
1175.21
1180.17
1184.88
1189.35
1193.58
1197.61
1201.45
1205.11
1208.62
1211.99
1215.25
1218.41
1221.49
1224.51
1227.5
1230.45
1233.4
1236.36
1239.35
1242.37
1245.44
1248.57
1251.78
1255.06
1258.42
1261.87
1265.4
1269.03
1272.73
1276.52
1280.39
1284.32
1288.31
1292.36
1296.44
1300.55
1304.68
1308.81
1312.92
1316.99
1321.01
1324.97
1328.83
1332.59
1336.22
1339.72
1343.05
1346.21
1349.18
1351.93
1354.44
1356.69
1358.66
1360.31
1361.62
1362.57
1363.11
1363.23
1362.87
1362.02
1360.62
1358.64
1356.03
1352.75
1348.73
1343.92
1338.25
1331.66
1324.07
1315.41
1305.6
1294.54
1282.17
1268.37
1253.07
1236.16
1217.56
1197.18
1174.93
1150.72
1124.49
1096.17
1065.73
1033.13
998.356
961.428
0.609109
0.607699
0.59984
0.585752
0.565863
0.540766
0.511163
0.47781
0.441469
0.402861
0.362647
0.321408
0.279643
0.237771
0.196148
0.155074
0.114815
0.0756197
0.0377345
0.00142001
-0.0330382
-0.0653226
-0.0950836
-0.121946
-0.145527
-0.165461
-0.18143
-0.193205
-0.200678
-0.203878
-0.202977
-0.198257
-0.190054
-0.178688
-0.16439
-0.14726
-0.127266
-0.104284
-0.0781857
-0.0489343
-0.0166754
0.0182141
0.055135
0.093341
0.132066
0.170671
0.208776
0.246334
0.283648
0.321312
0.360102
0.400844
0.444275
0.490936
0.541109
0.594821
0.651911
0.712145
0.775352
0.841552
0.911035
0.984392
1.06248
1.14635
1.23714
1.33594
1.44369
1.56108
1.68852
1.82609
1.9736
2.13064
2.29667
2.47104
2.65299
2.84164
3.03587
3.23416
3.43447
3.63408
3.8295
4.01643
4.18978
4.34393
4.47289
4.57081
4.63235
4.65322
4.63057
4.56337
1.02545
1.02313
1.00969
0.985534
0.951446
0.908501
0.85796
0.801163
0.739442
0.674044
0.606094
0.536567
0.466285
0.395934
0.32608
0.257198
0.189704
0.123984
0.0604258
-0.000554048
-0.0584907
-0.112856
-0.163054
-0.208435
-0.24832
-0.282044
-0.309023
-0.328822
-0.341225
-0.346287
-0.344338
-0.335937
-0.32176
-0.302448
-0.278456
-0.249957
-0.216823
-0.178719
-0.135274
-0.086285
-0.031917
0.0271859
0.089906
0.154799
0.220353
0.2853
0.348879
0.410996
0.472245
0.533785
0.597126
0.663858
0.735384
0.8127
0.896274
0.986044
1.08156
1.18221
1.28752
1.39738
1.51225
1.63314
1.76162
1.8996
2.04917
2.21233
2.3908
2.58583
2.79808
3.02766
3.27416
3.53677
3.81453
4.10633
4.41101
4.72725
5.05339
5.38715
5.72535
6.06363
6.39622
6.71584
7.0138
7.2802
7.50451
7.67621
7.78563
7.82492
7.78884
7.67541
1.45774
1.45453
1.43492
1.39957
1.34974
1.28713
1.21373
1.13158
1.04269
0.948891
0.851806
0.752808
0.653029
0.553386
0.454619
0.357333
0.262048
0.169246
0.0794189
-0.00689444
-0.0890688
-0.166369
-0.237941
-0.302818
-0.359959
-0.408316
-0.446931
-0.475063
-0.49232
-0.498766
-0.494964
-0.481911
-0.460836
-0.432922
-0.398992
-0.359305
-0.313515
-0.260828
-0.200325
-0.131363
-0.0539586
0.0309669
0.121565
0.215318
0.309529
0.401912
0.491097
0.576919
0.660431
0.743673
0.829274
0.919978
1.01817
1.12547
1.24252
1.369
1.50382
1.64558
1.79313
1.94602
2.10478
2.27097
2.44706
2.63617
2.84163
3.06669
3.31408
3.58575
3.88269
4.20488
4.55148
4.9211
5.31214
5.72304
6.15235
6.59858
7.0599
7.53371
8.01609
8.50134
8.98156
9.44643
9.8832
10.2771
10.6119
10.8712
11.0398
11.1051
11.0584
10.8965
1.91358
1.90954
1.88282
1.83446
1.76643
1.68133
1.58211
1.47173
1.35303
1.22851
1.10033
0.970235
0.839645
0.709652
0.581104
0.45467
0.330904
0.210319
0.0934485
-0.0190942
-0.12656
-0.228024
-0.322356
-0.408224
-0.484129
-0.548494
-0.59981
-0.636837
-0.658851
-0.665869
-0.658782
-0.6393
-0.609628
-0.571923
-0.527683
-0.477308
-0.420003
-0.354056
-0.277422
-0.188465
-0.0866956
0.0267145
0.148817
0.275314
0.401473
0.523261
0.638288
0.746299
0.849136
0.950292
1.05421
1.16545
1.28796
1.42431
1.57535
1.7401
1.9162
2.10073
2.29119
2.48635
2.68673
2.89465
3.11391
3.34929
3.606
3.88901
4.20251
4.54942
4.93105
5.34706
5.79576
6.27468
6.78126
7.31335
7.86941
8.44824
9.04851
9.66799
10.3027
10.9463
11.5891
12.2175
12.8144
13.359
13.8279
14.1969
14.4429
14.5464
14.4939
14.2799
2.40192
2.39713
2.3618
2.29759
2.2076
2.09578
1.96643
1.82377
1.67164
1.51332
1.3515
1.1883
1.02533
0.86377
0.704487
0.548109
0.395131
0.246
0.101206
-0.0386394
-0.172727
-0.299975
-0.418982
-0.527995
-0.624932
-0.707478
-0.773275
-0.820241
-0.846987
-0.853291
-0.840459
-0.811373
-0.769998
-0.720348
-0.665224
-0.605309
-0.538957
-0.462699
-0.372292
-0.264052
-0.136233
0.00990396
0.169696
0.335747
0.49966
0.654288
0.795522
0.923063
1.04019
1.15286
1.26849
1.39464
1.53773
1.70193
1.88833
2.09475
2.31637
2.54726
2.78237
3.01904
3.25773
3.5019
3.75741
4.03159
4.33235
4.66728
5.04271
5.46297
5.92976
6.44202
6.99636
7.58827
8.21347
8.86899
9.55349
10.2668
11.0093
11.7801
12.5765
13.3923
14.2169
15.0338
15.8208
16.5495
17.1874
17.6993
18.0509
18.2121
18.1617
17.8903
2.93402
2.92859
2.88223
2.79775
2.68009
2.53533
2.36978
2.18931
1.99901
1.80301
1.60451
1.40589
1.20884
1.01449
0.823576
0.63655
0.453719
0.275345
0.101754
-0.0665558
-0.228813
-0.383862
-0.530063
-0.665212
-0.786511
-0.890627
-0.973904
-1.0328
-1.0646
-1.06831
-1.04558
-1.00118
-0.94233
-0.876701
-0.809714
-0.742633
-0.672229
-0.591777
-0.492905
-0.367908
-0.212227
-0.0266596
0.181468
0.399155
0.611109
0.804487
0.972353
1.1147
1.23753
1.35104
1.46748
1.59926
1.75693
1.94741
2.17233
2.42736
2.70299
2.98754
3.27113
3.54864
3.82063
4.09263
4.3738
4.67537
5.0093
5.387
5.81812
6.30926
6.86276
7.4761
8.14261
8.85366
9.60173
10.3826
11.1957
12.0433
12.9288
13.8549
14.8218
15.8255
16.8553
17.8929
18.9104
19.8706
20.728
21.4323
21.9324
22.1823
22.1472
21.8109
3.5248
3.51882
3.45739
3.34552
3.19144
3.00467
2.79446
2.56887
2.33443
2.09613
1.85753
1.62108
1.38831
1.16013
0.936923
0.718819
0.505766
0.297687
0.0945922
-0.103288
-0.295373
-0.480576
-0.657137
-0.822448
-0.972905
-1.10385
-1.2097
-1.28445
-1.32273
-1.32145
-1.28198
-1.21187
-1.12448
-1.03508
-0.954413
-0.884818
-0.820047
-0.747458
-0.651221
-0.51604
-0.331362
-0.0958244
0.179346
0.470685
0.749163
0.99127
1.18577
1.33427
1.44816
1.54481
1.64424
1.76641
1.92872
2.14307
2.41279
2.73007
3.07655
3.42896
3.7684
4.08596
4.38326
4.66992
4.96058
5.27232
5.62294
6.0295
6.50683
7.06548
7.70926
8.43331
9.22441
10.0654
10.9424
11.8494
12.7879
13.7648
14.7894
15.8705
17.014
18.2204
19.4821
20.7804
22.0822
23.3391
24.4885
25.4586
26.1739
26.5622
26.5658
26.1542
4.19532
4.18873
4.10503
3.9539
3.74974
3.50769
3.24122
2.96114
2.67543
2.38967
2.10746
1.83095
1.56121
1.29859
1.04295
0.793848
0.550696
0.312902
0.0799825
-0.148297
-0.371766
-0.589651
-0.80032
-1.00097
-1.18729
-1.35309
-1.49016
-1.58852
-1.63769
-1.62945
-1.5624
-1.44734
-1.30942
-1.18077
-1.08306
-1.01995
-0.97902
-0.937081
-0.8655
-0.735336
-0.523628
-0.221968
0.154021
0.560805
0.939652
1.24666
1.4655
1.60373
1.68366
1.73465
1.78832
1.87587
2.02561
2.25908
2.58479
2.99077
3.44161
3.8891
4.29719
4.65249
4.96121
5.24149
5.51702
5.81332
6.15605
6.57012
7.07846
7.69909
8.44017
9.29397
10.2343
11.2251
12.24
13.2708
14.3247
15.4175
16.5686
17.7961
19.1154
20.5355
22.0562
23.6626
25.3185
26.9621
28.507
29.8517
30.8858
31.4961
31.5819
31.0817
4.97767
4.96954
4.84966
4.63856
4.36249
4.04578
3.70757
3.3615
3.01656
2.67817
2.34929
2.03117
1.72398
1.42716
1.13972
0.860464
0.588079
0.321274
0.0588791
-0.200035
-0.455995
-0.708901
-0.9577
-1.19991
-1.43099
-1.64347
-1.82609
-1.96315
-2.03508
-2.02187
-1.91169
-1.71546
-1.48077
-1.28166
-1.16163
-1.12289
-1.1392
-1.16914
-1.16389
-1.0718
-0.845173
-0.454894
0.0845889
0.691386
1.23382
1.62922
1.86153
1.95735
1.96106
1.92085
1.88386
1.89602
2.00218
2.24254
2.64146
3.1871
3.81171
4.40622
4.9022
5.28633
5.58034
5.8201
6.04377
6.28771
6.58666
6.97525
7.48861
8.15948
9.009
10.0302
11.1718
12.3503
13.5148
14.6592
15.8054
16.9867
18.2376
19.5899
21.0717
22.7058
24.507
26.4733
28.5727
30.7274
32.8137
34.692
36.2078
37.1853
37.4418
36.8403
5.92559
5.91113
5.72555
5.41664
5.03365
4.61463
4.18499
3.76001
3.34798
2.95273
2.57538
2.21547
1.87163
1.54201
1.22454
0.917022
0.617275
0.323157
0.0326341
-0.256145
-0.544729
-0.834164
-1.12465
-1.41496
-1.70153
-1.97692
-2.2277
-2.43162
-2.5551
-2.55399
-2.38492
-2.03902
-1.60095
-1.26874
-1.12318
-1.14664
-1.27982
-1.45197
-1.58742
-1.6021
-1.40249
-0.902792
-0.0819101
0.914502
1.73954
2.24646
2.45392
2.44341
2.30151
2.10216
1.90837
1.78059
1.78528
1.99742
2.48659
3.26948
4.2249
5.06493
5.66798
6.04966
6.2773
6.42155
6.54097
6.68254
6.88784
7.20037
7.67161
8.36225
9.33027
10.5925
12.056
13.4951
14.8182
16.0444
17.2351
18.455
19.7599
21.1968
22.808
24.6351
26.7193
29.0918
31.7464
34.5906
37.4192
40.0535
42.3043
43.9122
44.5362
43.8423
7.14201
7.09891
6.77876
6.30115
5.75645
5.19862
4.65557
4.13974
3.65511
3.20139
2.77626
2.37652
1.9987
1.63931
1.29495
0.962343
0.638329
0.319837
0.00386313
-0.312538
-0.632228
-0.957892
-1.29181
-1.63537
-1.9881
-2.34573
-2.6967
-3.01585
-3.25444
-3.32789
-3.11271
-2.49521
-1.56864
-0.986983
-0.841332
-1.01234
-1.3643
-1.78759
-2.1848
-2.4409
-2.39186
-1.81315
-0.501156
1.38437
2.70329
3.29482
3.3601
3.11857
2.72462
2.27544
1.83776
1.47437
1.26959
1.35334
1.90873
3.10334
4.80413
6.06476
6.75237
7.03463
7.09417
7.05863
7.00616
6.98546
7.03447
7.1968
7.53854
8.16544
9.22777
10.8646
12.9751
14.8068
16.2608
17.4805
18.6224
19.8007
21.092
22.5524
24.2329
26.1938
28.5161
31.3037
34.6465
38.4759
42.304
45.9666
49.3258
52.0551
53.5277
52.8751
8.8659
8.68524
8.05838
7.28197
6.49791
5.76109
5.08682
4.47444
3.91767
3.40885
2.94054
2.50599
2.09924
1.71498
1.34847
0.99534
0.651495
0.312967
-0.0242046
-0.364094
-0.711011
-1.06961
-1.44495
-1.84244
-2.26743
-2.72396
-3.21132
-3.71585
-4.19139
-4.51715
-4.41963
-3.39629
-1.0395
-0.0772597
-0.103369
-0.617338
-1.3459
-2.16062
-2.98516
-3.71891
-4.14374
-3.77926
-1.74613
2.67022
4.7145
5.10099
4.70806
4.01325
3.22728
2.43223
1.66028
0.93988
0.338573
0.0302308
0.410529
2.20842
6.0172
7.88973
8.42042
8.3403
8.04792
7.72009
7.4256
7.18803
7.01798
6.93493
6.99493
7.34166
8.29798
10.4549
14.2955
16.6622
18.0408
19.0285
19.9571
20.9834
22.1806
23.5907
25.2538
27.2319
29.6427
32.7159
36.8455
42.3628
47.4266
52.3159
57.254
62.007
65.5792
65.7557
11.8088
10.9138
9.55302
8.27356
7.17112
6.23322
5.42868
4.7288
4.11094
3.55777
3.05601
2.59527
2.16723
1.76497
1.38259
1.01486
0.656907
0.304059
-0.0484293
-0.405588
-0.773017
-1.15724
-1.56619
-2.00989
-2.50135
-3.05773
-3.70119
-4.4575
-5.34392
-6.31585
-7.05961
-6.21746
1.49777
2.25563
1.33706
0.0866434
-1.20345
-2.51951
-3.91619
-5.4417
-7.03213
-8.14815
-6.42296
7.37168
9.11267
8.02929
6.49048
5.03899
3.74285
2.55558
1.40842
0.233789
-1.01439
-2.28458
-3.12908
-1.58234
10.0182
11.6467
10.9677
9.95132
9.05241
8.33324
7.7628
7.29312
6.87595
6.46686
6.0382
5.63987
5.63908
7.6204
17.738
19.9398
20.3835
20.6609
21.1508
21.9195
22.9619
24.2642
25.8208
27.6463
29.8149
32.6062
37.0455
46.9019
52.7996
58.5942
65.4478
73.6583
82.519
87.8704
18.7145
13.8128
10.9302
9.00993
7.60711
6.51313
5.61966
4.86495
4.21095
3.63257
3.11234
2.63744
2.19806
1.78631
1.39565
1.0203
0.655012
0.294684
-0.0658621
-0.432214
-0.810745
-1.20915
-1.63728
-2.10843
-2.64164
-3.2659
-4.02833
-5.01154
-6.37305
-8.44277
-11.983
-18.9356
14.0537
7.00255
3.25534
0.84783
-1.02346
-2.7621
-4.6615
-7.07069
-10.6033
-16.608
-28.4794
29.4302
17.5777
11.6132
8.14703
5.84098
4.10161
2.6212
1.19621
-0.366255
-2.33549
-5.21216
-10.1118
-19.8504
28.3788
18.726
14.0007
11.393
9.79795
8.73214
7.95488
7.32258
6.72233
6.027
5.03787
3.36573
0.126066
-6.93026
32.579
25.7488
22.9652
21.9871
21.9428
22.4613
23.3687
24.5714
26.0003
27.5665
29.0901
30.1231
29.4446
57.1409
58.3204
63.3468
71.6868
84.3725
104.511
139.936
918.468
868.624
815.931
760.55
702.673
642.51
580.283
516.221
450.556
383.516
315.327
246.206
176.369
106.023
35.3747
4.44143
4.24987
4.00775
3.72516
3.41293
3.0815
2.74002
2.39582
2.05428
1.71882
1.39119
1.0717
0.759587
0.453285
0.150674
7.46732
7.1392
6.72452
6.24152
5.70957
5.14705
4.56976
3.99016
3.41709
2.85605
2.30961
1.77797
1.25953
0.751376
0.249719
10.5943
10.1151
9.50959
8.8068
8.03677
7.22735
6.40183
5.57795
4.76787
3.97867
3.21322
2.47103
1.74917
1.04295
0.346539
13.8708
13.217
12.3919
11.4392
10.4033
9.32371
8.23222
7.15194
6.09777
5.07755
4.09354
3.14374
2.22316
1.32471
0.440015
17.3545
16.4901
15.4016
14.1547
12.8134
11.4318
10.0513
8.69977
7.39369
6.14023
4.93964
3.78723
2.67498
1.59269
0.528823
21.1177
19.9869
18.5693
16.9644
15.2634
13.5386
11.8411
10.202
8.63691
7.15
5.73753
4.39055
3.09685
1.84222
0.61141
25.2551
23.77
21.924
19.8698
17.7367
15.618
13.5723
11.63
9.80178
8.08523
6.46989
4.94059
3.47961
2.06794
0.686002
29.8967
27.9138
25.4867
22.854
20.1955
17.6243
15.1997
12.9436
10.8548
8.91913
7.11614
5.42227
3.81304
2.26391
0.750664
35.2283
32.5017
29.255
25.8639
22.5667
19.484
16.6587
14.0898
11.7543
9.62023
7.65316
5.81926
4.08633
2.424
0.8034
41.5271
37.609
33.1672
28.7793
24.723
21.086
17.8612
15.0025
12.4523
10.1542
8.05693
6.11521
4.28897
2.54234
0.842331
49.2175
43.2395
37.0248
31.3628
26.4594
22.2753
18.6974
15.6063
12.898
10.4872
8.30507
6.29559
4.41198
2.61405
0.865903
58.8954
49.1064
40.3293
33.1874
27.4762
22.8583
19.0466
15.8271
13.0459
10.5913
8.3805
6.35005
4.44927
2.63593
0.873132
70.8772
53.9608
41.9981
33.5808
27.3991
22.635
18.8033
15.6094
12.867
10.4514
8.27552
6.27478
4.39906
2.60726
0.863817
81.2363
53.8603
40.1212
31.7379
25.904
21.4791
17.9217
14.9402
12.3609
10.0718
7.99527
6.07443
4.26489
2.53019
0.83869
0.241912
0.725607
1.20885
1.6911
2.17144
2.64842
3.1199
3.58301
4.0346
4.47262
4.90038
5.33691
5.84253
6.5813
7.97335
0.253633
0.760697
1.26705
1.77182
2.27347
2.76937
3.25517
3.72388
4.16456
4.56043
4.8859
5.10042
5.12724
4.75831
3.19547
0.265487
0.796267
1.32632
1.85466
2.37944
2.89726
3.40222
3.8841
4.32554
4.69702
4.94838
4.99412
4.68659
3.76429
1.77031
0.277472
0.832324
1.38675
1.93995
2.49017
3.03402
3.56518
4.07229
4.53499
4.91691
5.15352
5.13298
4.6728
3.51435
1.41915
0.289516
0.868658
1.44801
2.02726
2.60528
3.1795
3.74476
4.29121
4.80041
5.23758
5.53708
5.577
5.14382
3.91483
1.58401
0.301476
0.90483
1.50931
2.11537
2.72296
3.33112
3.93727
4.5359
5.11575
5.65373
6.10069
6.34946
6.16733
5.08036
2.33022
0.313151
0.940201
1.56947
2.20237
2.84019
3.48405
4.1349
4.79348
5.46007
6.13294
6.80169
7.42105
7.81901
7.40075
4.40296
0.324298
0.974007
1.62709
2.28592
2.95315
3.63202
4.32703
5.04538
5.79988
6.61491
7.53675
8.64625
10.0373
11.5123
10.509
0.334665
1.00545
1.68067
2.36358
3.05796
3.76869
4.50283
5.272
6.09752
7.02254
8.14127
9.67572
12.197
17.3445
30.5138
0.344014
1.03379
1.72889
2.43323
3.15135
3.889
4.65419
5.45932
6.32591
7.29548
8.45686
10.0196
12.5325
17.6056
30.6171
0.352143
1.0584
1.77065
2.49324
3.2311
3.9901
4.77768
5.60381
6.48259
7.43505
8.49347
9.70345
11.0899
12.3535
10.8526
0.358897
1.07881
1.80519
2.54261
3.29609
4.07125
4.87429
5.71159
6.58791
7.50086
8.42462
9.26447
9.73218
9.02085
5.11851
0.364167
1.09472
1.83201
2.58075
3.34596
4.13295
4.94699
5.7921
6.66763
7.55897
8.41381
9.08368
9.19302
7.90393
3.78339
0.367885
1.10592
1.85083
2.60739
3.38061
4.17576
4.99798
5.85134
6.73618
7.64224
8.53121
9.29191
9.62472
8.75311
4.84138
0.370019
1.11233
1.86152
2.62238
3.39996
4.19967
5.02722
5.88858
6.78983
7.73717
8.73745
9.79708
10.8926
11.7132
9.90691
0.370566
1.11393
1.86407
2.6257
3.40387
4.20413
5.03283
5.89796
6.81131
7.79515
8.90223
10.2771
12.3509
16.4974
27.4774
0.369551
1.11081
1.8586
2.61748
3.39236
4.18872
5.01302
5.8737
6.78367
7.76736
8.88077
10.2716
12.3697
16.5356
27.5031
0.36703
1.10312
1.84537
2.59808
3.36585
4.1538
4.96781
5.81504
6.70467
7.64932
8.66641
9.77462
10.9521
11.8499
10.0113
0.363089
1.09114
1.82485
2.56816
3.32525
4.10067
4.89942
5.72676
6.58728
7.48079
8.38855
9.22931
9.72839
9.06437
5.14675
0.35784
1.0752
1.79762
2.52861
3.27184
4.03126
4.81103
5.6153
6.4468
7.30217
8.157
8.92104
9.31218
8.53802
4.70983
0.351417
1.05571
1.7644
2.4805
3.20712
3.9476
4.70552
5.48478
6.28958
7.12375
7.9883
8.87149
9.70496
10.1323
8.15573
0.343973
1.03314
1.726
2.42501
3.13271
3.85175
4.58506
5.3364
6.1118
6.92405
7.80643
8.85628
10.3795
13.3958
21.5562
0.335671
1.008
1.68328
2.36344
3.05036
3.74589
4.45198
5.17117
5.90828
6.67551
7.50806
8.51214
10.017
13.0865
21.4212
0.326675
0.980782
1.63713
2.29711
2.96195
3.6326
4.30967
4.99337
5.68372
6.38144
7.09037
7.82004
8.56756
9.12054
7.68412
0.317146
0.951986
1.58842
2.22736
2.86943
3.51476
4.16265
4.81083
5.45388
6.07946
6.6581
7.11535
7.25307
6.53588
3.62173
0.30723
0.922059
1.53794
2.1554
2.77458
3.39507
4.01533
4.6317
5.23605
5.80991
6.30997
6.63238
6.53208
5.47673
2.56572
0.297049
0.891378
1.48634
2.08218
2.67877
3.27546
3.8706
4.46082
5.03926
5.59148
6.08504
6.4428
6.47417
5.70609
3.0516
0.286701
0.860233
1.43411
2.00838
2.58283
3.15684
3.7292
4.298
4.86056
5.41365
5.95427
6.47972
6.97128
7.24531
5.93236
0.276255
0.828831
1.38156
1.93441
2.48715
3.03929
3.59018
4.13942
4.68833
5.24436
5.83387
6.54005
7.61928
9.88643
16.1406
0.265758
0.797303
1.3289
1.86048
2.39182
2.92253
3.45221
3.98096
4.51106
5.05169
5.6323
6.34117
7.44216
9.75855
16.0925
0.255234
0.765718
1.27623
1.78668
2.29687
2.80642
3.3148
3.82147
4.32638
4.83115
5.34153
5.86983
6.42083
6.84049
5.77651
0.244692
0.7341
1.22356
1.71303
2.20232
2.69106
3.17849
3.66309
4.14168
4.60661
5.03817
5.3826
5.49057
4.95257
2.74447
0.234126
0.702428
1.17086
1.63945
2.10811
2.57656
3.04406
3.50881
3.96635
4.40515
4.7952
5.05944
5.00876
4.22432
1.99073
0.223521
0.67065
1.11803
1.56579
2.01401
2.46266
2.91146
3.35945
3.80394
4.23744
4.63948
4.95485
5.0364
4.50234
2.45073
0.212852
0.638684
1.0649
1.49177
1.91956
2.34861
2.77935
3.21245
3.64909
4.09147
4.54384
5.01253
5.49142
5.83411
4.88973
0.202088
0.606435
1.0113
1.41707
1.82419
2.23332
2.64553
3.06292
3.49015
3.93848
4.43676
5.06301
6.04088
8.05956
13.4641
0.191202
0.573813
0.957054
1.34139
1.72739
2.11585
2.50805
2.90647
3.31649
3.75073
4.24069
4.8692
5.86743
7.93353
13.4164
0.180169
0.540741
0.902025
1.26453
1.62885
1.99572
2.36618
2.7419
3.12593
3.5242
3.9483
4.41852
4.95226
5.43458
4.73482
0.168969
0.507161
0.846125
1.18639
1.52851
1.87306
2.22059
2.57148
2.92541
3.27965
3.6238
3.92361
4.07269
3.75639
2.14335
0.157587
0.473035
0.789302
1.10693
1.42645
1.74829
2.07262
2.3989
2.7246
3.04203
3.33
3.53329
3.51622
2.97863
1.40854
0.146013
0.438329
0.731515
1.02614
1.32274
1.62174
1.92325
2.22665
2.52947
2.8248
3.09492
3.29592
3.32112
2.91781
1.53964
0.134233
0.403008
0.672711
0.943957
1.21734
1.49341
1.77253
2.05475
2.33949
2.62502
2.90775
3.18057
3.4235
3.53392
2.85205
0.122236
0.367035
0.612821
0.860265
1.11006
1.36292
1.6196
1.88106
2.14891
2.42712
2.72738
3.08592
3.61782
4.70014
7.65205
0.110008
0.330368
0.551765
0.774923
1.00062
1.22973
1.46332
1.70287
1.95108
2.21388
2.50646
2.8708
3.42983
4.56793
7.60391
0.0975407
0.292973
0.489473
0.687801
0.888794
1.09342
1.30285
1.51863
1.74307
1.9799
2.23564
2.52041
2.83961
3.11765
2.69916
0.0848267
0.25483
0.425901
0.598812
0.774425
0.953739
1.13793
1.32835
1.5264
1.73276
1.9446
2.14604
2.27791
2.15099
1.25255
0.0718676
0.21594
0.361043
0.507933
0.657468
0.810653
0.968654
1.13273
1.30391
1.48176
1.66074
1.81993
1.89589
1.72005
0.921634
0.0586727
0.176328
0.294935
0.415204
0.537962
0.664204
0.795133
0.932162
1.07677
1.22993
1.39059
1.55158
1.68867
1.72141
1.31629
0.0452612
0.136051
0.227666
0.320738
0.416025
0.514483
0.617355
0.726306
0.843649
0.972868
1.12016
1.29979
1.55387
2.02681
3.25776
0.0316628
0.0951971
0.15938
0.224725
0.291874
0.361681
0.435339
0.514602
0.602265
0.703234
0.827237
0.996263
1.26703
1.80576
3.16916
0.0179187
0.0538899
0.0902836
0.127453
0.165869
0.206196
0.249414
0.297048
0.351625
0.41759
0.503022
0.622058
0.794081
1.01197
1.01943
0.0040809
0.0122876
0.0206456
0.0293115
0.0385318
0.0486949
0.0604113
0.0746589
0.093063
0.118417
0.155453
0.211037
0.289257
0.364274
0.290716
-0.00978843
-0.0294206
-0.0492077
-0.0692168
-0.0894623
-0.109888
-0.130355
-0.150625
-0.170333
-0.188873
-0.205005
-0.215715
-0.213353
-0.180257
-0.0853131
-0.0236194
-0.0710214
-0.118907
-0.167581
-0.217331
-0.268443
-0.321258
-0.3763
-0.434543
-0.497837
-0.569232
-0.651546
-0.737309
-0.767737
-0.5139
-0.0373369
-0.112286
-0.188057
-0.265195
-0.34425
-0.425813
-0.510611
-0.599748
-0.69524
-0.80117
-0.925873
-1.08497
-1.29968
-1.55261
-1.47995
-0.0508631
-0.152977
-0.256255
-0.361475
-0.469423
-0.580929
-0.696944
-0.818773
-0.948676
-1.09145
-1.25861
-1.47976
-1.8355
-2.56356
-4.45102
-0.0641191
-0.192858
-0.323101
-0.455853
-0.592119
-0.732905
-0.879228
-1.03218
-1.19316
-1.36478
-1.55385
-1.78106
-2.11271
-2.76932
-4.52991
-0.077026
-0.231692
-0.3882
-0.547783
-0.711664
-0.881022
-1.0569
-1.23999
-1.43022
-1.62596
-1.82257
-2.00978
-2.16424
-2.20839
-1.7381
-0.0895055
-0.269242
-0.451158
-0.63672
-0.827395
-1.0246
-1.22954
-1.44281
-1.66344
-1.88652
-2.09777
-2.26122
-2.29232
-2.00466
-1.03371
-0.10148
-0.305273
-0.511575
-0.722094
-0.938577
-1.16278
-1.39636
-1.6405
-1.89493
-2.15525
-2.40614
-2.60451
-2.64172
-2.27539
-1.09073
-0.112874
-0.339556
-0.569055
-0.803314
-1.04438
-1.29443
-1.55582
-1.83102
-2.12229
-2.4305
-2.75091
-3.05968
-3.27131
-3.11436
-1.83996
-0.123619
-0.371877
-0.623218
-0.879795
-1.14392
-1.41819
-1.70567
-2.01034
-2.33785
-2.69721
-3.10372
-3.58226
-4.15678
-4.72929
-4.25963
-0.133654
-0.40205
-0.673736
-0.951017
-1.2364
-1.53273
-1.84355
-2.17375
-2.53124
-2.93112
-3.40645
-4.03813
-5.04354
-7.06785
-12.2692
-0.142933
-0.42993
-0.720355
-1.0166
-1.32124
-1.63719
-1.96793
-2.31815
-2.69516
-3.11259
-3.60053
-4.23436
-5.22265
-7.19996
-12.3197
-0.151422
-0.455422
-0.762919
-1.07633
-1.39822
-1.73134
-2.07875
-2.44392
-2.83094
-3.24502
-3.69324
-4.18436
-4.71481
-5.1497
-4.42439
-0.159106
-0.478479
-0.80136
-1.13016
-1.46736
-1.81554
-2.1772
-2.55445
-2.94787
-3.35369
-3.75607
-4.10695
-4.27324
-3.90502
-2.17032
-0.165979
-0.49909
-0.83568
-1.17812
-1.52886
-1.89033
-2.26479
-2.65369
-3.05614
-3.46467
-3.85459
-4.15766
-4.20278
-3.6092
-1.72588
-0.172049
-0.517277
-0.865918
-1.22031
-1.58287
-1.95607
-2.34229
-2.74348
-3.16012
-3.58851
-4.01334
-4.38741
-4.57577
-4.20897
-2.3706
-0.17733
-0.533083
-0.892145
-1.25681
-1.62947
-2.01272
-2.40935
-2.82248
-3.25588
-3.71474
-4.20727
-4.74603
-5.3342
-5.83058
-5.03112
-0.181847
-0.546582
-0.914469
-1.28771
-1.66869
-2.06005
-2.4649
-2.88734
-3.33391
-3.81753
-4.369
-5.07026
-6.15626
-8.35196
-14.124
-0.185639
-0.557882
-0.933054
-1.31323
-1.70068
-2.09796
-2.50817
-2.9354
-3.38613
-3.87312
-4.4266
-5.12722
-6.20757
-8.38958
-14.1384
-0.188758
-0.567137
-0.948147
-1.33367
-1.72579
-2.12686
-2.53957
-2.96707
-3.4131
-3.88247
-4.38194
-4.92039
-5.49369
-5.95012
-5.07795
-0.191273
-0.574555
-0.960087
-1.34951
-1.74466
-2.14763
-2.56066
-2.98581
-3.4238
-3.87084
-4.31012
-4.68924
-4.86088
-4.43316
-2.46446
-0.193273
-0.580399
-0.969306
-1.36134
-1.75808
-2.16137
-2.57327
-2.99556
-3.42813
-3.86452
-4.27999
-4.60208
-4.64418
-3.98625
-1.90664
-0.194868
-0.584993
-0.976335
-1.36988
-1.7669
-2.16909
-2.57862
-2.9981
-3.42975
-3.87265
-4.31463
-4.70927
-4.91353
-4.52652
-2.55274
-0.196189
-0.588731
-0.981813
-1.37598
-1.77211
-2.17165
-2.57701
-2.99214
-3.42347
-3.88134
-4.38204
-4.94857
-5.59339
-6.16862
-5.37356
-0.197394
-0.592082
-0.986517
-1.38069
-1.77491
-2.17013
-2.56856
-2.97487
-3.3987
-3.86022
-4.40365
-5.13343
-6.32145
-8.76219
-15.1054
-0.198662
-0.595597
-0.991384
-1.38534
-1.77697
-2.16633
-2.55457
-2.94536
-3.34769
-3.78214
-4.29574
-4.99996
-6.17946
-8.64551
-15.058
-0.200196
-0.599897
-0.997504
-1.39156
-1.78059
-2.16325
-2.53876
-2.90778
-3.27429
-3.64902
-4.05537
-4.53632
-5.14389
-5.78811
-5.21326
-0.202204
-0.605637
-1.00607
-1.40125
-1.78859
-2.1651
-2.52738
-2.87187
-3.19512
-3.49387
-3.76311
-3.98466
-4.08276
-3.77716
-2.20991
-0.204885
-0.613448
-1.01825
-1.41635
-1.80408
-2.17677
-2.52832
-2.85066
-3.13287
-3.35916
-3.50388
-3.51864
-3.30191
-2.64227
-1.18745
-0.208401
-0.623855
-1.03508
-1.43861
-1.82997
-2.20307
-2.54947
-2.85725
-3.10939
-3.28102
-3.33481
-3.21331
-2.82857
-2.05953
-0.803903
-0.212848
-0.637184
-1.05722
-1.4693
-1.86851
-2.24788
-2.59738
-2.90242
-3.14174
-3.28463
-3.2874
-3.09071
-2.62202
-1.81466
-0.664912
-0.218235
-0.653488
-1.08485
-1.50889
-1.92077
-2.31338
-2.67611
-2.99315
-3.24101
-3.38546
-3.37841
-3.15695
-2.6506
-1.8075
-0.650962
-0.224461
-0.672477
-1.11755
-1.5569
-1.98637
-2.39956
-2.78652
-3.13186
-3.41201
-3.59144
-3.61822
-3.42094
-2.91296
-2.01798
-0.737956
-0.231309
-0.693496
-1.1542
-1.61173
-2.06324
-2.50391
-2.92576
-3.31576
-3.65287
-3.90332
-4.01354
-3.9006
-3.44399
-2.4958
-0.960962
-0.238451
-0.715531
-1.19301
-1.6707
-2.14759
-2.62127
-3.08704
-3.53631
-3.95381
-4.31249
-4.56373
-4.61881
-4.31632
-3.38095
-1.45274
-0.245463
-0.737269
-1.23166
-1.7302
-2.23411
-2.74407
-3.25971
-3.77882
-4.29548
-4.79614
-5.25
-5.58522
-5.62804
-4.9555
-2.6231
-0.251859
-0.757191
-1.26741
-1.78593
-2.31639
-2.86285
-3.42991
-4.02293
-4.64815
-5.31213
-6.01853
-6.75454
-7.43638
-7.68266
-5.81678
-0.257127
-0.773702
-1.29737
-1.83332
-2.38753
-2.96728
-3.582
-4.24457
-4.97375
-5.79851
-6.76637
-7.96134
-9.54687
-11.8764
-15.7934
57.2998
42.7467
33.9481
27.8991
23.3391
19.6831
16.6248
13.9854
11.6509
9.54352
7.60653
5.79652
4.07853
2.42299
0.803701
20.9407
27.3018
26.0106
23.2042
20.2908
17.5815
15.119
12.8803
10.8295
8.93145
7.155
5.47286
3.86094
2.29758
0.762727
9.24821
17.1708
19.1252
18.5834
17.1005
15.3084
13.4577
11.6447
9.90186
8.23488
6.63793
5.10037
3.6096
2.15235
0.715218
4.89858
11.1842
13.973
14.6159
14.1247
13.0758
11.7702
10.3602
8.92146
7.48959
6.07957
4.69535
3.33494
1.99314
0.663052
2.98746
7.62587
10.3108
11.4357
11.5363
11.0214
10.1549
9.09568
7.9362
6.72906
5.50325
4.27377
3.04734
1.82578
0.608113
2.00444
5.42404
7.73192
8.96691
9.37508
9.211
8.6734
7.90067
6.98396
5.98144
4.92942
3.85002
2.75632
1.65571
0.552167
1.43062
3.99419
5.89803
7.07218
7.61118
7.65992
7.35509
6.80556
6.09124
5.26815
4.37457
3.43618
2.47008
1.48767
0.496764
1.06349
3.02246
4.5708
5.61845
6.18767
6.3543
6.20663
5.82484
5.274
4.60378
3.85079
3.04155
2.19515
1.32551
0.443177
0.813008
2.33587
3.59123
4.49691
5.04367
5.26689
5.2207
4.96147
4.53962
3.99683
3.36604
2.6727
1.93633
1.17214
0.392383
0.634155
1.83503
2.85447
3.62458
4.12431
4.36652
4.38266
4.21098
3.88919
3.45097
2.92471
2.33369
1.69682
1.02958
0.345063
0.502128
1.46016
2.29082
2.93996
3.38374
3.62309
3.67503
3.56469
3.31959
2.9662
2.52831
2.02651
1.47839
0.899014
0.301631
0.402197
1.17373
1.85321
2.39794
2.7851
3.00977
3.08005
3.01196
2.82516
2.5401
2.17627
1.75148
1.28164
0.780942
0.262279
0.325084
0.951199
1.50916
1.9653
2.29928
2.50363
2.58114
2.54163
2.39895
2.16866
1.86655
1.50773
1.1063
0.675338
0.227019
0.26467
0.775991
1.23581
1.61748
1.90347
2.08555
2.16346
2.14292
2.03355
1.84709
1.59618
1.29354
0.951476
0.581778
0.195729
0.216767
0.636539
1.01672
1.3361
1.57981
1.73978
1.81413
1.8059
1.72165
1.57024
1.36174
1.10672
0.815829
0.499566
0.168194
0.178418
0.524574
0.839852
1.10724
1.31427
1.45347
1.52214
1.52163
1.45639
1.33304
1.15958
0.944787
0.697797
0.427842
0.144139
0.147483
0.434048
0.696227
0.920299
1.09582
1.21612
1.27818
1.28231
1.23147
1.13061
0.986107
0.80521
0.595707
0.365662
0.123261
0.122379
0.360454
0.579061
0.767058
0.915728
1.01919
1.07444
1.08116
1.04126
0.958491
0.837899
0.685489
0.507877
0.312058
0.105244
0.101916
0.300376
0.483145
0.641121
0.767018
0.855724
0.904396
0.912355
0.880828
0.812622
0.71178
0.583264
0.432684
0.266085
0.0897786
0.0851836
0.251192
0.404443
0.537455
0.644129
0.720054
0.762616
0.770966
0.745856
0.689409
0.604872
0.496355
0.368613
0.226851
0.0765696
0.0714771
0.210864
0.339793
0.452073
0.542589
0.607544
0.644587
0.652806
0.632636
0.585698
0.51461
0.422791
0.314273
0.193532
0.0653443
0.0602472
0.177797
0.2867
0.381802
0.458793
0.514412
0.546568
0.554355
0.537999
0.498751
0.438739
0.36082
0.268417
0.165382
0.0558549
0.051062
0.150732
0.243188
0.324105
0.389833
0.437569
0.465466
0.472663
0.459255
0.426218
0.3753
0.308902
0.229943
0.141739
0.0478806
0.0435806
0.128674
0.207686
0.276954
0.333363
0.374498
0.398735
0.405276
0.394138
0.366097
0.322608
0.265704
0.197887
0.122022
0.0412271
0.0375346
0.110839
0.17895
0.238729
0.287497
0.323159
0.344288
0.350161
0.340754
0.3167
0.279229
0.230081
0.171417
0.105726
0.0357258
0.0327137
0.0966096
0.155997
0.208147
0.250728
0.281908
0.300432
0.305654
0.297537
0.276618
0.243956
0.201064
0.149826
0.0924209
0.0312319
0.0289561
0.0855101
0.138067
0.18421
0.221874
0.249443
0.265809
0.270407
0.263206
0.244686
0.215785
0.177839
0.132517
0.0817424
0.0276231
0.0261413
0.0771857
0.124589
0.166158
0.200028
0.224753
0.239355
0.243349
0.236734
0.219961
0.193891
0.159735
0.118992
0.0733854
0.0247966
0.0241858
0.0713891
0.115161
0.153449
0.184531
0.207091
0.220266
0.223656
0.217311
0.201689
0.177611
0.146204
0.108844
0.0670982
0.0226673
0.0230415
0.0679745
0.109538
0.145743
0.17495
0.195943
0.207967
0.210721
0.204328
0.189286
0.166417
0.136804
0.10174
0.0626745
0.0211654
0.0226954
0.0668988
0.107635
0.142895
0.171069
0.191021
0.202103
0.204135
0.197347
0.182317
0.159904
0.131188
0.0974136
0.0599468
0.0202336
0.0231736
0.0682295
0.109534
0.144966
0.172896
0.192254
0.202521
0.203671
0.196086
0.180471
0.157765
0.129082
0.0956497
0.0587782
0.019825
0.024548
0.0721643
0.115508
0.152243
0.180673
0.199798
0.209267
0.209268
0.200399
0.183545
0.159775
0.13027
0.0962726
0.059054
0.0198999
0.0269496
0.0790648
0.126069
0.165285
0.194909
0.214044
0.222583
0.22102
0.210254
0.191418
0.165765
0.134577
0.0991303
0.0606727
0.0204226
0.0305895
0.0895129
0.142037
0.184984
0.216424
0.235644
0.242911
0.239161
0.225707
0.204023
0.175594
0.141838
0.104077
0.063535
0.0213581
0.035795
0.104403
0.164654
0.212671
0.246421
0.26554
0.270886
0.264035
0.246872
0.221308
0.189118
0.151877
0.110952
0.0675312
0.0226676
0.0430706
0.125095
0.195762
0.250261
0.286573
0.304996
0.307324
0.296064
0.273867
0.24319
0.206146
0.164471
0.119558
0.0725275
0.0243042
0.0532042
0.153671
0.238094
0.300475
0.339141
0.355622
0.353193
0.335684
0.306745
0.269489
0.226387
0.17931
0.129631
0.0783506
0.0262073
0.067463
0.193384
0.295727
0.36715
0.407108
0.419373
0.409525
0.383233
0.345394
0.299844
0.249384
0.195951
0.140815
0.0847706
0.0282981
0.0879737
0.249466
0.374827
0.455668
0.494296
0.498471
0.477265
0.438791
0.389391
0.333602
0.274442
0.213772
0.152627
0.0914859
0.0304741
0.11852
0.330635
0.484833
0.57349
0.605396
0.595183
0.556984
0.501925
0.437816
0.369695
0.300544
0.231918
0.164434
0.0981094
0.0326054
0.166374
0.452014
0.640341
0.730709
0.745729
0.71132
0.648397
0.571326
0.489014
0.406496
0.326275
0.249269
0.175433
0.104161
0.0345325
0.246938
0.640962
0.863862
0.940237
0.920366
0.847244
0.749622
0.644352
0.540339
0.44169
0.349768
0.264413
0.184648
0.10907
0.0360675
0.396838
0.948732
1.18912
1.21658
1.13195
1.00017
0.856146
0.716488
0.587922
0.472202
0.368693
0.27567
0.190951
0.112189
0.0369997
0.714633
1.47281
1.6622
1.57076
1.37626
1.16156
0.959622
0.780905
0.626569
0.494222
0.380328
0.281156
0.193113
0.112825
0.0371053
1.49845
2.39183
2.33025
1.99646
1.63455
1.31407
1.04695
0.828371
0.64993
0.503414
0.381729
0.278906
0.189888
0.110286
0.0361624
3.74299
3.97398
3.1873
2.44162
1.86403
1.42951
1.10053
0.847946
0.651101
0.495349
0.370023
0.267064
0.180119
0.10394
0.03397
11.0257
6.26273
4.01581
2.77
1.99412
1.47162
1.10103
0.828791
0.623719
0.466141
0.342775
0.244096
0.16287
0.09328
0.0303675
13.0776
6.80413
4.149
2.77197
1.9482
1.40819
1.0332
0.762971
0.563339
0.413162
0.298375
0.209002
0.137536
0.0779814
0.0252524
6.38819
4.83262
3.39453
2.38967
1.70517
1.23014
0.892599
0.648105
0.468598
0.335596
0.236318
0.161467
0.103926
0.0579413
0.0185922
2.2419
2.77941
2.33913
1.78482
1.31665
0.95657
0.687355
0.48809
0.34155
0.234601
0.15729
0.101908
0.0622887
0.0332917
0.0104285
0.836053
1.40514
1.36285
1.12012
0.85302
0.619877
0.433511
0.291446
0.186996
0.113018
0.0630282
0.0313998
0.0132728
0.00438136
0.000871249
0.196169
0.455398
0.525719
0.47232
0.365789
0.250678
0.148888
0.0686689
0.0112715
-0.0252289
-0.0439879
-0.0484868
-0.0421577
-0.0282665
-0.00991357
-0.351287
-0.363169
-0.225507
-0.138601
-0.115498
-0.127783
-0.150722
-0.169962
-0.178968
-0.175799
-0.160909
-0.135894
-0.10284
-0.0640128
-0.021722
-1.37838
-1.28558
-0.941487
-0.705217
-0.572213
-0.498849
-0.452902
-0.4157
-0.377663
-0.334509
-0.284861
-0.228882
-0.167531
-0.102164
-0.0343311
-4.38432
-2.38249
-1.58258
-1.20011
-0.987504
-0.850874
-0.749002
-0.66201
-0.579905
-0.497724
-0.413206
-0.3256
-0.235009
-0.142025
-0.047516
-4.48489
-2.6447
-1.93374
-1.57703
-1.35002
-1.17875
-1.03476
-0.904911
-0.782189
-0.662554
-0.543692
-0.424387
-0.304145
-0.182945
-0.0610632
-1.7075
-2.12267
-2.03886
-1.86386
-1.67379
-1.48767
-1.31068
-1.14285
-0.982313
-0.826834
-0.674477
-0.523819
-0.373942
-0.224336
-0.0747793
-1.0133
-1.94711
-2.20728
-2.16114
-1.99477
-1.79024
-1.58022
-1.3757
-1.17891
-0.988933
-0.804071
-0.622701
-0.443546
-0.265689
-0.0884958
-1.07795
-2.23931
-2.58837
-2.54187
-2.3422
-2.09659
-1.8459
-1.60316
-1.37075
-1.14746
-0.931228
-0.720035
-0.512241
-0.306577
-0.102071
-1.83324
-3.09558
-3.24409
-3.02892
-2.7215
-2.40642
-2.10604
-1.82341
-1.55622
-1.30108
-1.05487
-0.814996
-0.579448
-0.346658
-0.115391
-4.25805
-4.72527
-4.1523
-3.57995
-3.10608
-2.70601
-2.35379
-2.03291
-1.73329
-1.44848
-1.17408
-0.906943
-0.644731
-0.385675
-0.128371
-12.2723
-7.07723
-5.06001
-4.06253
-3.43933
-2.97232
-2.57974
-2.2276
-1.90005
-1.58863
-1.28824
-0.995453
-0.707812
-0.423469
-0.14096
-12.3271
-7.22222
-5.25946
-4.28512
-3.66404
-3.1869
-2.77755
-2.40517
-2.05556
-1.72109
-1.3971
-1.08037
-0.768591
-0.459982
-0.153138
-4.43629
-5.18501
-4.77241
-4.2623
-3.78871
-3.35435
-2.94964
-2.56689
-2.2005
-1.84625
-1.50088
-1.16184
-0.827154
-0.49526
-0.164921
-2.18692
-3.95417
-4.35298
-4.21404
-3.88608
-3.50113
-3.10643
-2.7172
-2.33697
-1.96522
-1.60025
-1.24028
-0.883762
-0.529452
-0.176355
-1.74765
-3.67356
-4.3069
-4.29696
-4.02293
-3.65463
-3.25935
-2.86122
-2.46752
-2.07943
-1.69611
-1.31629
-0.938824
-0.562793
-0.187519
-2.3982
-4.2905
-4.70745
-4.56319
-4.22517
-3.8268
-3.4142
-3.00209
-2.59414
-2.19029
-1.7895
-1.39065
-0.992873
-0.595598
-0.198517
-5.06544
-5.9319
-5.49765
-4.96387
-4.46925
-4.00878
-3.56863
-3.14003
-2.71785
-2.299
-1.88153
-1.46425
-1.04656
-0.62826
-0.20948
-14.1662
-8.47644
-6.35688
-5.33725
-4.68953
-4.17657
-3.71498
-3.27343
-2.83921
-2.40672
-1.97339
-1.53812
-1.10064
-0.661247
-0.220566
-14.1899
-8.54149
-6.45215
-5.45225
-4.81615
-4.3086
-3.84736
-3.4017
-2.9593
-2.51497
-2.06656
-1.61349
-1.15604
-0.695117
-0.231961
-5.14062
-6.13481
-5.79074
-5.31452
-4.85341
-4.40839
-3.96885
-3.52763
-3.08069
-2.62601
-2.16295
-1.69187
-1.21385
-0.730526
-0.243885
-2.54059
-4.65736
-5.221
-5.1662
-4.87941
-4.50431
-4.09144
-3.65746
-3.20739
-2.74283
-2.26488
-1.77503
-1.27532
-0.768228
-0.256588
-1.99912
-4.25837
-5.08063
-5.17889
-4.96665
-4.62636
-4.22863
-3.79842
-3.3441
-2.86889
-2.37504
-1.86503
-1.34189
-0.809079
-0.270356
-2.66523
-4.85723
-5.44294
-5.4071
-5.14274
-4.78822
-4.38831
-3.95607
-3.49525
-3.00786
-2.49637
-1.96412
-1.41516
-0.854023
-0.2855
-5.51076
-6.57149
-6.23679
-5.79392
-5.38134
-4.98154
-4.57036
-4.13349
-3.66481
-3.16353
-2.63209
-2.07477
-1.49686
-0.904086
-0.302358
-15.2734
-9.25466
-7.10564
-6.15961
-5.61097
-5.18268
-4.77018
-4.33294
-3.85695
-3.34009
-2.78573
-2.1997
-1.58887
-0.960352
-0.321286
-15.2647
-9.25035
-7.13896
-6.24922
-5.75695
-5.37279
-4.98712
-4.55924
-4.07743
-3.54266
-2.96131
-2.34183
-1.69312
-1.02393
-0.342643
-5.46939
-6.5355
-6.32378
-6.0627
-5.82776
-5.56386
-5.23329
-4.82293
-4.33464
-3.77752
-3.16335
-2.50422
-1.81158
-1.0959
-0.36677
-2.53001
-4.70791
-5.54276
-5.85795
-5.91859
-5.80117
-5.53481
-5.14067
-4.6396
-4.05198
-3.39657
-2.68986
-1.94602
-1.17717
-0.393955
-1.59204
-3.81291
-5.12254
-5.82987
-6.133
-6.14182
-5.92498
-5.5326
-5.00461
-4.37347
-3.66538
-2.90126
-2.09779
-1.26842
-0.424389
-1.32296
-3.55065
-5.12051
-6.08242
-6.5517
-6.63912
-6.43696
-6.01862
-5.44121
-4.74838
-3.97308
-3.13997
-2.26752
-1.36984
-0.458113
-1.3443
-3.74516
-5.54062
-6.67698
-7.23549
-7.33746
-7.09898
-6.61502
-5.95788
-5.18052
-4.32091
-3.40597
-2.45476
-1.48099
-0.494959
-1.56545
-4.36005
-6.41836
-7.67277
-8.23622
-8.27219
-7.93138
-7.33156
-6.55794
-5.66972
-4.70715
-3.69715
-2.65765
-1.60065
-0.534499
-2.02014
-5.4862
-7.85431
-9.14834
-9.60311
-9.46856
-8.9436
-8.1687
-7.23746
-6.2105
-5.12629
-4.00879
-2.87267
-1.72667
-0.576009
-2.87356
-7.37478
-10.0361
-11.2067
-11.3791
-10.936
-10.1294
-9.1143
-7.98336
-6.79097
-5.56849
-4.33335
-3.09453
-1.85592
-0.618458
-4.59216
-10.541
-13.2529
-13.9582
-13.5823
-12.6558
-11.4599
-10.1403
-8.77185
-7.39226
-6.01945
-4.66044
-3.31622
-1.98436
-0.660528
-8.55758
-15.9551
-17.863
-17.4604
-16.1677
-14.5626
-12.8762
-11.2001
-9.56797
-7.98878
-6.46076
-4.97723
-3.52933
-2.10721
-0.70067
-19.2713
-25.1811
-24.0776
-21.5806
-18.97
-16.5256
-14.2853
-12.2293
-10.3272
-8.54969
-6.87113
-5.26926
-3.7245
-2.21925
-0.737196
-52.6467
-39.2772
-31.26
-25.7793
-21.6566
-18.3468
-15.5663
-13.1516
-10.9998
-9.04181
-7.2282
-5.52159
-3.89222
-2.31515
-0.768405
-0.260943
-0.785813
-1.31984
-1.86986
-2.44393
-3.0522
-3.70817
-4.43098
-5.24935
-6.20932
-7.38996
-8.93996
-11.1745
-14.8688
-22.3078
-0.262339
-0.790532
-1.32953
-1.8874
-2.47372
-3.1005
-3.78367
-4.54546
-5.41847
-6.4527
-7.72815
-9.37772
-11.6263
-14.8328
-19.3786
-0.260208
-0.784423
-1.32029
-1.87644
-2.46298
-3.0923
-3.78037
-4.54853
-5.42618
-6.45462
-7.69185
-9.21615
-11.1196
-13.4568
-16.0526
-0.254271
-0.766642
-1.29072
-1.83504
-2.40936
-3.02522
-3.69681
-4.4419
-5.2829
-6.24758
-7.3681
-8.67501
-10.1786
-11.8217
-13.3862
-0.244497
-0.737134
-1.24086
-1.7636
-2.3141
-2.90229
-3.53959
-4.23916
-5.01574
-5.88451
-6.8577
-7.93691
-9.09803
-10.2649
-11.2793
-0.231074
-0.696518
-1.17195
-1.66433
-2.18108
-2.73013
-3.31993
-3.95922
-4.65617
-5.4167
-6.24085
-7.11662
-8.01123
-8.85981
-9.56051
-0.214347
-0.645899
-1.08606
-1.54066
-2.01568
-2.51708
-3.05066
-3.62147
-4.23293
-4.8851
-5.5719
-6.27709
-6.97
-7.6021
-8.10933
-0.194761
-0.586662
-0.985687
-1.39654
-1.82381
-2.27175
-2.744
-3.24295
-3.76894
-4.31888
-4.88444
-5.44971
-5.9895
-6.46919
-6.84814
-0.172796
-0.520295
-0.873475
-1.23598
-1.6112
-2.002
-2.41043
-2.83717
-3.28081
-3.73697
-4.19716
-4.64765
-5.069
-5.43689
-5.7251
-0.148921
-0.448238
-0.751925
-1.0627
-1.38297
-1.71455
-2.05843
-2.41427
-2.77991
-3.1508
-3.51935
-3.87447
-4.20165
-4.48397
-4.70418
-0.123569
-0.371804
-0.623273
-0.879933
-1.14341
-1.41479
-1.6944
-1.98142
-2.27359
-2.56678
-2.85474
-3.12895
-3.37888
-3.59283
-3.75936
-0.0971148
-0.292123
-0.489416
-0.690336
-0.895935
-1.10682
-1.32294
-1.54339
-1.76615
-1.98787
-2.20376
-2.40757
-2.59193
-2.7489
-2.87098
-0.0698772
-0.210145
-0.351915
-0.496045
-0.643173
-0.793599
-0.947152
-1.10304
-1.25972
-1.41476
-1.56478
-1.70558
-1.83228
-1.93979
-2.02338
-0.0421216
-0.126656
-0.212037
-0.298741
-0.387103
-0.477252
-0.569032
-0.66192
-0.754948
-0.846649
-0.93504
-1.01768
-1.09181
-1.15458
-1.20338
-1010.24
-1030.69
-1051.06
-1071.28
-1091.3
-1111.06
-1130.5
-1149.55
-1168.16
-1186.26
-1203.78
-1220.67
-1236.87
-1252.34
-1267.02
-38.2811
-28.2941
-22.5028
-18.7082
-15.9864
-13.9054
-12.2421
-10.8703
-9.71282
-8.71965
-7.85658
-7.09924
-6.42963
-5.83409
-5.30201
-4.8249
-4.39594
-4.00947
-3.66079
-3.34595
-3.06156
-2.80471
-2.57289
-2.36391
-2.17585
-2.00704
-1.85601
-1.72148
-1.6023
-1.49748
-1.40618
-1.32764
-1.26124
-1.20643
-1.16279
-1.12996
-1.10769
-1.09579
-1.09417
-1.10281
-1.12177
-1.1512
-1.19132
-1.24244
-1.30494
-1.3793
-1.46609
-1.56597
-1.67971
-1.80818
-1.95237
-2.11338
-2.29245
-2.49097
-2.71047
-2.95265
-3.21941
-3.51282
-3.8352
-4.1891
-4.57733
-5.00302
-5.46961
-5.98095
-6.5413
-7.1554
-7.82856
-8.56673
-9.37662
-10.2658
-11.243
-12.3181
-13.5025
-14.8098
-16.2558
-17.8593
-19.6435
-21.6366
-23.8742
-26.402
-29.2802
-32.5901
-36.4461
-41.0155
-46.5559
-53.4895
-62.5628
-75.2201
-94.5532
-127.921
-23.9086
-22.2686
-19.6441
-17.1803
-15.0803
-13.3209
-11.8395
-10.5787
-9.49331
-8.54945
-7.72152
-6.9901
-6.34019
-5.76
-5.24011
-4.77289
-4.35206
-3.97238
-3.62943
-3.31947
-3.03928
-2.78606
-2.5574
-2.35118
-2.16554
-1.99886
-1.8497
-1.7168
-1.59905
-1.49548
-1.40525
-1.32763
-1.26199
-1.20782
-1.16468
-1.13223
-1.11022
-1.09846
-1.09686
-1.10542
-1.12418
-1.15329
-1.19297
-1.24353
-1.30534
-1.37888
-1.46472
-1.5635
-1.67598
-1.80303
-1.94562
-2.10484
-2.28192
-2.47823
-2.69527
-2.93474
-3.19849
-3.48858
-3.80728
-4.15711
-4.54084
-4.96155
-5.42262
-5.92782
-6.48132
-7.08777
-7.75235
-8.48086
-9.2798
-10.1565
-11.1194
-12.1779
-13.343
-14.6275
-16.0461
-17.6166
-19.3599
-21.3017
-23.4735
-25.9148
-28.6756
-31.8208
-35.4359
-39.6343
-44.5667
-50.4251
-57.4185
-65.6235
-74.3602
-79.7939
-17.8268
-17.6599
-16.553
-15.1279
-13.683
-12.3353
-11.1187
-10.0339
-9.06962
-8.2119
-7.44712
-6.76327
-6.15006
-5.59879
-5.10212
-4.65385
-4.24871
-3.88217
-3.55038
-3.24995
-2.97798
-2.73189
-2.50945
-2.30867
-2.12782
-1.96533
-1.81986
-1.69019
-1.57527
-1.47417
-1.38607
-1.31026
-1.24616
-1.19324
-1.1511
-1.1194
-1.0979
-1.08642
-1.08488
-1.09325
-1.11161
-1.14008
-1.17889
-1.22833
-1.28878
-1.3607
-1.44463
-1.54122
-1.65121
-1.77543
-1.91485
-2.07052
-2.24364
-2.43555
-2.64771
-2.88178
-3.13955
-3.42303
-3.73444
-4.0762
-4.45102
-4.86185
-5.31197
-5.80501
-6.34497
-6.93631
-7.58395
-8.29341
-9.07081
-9.92304
-10.8579
-11.884
-13.0115
-14.2516
-15.6176
-17.1246
-18.7902
-20.6354
-22.6846
-24.967
-27.5169
-30.3745
-33.5852
-37.1957
-41.2433
-45.7258
-50.5286
-55.2606
-58.9223
-59.4316
-14.3071
-14.4042
-13.9194
-13.1031
-12.1455
-11.1604
-10.2078
-9.31503
-8.49216
-7.74015
-7.05587
-6.43444
-5.87048
-5.35871
-4.89422
-4.47251
-4.08957
-3.74179
-3.426
-3.13933
-2.87927
-2.64356
-2.4302
-2.23739
-2.06354
-1.90722
-1.76718
-1.64229
-1.53154
-1.43408
-1.34912
-1.276
-1.21416
-1.1631
-1.12244
-1.09186
-1.07111
-1.06005
-1.05858
-1.06669
-1.08444
-1.11197
-1.14948
-1.19726
-1.25568
-1.32518
-1.40629
-1.49963
-1.6059
-1.72593
-1.86063
-2.01103
-2.17827
-2.36365
-2.56858
-2.79463
-3.04354
-3.31724
-3.61784
-3.94766
-4.30927
-4.7055
-5.13945
-5.61455
-6.13457
-6.70367
-7.32646
-8.008
-8.75394
-9.5705
-10.4646
-11.4441
-12.5175
-13.6945
-14.9859
-16.4038
-17.9618
-19.6749
-21.5596
-23.6336
-25.9148
-28.4195
-31.1582
-34.1273
-37.2934
-40.5645
-43.7401
-46.4384
-48.0234
-47.6564
-11.8529
-11.9862
-11.7626
-11.2817
-10.647
-9.93848
-9.21028
-8.49542
-7.81247
-7.17076
-6.57403
-6.02277
-5.51568
-5.05054
-4.62469
-4.23536
-3.8798
-3.5554
-3.25971
-2.99046
-2.74557
-2.52314
-2.32144
-2.1389
-1.97411
-1.8258
-1.69281
-1.57412
-1.46882
-1.37611
-1.29526
-1.22565
-1.16677
-1.11815
-1.07942
-1.05029
-1.03054
-1.02002
-1.01864
-1.0264
-1.04336
-1.06964
-1.10544
-1.15104
-1.20679
-1.27311
-1.3505
-1.43956
-1.54096
-1.65547
-1.78397
-1.92744
-2.08696
-2.26376
-2.45918
-2.67471
-2.912
-3.17286
-3.45929
-3.77347
-4.11781
-4.49496
-4.9078
-5.35952
-5.8536
-6.39385
-6.98444
-7.62997
-8.33544
-9.10633
-9.94865
-10.869
-11.8744
-12.9726
-14.172
-15.4814
-16.91
-18.4672
-20.162
-22.0017
-23.9907
-26.1274
-28.3992
-30.7748
-33.192
-35.5402
-37.6386
-39.2186
-39.9347
-39.4536
-9.95692
-10.0814
-9.9755
-9.68146
-9.25406
-8.7444
-8.19308
-7.62938
-7.07295
-6.53617
-6.02629
-5.5471
-5.10012
-4.68544
-4.30225
-3.94925
-3.62487
-3.32739
-3.05508
-2.80625
-2.57928
-2.37262
-2.18485
-2.01463
-1.86075
-1.72209
-1.59764
-1.48648
-1.3878
-1.30086
-1.22501
-1.15969
-1.10441
-1.05876
-1.0224
-0.995054
-0.976515
-0.966649
-0.965382
-0.972706
-0.98868
-1.01342
-1.04713
-1.09005
-1.14252
-1.20493
-1.27776
-1.36156
-1.45697
-1.56471
-1.6856
-1.82056
-1.97061
-2.13688
-2.32064
-2.52329
-2.74634
-2.99149
-3.26059
-3.55566
-3.87892
-4.23281
-4.61997
-5.0433
-5.50593
-6.0113
-6.56311
-7.16539
-7.82248
-8.53906
-9.32012
-10.171
-11.0973
-12.1047
-13.1993
-14.3869
-15.6727
-17.0612
-18.5552
-20.1544
-21.8536
-23.6403
-25.4903
-27.3619
-29.1895
-30.8752
-32.283
-33.2422
-33.5696
-33.1243
-8.40007
-8.50773
-8.45877
-8.27262
-7.97905
-7.60976
-7.1932
-6.75238
-6.30465
-5.86239
-5.43394
-5.02465
-4.63767
-4.2746
-3.93598
-3.62161
-3.33087
-3.06281
-2.81634
-2.59029
-2.38345
-2.19464
-2.02271
-1.86657
-1.72521
-1.59767
-1.48308
-1.38064
-1.28963
-1.2094
-1.13938
-1.07905
-1.02798
-0.985799
-0.952194
-0.926921
-0.909795
-0.900692
-0.899548
-0.906356
-0.921172
-0.94411
-0.975346
-1.01512
-1.06373
-1.12155
-1.18902
-1.26665
-1.35502
-1.45481
-1.56677
-1.69174
-1.83068
-1.98462
-2.15472
-2.34226
-2.54865
-2.77542
-3.02426
-3.29702
-3.59571
-3.92253
-4.27984
-4.67023
-5.09648
-5.56161
-6.06884
-6.62161
-7.22359
-7.87863
-8.59077
-9.36413
-10.2029
-11.1111
-12.0926
-13.1505
-14.2871
-15.503
-16.7966
-18.1624
-19.5901
-21.0618
-22.5495
-24.0119
-25.391
-26.6098
-27.5732
-28.1753
-28.3169
-27.9332
-7.06876
-7.15955
-7.13954
-7.01843
-6.81307
-6.5432
-6.22824
-5.88534
-5.52854
-5.16876
-4.81406
-4.47016
-4.1409
-3.8287
-3.5349
-3.26011
-3.00436
-2.76731
-2.54839
-2.34685
-2.16186
-1.99255
-1.83805
-1.69747
-1.57
-1.45485
-1.35127
-1.25859
-1.1762
-1.10351
-1.04004
-0.985342
-0.93902
-0.900751
-0.87026
-0.84733
-0.831798
-0.823553
-0.822539
-0.828754
-0.842248
-0.863127
-0.891552
-0.927738
-0.971963
-1.02456
-1.08593
-1.15654
-1.23691
-1.32766
-1.42947
-1.54311
-1.66942
-1.80935
-1.96395
-2.13437
-2.32187
-2.52783
-2.75376
-3.00131
-3.27227
-3.56857
-3.89232
-4.24575
-4.6313
-5.05154
-5.50921
-6.0072
-6.5485
-7.13621
-7.77345
-8.4633
-9.20867
-10.0122
-10.8759
-11.8009
-12.7873
-13.8331
-14.9339
-16.0816
-17.2634
-18.4602
-19.6451
-20.7818
-21.8231
-22.7119
-23.3833
-23.7714
-23.8202
-23.4976
-5.89539
-5.97079
-5.96574
-5.88545
-5.73984
-5.54144
-5.30342
-5.0382
-4.75664
-4.46774
-4.17859
-3.89456
-3.61955
-3.35626
-3.10647
-2.8712
-2.65093
-2.44574
-2.25544
-2.07962
-1.91775
-1.76923
-1.63339
-1.50958
-1.39714
-1.29543
-1.20386
-1.12184
-1.04887
-0.984464
-0.928192
-0.879673
-0.838576
-0.804615
-0.777554
-0.757205
-0.743426
-0.736121
-0.735244
-0.740793
-0.752815
-0.771405
-0.796705
-0.82891
-0.868264
-0.915065
-0.969668
-1.03248
-1.10399
-1.18472
-1.27527
-1.37634
-1.48866
-1.61309
-1.75053
-1.902
-2.06862
-2.25159
-2.45224
-2.672
-2.91243
-3.17521
-3.46213
-3.77513
-4.11625
-4.48765
-4.89162
-5.33048
-5.80665
-6.32252
-6.88042
-7.48255
-8.13079
-8.8266
-9.57075
-10.3631
-11.202
-12.0841
-13.0036
-13.9516
-14.9149
-15.8757
-16.8103
-17.6887
-18.4747
-19.1268
-19.601
-19.8558
-19.8581
-19.5908
-4.83597
-4.89749
-4.89989
-4.84612
-4.74225
-4.59636
-4.41739
-4.21421
-3.99497
-3.76675
-3.53541
-3.30563
-3.08099
-2.86411
-2.65685
-2.46041
-2.27551
-2.10249
-1.94139
-1.79206
-1.6542
-1.52739
-1.41119
-1.3051
-1.20861
-1.12122
-1.04246
-0.97187
-0.909014
-0.853503
-0.80498
-0.763127
-0.727665
-0.698356
-0.674999
-0.657436
-0.645547
-0.639253
-0.638515
-0.643332
-0.653747
-0.669841
-0.691739
-0.719609
-0.753663
-0.794158
-0.841401
-0.895746
-0.957603
-1.02743
-1.10576
-1.19317
-1.29031
-1.39789
-1.51672
-1.64764
-1.79163
-1.94971
-2.123
-2.31274
-2.52022
-2.74687
-2.9942
-3.2638
-3.55737
-3.87667
-4.22353
-4.59982
-5.0074
-5.44805
-5.92348
-6.43513
-6.98414
-7.57113
-8.19603
-8.85779
-9.55408
-10.2809
-11.0322
-11.7991
-12.5697
-13.3286
-14.056
-14.7285
-15.3188
-15.7974
-16.1345
-16.3034
-16.2838
-16.0662
-3.86008
-3.90897
-3.91454
-3.87854
-3.80479
-3.69854
-3.56587
-3.41299
-3.24588
-3.0699
-2.88967
-2.70901
-2.53095
-2.35782
-2.19135
-2.03272
-1.88273
-1.74181
-1.61015
-1.48775
-1.37447
-1.27006
-1.17421
-1.08656
-1.00674
-0.934383
-0.869104
-0.810548
-0.758377
-0.712278
-0.671965
-0.637182
-0.607703
-0.583333
-0.563911
-0.549308
-0.539426
-0.5342
-0.5336
-0.537627
-0.546316
-0.559736
-0.577991
-0.601222
-0.629604
-0.663353
-0.702723
-0.748009
-0.799552
-0.857736
-0.922994
-0.995812
-1.07673
-1.16633
-1.26528
-1.37429
-1.49416
-1.62572
-1.7699
-1.92771
-2.10022
-2.28856
-2.49398
-2.71775
-2.96121
-3.22578
-3.51286
-3.8239
-4.16027
-4.52329
-4.91412
-5.33368
-5.78255
-6.26083
-6.76796
-7.3025
-7.86192
-8.44225
-9.03781
-9.64085
-10.2413
-10.8263
-11.3806
-11.8863
-12.3235
-12.6715
-12.9101
-13.022
-12.9944
-12.8219
-2.94544
-2.98261
-2.98881
-2.9651
-2.91389
-2.83858
-2.74322
-2.63208
-2.50937
-2.37899
-2.24437
-2.10846
-1.97364
-1.84181
-1.7144
-1.59248
-1.47674
-1.36765
-1.26545
-1.1702
-1.08186
-1.0003
-0.925304
-0.856643
-0.794049
-0.73725
-0.685969
-0.639941
-0.598909
-0.562637
-0.530905
-0.503518
-0.480302
-0.461107
-0.445808
-0.434305
-0.426523
-0.422412
-0.421949
-0.425135
-0.431999
-0.442596
-0.457007
-0.475344
-0.497746
-0.524382
-0.555453
-0.591192
-0.631865
-0.677777
-0.729268
-0.786719
-0.850552
-0.921234
-0.999279
-1.08525
-1.17975
-1.28347
-1.3971
-1.52144
-1.65731
-1.8056
-1.96724
-2.14323
-2.33459
-2.54236
-2.76761
-3.01137
-3.27466
-3.55837
-3.86326
-4.18989
-4.53848
-4.90885
-5.30026
-5.71125
-6.13948
-6.58149
-7.0325
-7.48621
-7.93467
-8.3681
-8.77504
-9.14251
-9.45653
-9.70288
-9.86815
-9.94106
-9.91371
-9.78271
-2.07468
-2.10081
-2.10611
-2.09123
-2.05763
-2.00745
-1.94325
-1.86781
-1.7839
-1.69415
-1.60094
-1.50633
-1.41203
-1.31942
-1.22959
-1.14333
-1.06121
-0.983618
-0.910759
-0.842734
-0.779542
-0.721114
-0.66733
-0.618039
-0.573065
-0.532225
-0.495331
-0.462199
-0.432651
-0.40652
-0.383655
-0.363915
-0.347179
-0.33334
-0.322309
-0.314015
-0.308406
-0.305445
-0.305117
-0.307422
-0.312382
-0.320037
-0.330446
-0.343689
-0.359867
-0.379101
-0.401537
-0.427343
-0.456711
-0.489859
-0.527034
-0.568509
-0.614589
-0.665608
-0.721936
-0.783977
-0.85217
-0.926992
-1.00896
-1.09862
-1.19658
-1.30345
-1.41991
-1.54665
-1.68438
-1.83383
-1.99573
-2.17079
-2.35968
-2.56298
-2.78116
-3.01451
-3.26307
-3.52659
-3.80437
-4.09521
-4.39722
-4.70776
-5.02327
-5.33914
-5.64966
-5.94798
-6.22621
-6.4756
-6.6869
-6.8509
-6.95909
-7.00445
-6.98215
-6.89021
-1.23346
-1.24898
-1.25248
-1.24432
-1.22528
-1.19653
-1.1595
-1.11575
-1.06686
-1.01434
-0.959579
-0.903798
-0.848024
-0.793097
-0.739679
-0.688272
-0.639239
-0.592825
-0.549181
-0.50838
-0.470436
-0.435319
-0.402968
-0.373299
-0.346213
-0.321604
-0.299363
-0.279383
-0.26156
-0.245794
-0.231995
-0.220081
-0.209978
-0.201624
-0.194964
-0.189958
-0.186572
-0.184786
-0.18459
-0.185985
-0.188984
-0.193612
-0.199903
-0.207908
-0.217685
-0.22931
-0.242869
-0.258464
-0.276211
-0.296243
-0.318706
-0.343767
-0.371609
-0.402435
-0.436465
-0.473944
-0.515135
-0.560325
-0.609824
-0.663963
-0.723098
-0.787602
-0.857873
-0.934321
-1.01737
-1.10745
-1.20498
-1.31039
-1.42403
-1.54625
-1.67729
-1.81728
-1.96621
-2.12386
-2.28976
-2.46312
-2.64273
-2.82695
-3.01357
-3.1998
-3.38223
-3.55681
-3.71892
-3.86352
-3.98535
-4.07925
-4.14049
-4.16522
-4.15084
-4.0963
-1279.73
-1290.71
-1301.09
-1310.89
-1320.1
-1328.74
-1336.81
-1344.34
-1351.33
-1357.83
-1363.84
-1369.4
-1374.53
-1379.25
-1383.6
-1387.6
-1391.26
-1394.62
-1397.7
-1400.51
-1403.07
-1405.4
-1407.53
-1409.45
-1411.19
-1412.76
-1414.16
-1415.42
-1416.54
-1417.52
-1418.38
-1419.12
-1419.74
-1420.26
-1420.67
-1420.98
-1421.19
-1421.3
-1421.32
-1421.23
-1421.05
-1420.77
-1420.39
-1419.9
-1419.31
-1418.6
-1417.78
-1416.83
-1415.75
-1414.53
-1413.16
-1411.63
-1409.93
-1408.05
-1405.97
-1403.67
-1401.15
-1398.37
-1395.32
-1391.98
-1388.32
-1384.32
-1379.94
-1375.15
-1369.92
-1364.2
-1357.96
-1351.16
-1343.73
-1335.64
-1326.82
-1317.21
-1306.75
-1295.37
-1283
-1269.56
-1254.97
-1239.14
-1221.99
-1203.44
-1183.4
-1161.78
-1138.5
-1113.49
-1086.68
-1058.01
-1027.44
-994.935
-960.493
-924.117
-74.3988
-49.3273
-36.8011
-29.1884
-23.9026
-19.8929
-16.6613
-13.941
-11.5742
-9.46013
-7.52993
-5.7335
-4.03229
-2.39491
-0.794299
-64.5615
-49.2362
-38.3915
-30.7678
-25.1727
-20.8587
-17.3821
-14.4746
-11.9667
-9.74634
-7.73537
-5.87663
-4.12608
-2.44794
-0.811449
-53.4316
-44.6639
-36.7605
-30.3182
-25.1615
-20.9868
-17.5336
-14.6083
-12.0716
-9.82304
-7.78848
-5.9115
-4.14743
-2.45931
-0.814995
-44.5232
-39.2266
-33.6679
-28.5827
-24.168
-20.393
-17.1571
-14.3533
-11.8883
-9.6856
-7.68391
-5.83339
-4.09278
-2.42684
-0.804211
-37.4928
-34.0512
-30.1014
-26.1764
-22.5346
-19.2598
-16.3482
-13.7593
-11.4423
-9.34709
-7.4281
-5.64531
-3.96344
-2.35102
-0.779215
-31.7646
-29.3835
-26.5097
-23.4865
-20.5337
-17.7633
-15.2164
-12.8933
-10.7745
-8.8322
-7.03603
-5.35625
-3.76461
-2.23455
-0.740843
-26.934
-25.2083
-23.0669
-20.7261
-18.3501
-16.0432
-13.8604
-11.8227
-9.93021
-8.17107
-6.52749
-4.97899
-3.50418
-2.08171
-0.690445
-22.7385
-21.4484
-19.8233
-18.0004
-16.0972
-14.1988
-12.3592
-10.6069
-8.95239
-7.3943
-5.92383
-4.52797
-3.1914
-1.89763
-0.629669
-19.0047
-18.0233
-16.7772
-15.355
-13.8391
-12.2955
-10.7705
-9.29311
-7.87809
-6.52982
-5.24549
-4.01763
-2.83577
-1.68771
-0.560266
-15.6126
-14.8628
-13.9068
-12.803
-11.6088
-10.3733
-9.1341
-7.91688
-6.73697
-5.60132
-4.51065
-3.46122
-2.4463
-1.45717
-0.483935
-12.4752
-11.9083
-11.184
-10.3412
-9.4196
-8.45476
-7.47561
-6.50326
-5.55151
-4.62778
-3.73451
-2.87029
-2.03102
-1.21072
-0.402237
-9.5265
-9.11096
-8.5797
-7.95826
-7.2735
-6.55046
-5.81023
-5.069
-4.33796
-3.62375
-2.92927
-2.25438
-1.59674
-0.952442
-0.316529
-6.71372
-6.42924
-6.06547
-5.6385
-5.16561
-4.66328
-4.1458
-3.6245
-3.10751
-2.59997
-2.10439
-1.62118
-1.14911
-0.685765
-0.227958
-3.99284
-3.82676
-3.61439
-3.36462
-3.08711
-2.7912
-2.48516
-2.17565
-1.8676
-1.5642
-1.26714
-0.976836
-0.692736
-0.413546
-0.13749
-882.004
-833.385
-782.199
-728.589
-672.725
-614.792
-554.989
-493.523
-430.6
-366.427
-301.208
-235.141
-168.421
-101.237
-33.7762
)
;

boundaryField
{
    hot
    {
        type            calculated;
        value           nonuniform List<scalar> 
120
(
1005.6
0.0250138
0.0416982
0.0583859
0.0750564
0.0916741
0.108184
0.124512
0.140576
0.156298
0.171614
0.186499
0.200978
0.215138
0.229117
0.241912
0.253633
0.265487
0.277472
0.289516
0.301476
0.313151
0.324298
0.334665
0.344014
0.352143
0.358897
0.364167
0.367885
0.370019
0.370566
0.369551
0.36703
0.363089
0.35784
0.351417
0.343973
0.335671
0.326675
0.317146
0.30723
0.297049
0.286701
0.276255
0.265758
0.255234
0.244692
0.234126
0.223521
0.212852
0.202088
0.191202
0.180169
0.168969
0.157587
0.146013
0.134233
0.122236
0.110008
0.0975407
0.0848267
0.0718676
0.0586727
0.0452612
0.0316628
0.0179187
0.0040809
-0.00978843
-0.0236194
-0.0373369
-0.0508631
-0.0641191
-0.077026
-0.0895055
-0.10148
-0.112874
-0.123619
-0.133654
-0.142933
-0.151422
-0.159106
-0.165979
-0.172049
-0.17733
-0.181847
-0.185639
-0.188758
-0.191273
-0.193273
-0.194868
-0.196189
-0.197394
-0.198662
-0.200196
-0.202204
-0.204885
-0.208401
-0.212848
-0.218235
-0.224461
-0.231309
-0.238451
-0.245463
-0.251859
-0.257127
-0.260943
-0.262339
-0.260208
-0.254271
-0.244497
-0.231074
-0.214347
-0.194761
-0.172796
-0.148921
-0.123569
-0.0971148
-0.0698772
-0.0421216
-1010.24
)
;
    }
    cold
    {
        type            calculated;
        value           nonuniform List<scalar> 
120
(
35.3747
0.150674
0.249719
0.346539
0.440015
0.528823
0.61141
0.686002
0.750664
0.8034
0.842331
0.865903
0.873132
0.863817
0.83869
0.803701
0.762727
0.715218
0.663052
0.608113
0.552167
0.496764
0.443177
0.392383
0.345063
0.301631
0.262279
0.227019
0.195729
0.168194
0.144139
0.123261
0.105244
0.0897786
0.0765696
0.0653443
0.0558549
0.0478806
0.0412271
0.0357258
0.0312319
0.0276231
0.0247966
0.0226673
0.0211654
0.0202336
0.019825
0.0198999
0.0204226
0.0213581
0.0226676
0.0243042
0.0262073
0.0282981
0.0304741
0.0326054
0.0345325
0.0360675
0.0369997
0.0371053
0.0361624
0.03397
0.0303675
0.0252524
0.0185922
0.0104285
0.000871249
-0.00991357
-0.021722
-0.0343311
-0.047516
-0.0610632
-0.0747793
-0.0884958
-0.102071
-0.115391
-0.128371
-0.14096
-0.153138
-0.164921
-0.176355
-0.187519
-0.198517
-0.20948
-0.220566
-0.231961
-0.243885
-0.256588
-0.270356
-0.2855
-0.302358
-0.321286
-0.342643
-0.36677
-0.393955
-0.424389
-0.458113
-0.494959
-0.534499
-0.576009
-0.618458
-0.660528
-0.70067
-0.737196
-0.768405
-0.794299
-0.811449
-0.814995
-0.804211
-0.779215
-0.740843
-0.690445
-0.629669
-0.560266
-0.483935
-0.402237
-0.316529
-0.227958
-0.13749
-33.7762
)
;
    }
    interface_left
    {
        type            calculated;
        value           nonuniform List<scalar> 
90
(
7.97335
3.19547
1.77031
1.41915
1.58401
2.33022
4.40296
10.509
30.5138
30.6171
10.8526
5.11851
3.78339
4.84138
9.90691
27.4774
27.5031
10.0113
5.14675
4.70983
8.15573
21.5562
21.4212
7.68412
3.62173
2.56572
3.0516
5.93236
16.1406
16.0925
5.77651
2.74447
1.99073
2.45073
4.88973
13.4641
13.4164
4.73482
2.14335
1.40854
1.53964
2.85205
7.65205
7.60391
2.69916
1.25255
0.921634
1.31629
3.25776
3.16916
1.01943
0.290716
-0.0853131
-0.5139
-1.47995
-4.45102
-4.52991
-1.7381
-1.03371
-1.09073
-1.83996
-4.25963
-12.2692
-12.3197
-4.42439
-2.17032
-1.72588
-2.3706
-5.03112
-14.124
-14.1384
-5.07795
-2.46446
-1.90664
-2.55274
-5.37356
-15.1054
-15.058
-5.21326
-2.20991
-1.18745
-0.803903
-0.664912
-0.650962
-0.737956
-0.960962
-1.45274
-2.6231
-5.81678
-15.7934
)
;
    }
    interface_right
    {
        type            calculated;
        value           nonuniform List<scalar> 
90
(
57.2998
20.9407
9.24821
4.89858
2.98746
2.00444
1.43062
1.06349
0.813008
0.634155
0.502128
0.402197
0.325084
0.26467
0.216767
0.178418
0.147483
0.122379
0.101916
0.0851836
0.0714771
0.0602472
0.051062
0.0435806
0.0375346
0.0327137
0.0289561
0.0261413
0.0241858
0.0230415
0.0226954
0.0231736
0.024548
0.0269496
0.0305895
0.035795
0.0430706
0.0532042
0.067463
0.0879737
0.11852
0.166374
0.246938
0.396838
0.714633
1.49845
3.74299
11.0257
13.0776
6.38819
2.2419
0.836053
0.196169
-0.351287
-1.37838
-4.38432
-4.48489
-1.7075
-1.0133
-1.07795
-1.83324
-4.25805
-12.2723
-12.3271
-4.43629
-2.18692
-1.74765
-2.3982
-5.06544
-14.1662
-14.1899
-5.14062
-2.54059
-1.99912
-2.66523
-5.51076
-15.2734
-15.2647
-5.46939
-2.53001
-1.59204
-1.32296
-1.3443
-1.56545
-2.02014
-2.87356
-4.59216
-8.55758
-19.2713
-52.6467
)
;
    }
    interface_top
    {
        type            calculated;
        value           nonuniform List<scalar> 
90
(
-48.6881
-31.6001
-23.719
-19.2397
-16.2606
-14.0672
-12.3472
-10.9432
-9.76573
-8.75926
-7.88688
-7.12274
-6.44802
-5.84853
-5.31332
-4.83369
-4.40265
-4.01445
-3.66433
-3.34825
-3.0628
-2.80503
-2.57242
-2.36274
-2.17407
-2.00473
-1.85323
-1.71828
-1.59874
-1.49362
-1.40204
-1.32328
-1.25668
-1.20171
-1.15794
-1.12502
-1.10268
-1.09075
-1.08912
-1.09778
-1.1168
-1.14631
-1.18654
-1.2378
-1.30047
-1.37503
-1.46206
-1.56222
-1.67628
-1.8051
-1.94969
-2.11115
-2.29072
-2.48979
-2.70991
-2.95278
-3.22029
-3.51454
-3.83784
-4.19275
-4.58211
-5.00905
-5.47703
-5.98992
-6.55199
-7.16801
-7.84333
-8.58393
-9.39658
-10.2889
-11.2697
-12.349
-13.5384
-14.8514
-16.3043
-17.9164
-19.711
-21.7173
-23.972
-26.5225
-29.4318
-32.7861
-36.709
-41.386
-47.116
-54.4256
-64.3594
-79.3079
-105.635
-162.767
)
;
    }
    interface_bottom
    {
        type            calculated;
        value           nonuniform List<scalar> 
90
(
23.7085
15.4005
11.5149
9.26561
7.73887
6.59049
5.66939
4.89883
4.23484
3.6497
3.12459
2.646
2.20368
1.7895
1.39671
1.01943
0.652264
0.290025
-0.0725906
-0.441318
-0.822744
-1.2249
-1.65818
-2.13691
-2.68212
-3.32714
-4.12958
-5.2006
-6.78405
-9.4964
-15.1227
-29.4573
24.5284
10.0913
4.24883
1.18123
-0.94506
-2.83828
-4.92779
-7.74161
-12.4036
-22.051
-46.8019
47.7473
23.0162
13.4113
8.82045
6.11978
4.21317
2.63613
1.12025
-0.586862
-2.88698
-6.69914
-14.6219
-35.0524
43.5966
23.253
15.5069
11.9679
10.049
8.85076
8.00515
7.32236
6.66219
5.85821
4.60864
2.1901
-3.47067
-19.0988
44.8119
29.4112
24.2095
22.4897
22.1917
22.6106
23.4701
24.6369
26.0112
27.4418
28.5517
28.1918
22.4929
64.7906
61.0831
65.0767
73.9022
88.9083
116.54
177.611
)
;
    }
    defaultFaces
    {
        type            empty;
    }
}


// ************************************************************************* //
