/*--------------------------------*- C++ -*----------------------------------*\
| =========                 |                                                 |
| \\      /  F ield         | OpenFOAM: The Open Source CFD Toolbox           |
|  \\    /   O peration     | Version:  5.x                                   |
|   \\  /    A nd           | Web:      www.OpenFOAM.org                      |
|    \\/     M anipulation  |                                                 |
\*---------------------------------------------------------------------------*/
FoamFile
{
    version     2.0;
    format      ascii;
    class       volScalarField;
    location    "16.3";
    object      T;
}
// * * * * * * * * * * * * * * * * * * * * * * * * * * * * * * * * * * * * * //

dimensions      [0 0 0 1 0 0 0];

internalField   nonuniform List<scalar> 
6300
(
10.0559
10.1675
10.2786
10.3889
10.498
10.6056
10.7113
10.8149
10.9159
11.0142
11.1093
11.2011
11.2893
11.3736
11.454
10.0561
10.168
10.2795
10.3901
10.4995
10.6074
10.7135
10.8173
10.9187
11.0172
11.1126
11.2046
11.293
11.3775
11.458
10.0564
10.169
10.2811
10.3924
10.5025
10.6111
10.7178
10.8223
10.9242
11.0234
11.1193
11.2118
11.3006
11.3854
11.4661
10.0569
10.1705
10.2836
10.3959
10.507
10.6166
10.7242
10.8297
10.9326
11.0326
11.1294
11.2226
11.312
11.3973
11.4784
10.0576
10.1725
10.287
10.4006
10.513
10.6239
10.7329
10.8397
10.9438
11.0451
11.143
11.2372
11.3275
11.4135
11.495
10.0584
10.175
10.2912
10.4064
10.5205
10.6331
10.7438
10.8522
10.958
11.0608
11.1602
11.2558
11.3472
11.4341
11.5162
10.0594
10.178
10.2962
10.4134
10.5296
10.6441
10.7568
10.8673
10.9751
11.0799
11.1811
11.2785
11.3714
11.4595
11.5425
10.0606
10.1815
10.302
10.4216
10.5401
10.6571
10.7722
10.885
10.9952
11.1024
11.206
11.3055
11.4004
11.4901
11.5741
10.0619
10.1855
10.3086
10.431
10.5521
10.6718
10.7897
10.9053
11.0184
11.1284
11.2348
11.3371
11.4345
11.5263
11.6119
10.0634
10.19
10.3161
10.4414
10.5656
10.6884
10.8094
10.9282
11.0446
11.1579
11.2677
11.3734
11.4741
11.5688
11.6565
10.065
10.1949
10.3243
10.453
10.5805
10.7067
10.8312
10.9536
11.0737
11.1909
11.3048
11.4147
11.5196
11.6183
11.7091
10.0668
10.2003
10.3333
10.4656
10.5968
10.7267
10.855
10.9814
11.1056
11.2272
11.3458
11.4609
11.5714
11.6756
11.7712
10.0687
10.2061
10.343
10.4792
10.6144
10.7483
10.8807
11.0113
11.1399
11.2664
11.3904
11.5116
11.6292
11.7416
11.8451
10.0708
10.2123
10.3534
10.4938
10.6332
10.7714
10.9081
11.0432
11.1765
11.308
11.4377
11.5659
11.6923
11.8163
11.9339
10.073
10.219
10.3645
10.5094
10.6532
10.7959
10.9371
11.0767
11.2148
11.3513
11.4867
11.6217
11.7579
11.8972
12.0404
11.524
11.5848
11.6427
11.6978
11.7502
11.7999
11.8471
11.8919
11.9344
11.9748
12.0133
12.05
12.0853
12.1191
12.1518
12.1836
12.2145
12.2449
12.2748
12.3045
12.3342
12.3639
12.3938
12.4241
12.4549
12.4863
12.5184
12.5512
12.5849
12.6194
12.6547
12.6909
12.728
12.7658
12.8044
12.8437
12.8835
12.9239
12.9647
13.0057
13.0468
13.088
13.129
13.1696
13.2097
13.2491
13.2876
13.3251
13.3613
13.3961
13.4293
13.4608
13.4903
13.5176
13.5426
13.5649
13.5844
13.6007
13.6136
13.6229
13.6281
13.629
13.6252
13.6163
13.6021
13.582
13.5555
13.5223
13.4816
13.4331
13.3759
13.3095
13.2331
13.1459
13.0471
12.936
12.8115
12.6729
12.5192
12.3495
12.1629
11.9584
11.7353
11.4927
11.23
10.9466
10.6419
10.3158
9.9682
9.59914
11.5281
11.5888
11.6467
11.7017
11.754
11.8035
11.8505
11.895
11.9373
11.9775
12.0157
12.0522
12.0871
12.1207
12.1531
12.1846
12.2153
12.2454
12.2751
12.3045
12.3339
12.3634
12.3932
12.4233
12.4539
12.4852
12.5172
12.5499
12.5835
12.618
12.6534
12.6896
12.7267
12.7646
12.8033
12.8427
12.8827
12.9232
12.9641
13.0054
13.0467
13.0881
13.1293
13.1702
13.2106
13.2502
13.289
13.3267
13.3632
13.3983
13.4317
13.4635
13.4933
13.5209
13.5462
13.5689
13.5887
13.6055
13.6188
13.6285
13.6342
13.6356
13.6323
13.624
13.6103
13.5909
13.5652
13.5327
13.4929
13.4453
13.3891
13.3237
13.2484
13.1624
13.0648
12.9549
12.8318
12.6945
12.5421
12.3737
12.1884
11.9852
11.7632
11.5216
11.2597
10.9769
10.6727
10.3467
9.99893
9.62942
11.5362
11.597
11.6547
11.7096
11.7615
11.8108
11.8573
11.9014
11.9432
11.9828
12.0205
12.0565
12.0909
12.1239
12.1558
12.1867
12.2168
12.2464
12.2756
12.3046
12.3335
12.3626
12.3919
12.4217
12.452
12.483
12.5147
12.5473
12.5808
12.6153
12.6507
12.687
12.7242
12.7623
12.8011
12.8407
12.881
12.9218
12.9631
13.0047
13.0465
13.0884
13.1301
13.1715
13.2123
13.2525
13.2918
13.33
13.367
13.4025
13.4365
13.4688
13.4992
13.5274
13.5534
13.5768
13.5974
13.615
13.6292
13.6397
13.6463
13.6487
13.6464
13.6393
13.6268
13.6087
13.5844
13.5535
13.5154
13.4696
13.4154
13.3521
13.279
13.1953
13.1002
12.9928
12.8722
12.7376
12.5879
12.4222
12.2395
12.0388
11.8191
11.5796
11.3195
11.038
10.7346
10.4089
10.0608
9.6904
11.5486
11.6093
11.6669
11.7214
11.773
11.8217
11.8677
11.9111
11.9521
11.991
12.0278
12.0629
12.0965
12.1286
12.1597
12.1898
12.2191
12.2479
12.2763
12.3045
12.3328
12.3612
12.3899
12.4191
12.449
12.4796
12.511
12.5433
12.5767
12.6111
12.6465
12.6829
12.7203
12.7586
12.7978
12.8377
12.8784
12.9196
12.9614
13.0036
13.0461
13.0887
13.1311
13.1733
13.215
13.2559
13.296
13.3349
13.3726
13.4089
13.4437
13.4767
13.508
13.5372
13.5641
13.5886
13.6104
13.6291
13.6446
13.6564
13.6644
13.6682
13.6675
13.662
13.6513
13.6351
13.613
13.5844
13.5489
13.5058
13.4546
13.3945
13.3247
13.2445
13.1531
13.0495
12.9328
12.8022
12.6566
12.495
12.3163
12.1195
11.9035
11.6672
11.4098
11.1304
10.8284
10.5032
10.1547
9.78293
11.5654
11.626
11.6834
11.7376
11.7885
11.8365
11.8816
11.9241
11.9641
12.0018
12.0376
12.0715
12.1039
12.135
12.1649
12.1938
12.2221
12.2498
12.2772
12.3044
12.3317
12.3592
12.3871
12.4156
12.4448
12.4748
12.5058
12.5378
12.571
12.6053
12.6408
12.6773
12.715
12.7536
12.7931
12.8335
12.8747
12.9166
12.9591
13.0021
13.0454
13.089
13.1325
13.1758
13.2185
13.2605
13.3016
13.3415
13.3802
13.4174
13.4531
13.4872
13.5195
13.5499
13.5782
13.6042
13.6275
13.6479
13.665
13.6786
13.6884
13.6941
13.6954
13.692
13.6837
13.67
13.6507
13.6252
13.5931
13.5537
13.5064
13.4505
13.3852
13.3098
13.2232
13.1248
13.0134
12.8883
12.7482
12.5922
12.4191
12.2277
12.0168
11.7852
11.5317
11.2554
10.9554
10.631
10.282
9.90833
11.5868
11.6475
11.7046
11.7581
11.8083
11.8553
11.8993
11.9405
11.9792
12.0155
12.0498
12.0823
12.1132
12.1428
12.1713
12.1988
12.2257
12.2521
12.2782
12.3041
12.3302
12.3566
12.3835
12.411
12.4393
12.4686
12.499
12.5306
12.5635
12.5978
12.6333
12.6701
12.7081
12.7472
12.7872
12.8282
12.87
12.9126
12.9559
12.9999
13.0444
13.0892
13.1341
13.1788
13.223
13.2664
13.3087
13.3499
13.3896
13.4279
13.4648
13.5001
13.5337
13.5656
13.5956
13.6234
13.6487
13.6711
13.6904
13.7062
13.7182
13.7261
13.7298
13.729
13.7235
13.7129
13.697
13.6754
13.6475
13.6128
13.5705
13.52
13.4603
13.3908
13.3104
13.2184
13.1138
12.9956
12.8627
12.7139
12.5481
12.3638
12.1597
11.9344
11.6864
11.4144
11.1172
10.7941
10.4446
10.0685
11.6134
11.674
11.7307
11.7835
11.8327
11.8784
11.9209
11.9605
11.9975
12.0321
12.0646
12.0953
12.1244
12.1522
12.1789
12.2048
12.23
12.2547
12.2792
12.3036
12.3283
12.3532
12.3788
12.405
12.4323
12.4607
12.4903
12.5214
12.5541
12.5882
12.6239
12.6611
12.6996
12.7392
12.7798
12.8214
12.8639
12.9073
12.9516
12.9968
13.0427
13.0892
13.1359
13.1825
13.2285
13.2736
13.3175
13.36
13.401
13.4405
13.4785
13.5151
13.5503
13.584
13.616
13.6461
13.6738
13.6988
13.7207
13.739
13.7536
13.7641
13.7705
13.7726
13.7703
13.7634
13.7515
13.7345
13.7117
13.6825
13.6463
13.6023
13.5495
13.4871
13.4143
13.3301
13.2336
13.1239
12.9998
12.8601
12.7034
12.5284
12.3332
12.1162
11.8755
11.6094
11.3164
10.9952
10.6452
10.2661
11.6455
11.7061
11.7622
11.8141
11.8619
11.906
11.9467
11.9843
12.0191
12.0516
12.0819
12.1104
12.1374
12.1631
12.1878
12.2116
12.2348
12.2576
12.2802
12.3028
12.3257
12.3489
12.3729
12.3977
12.4236
12.4508
12.4795
12.51
12.5422
12.5764
12.6124
12.6501
12.6892
12.7296
12.771
12.8133
12.8565
12.9007
12.946
12.9925
13.0401
13.0887
13.1377
13.1868
13.2352
13.2825
13.3282
13.3721
13.4144
13.455
13.4941
13.532
13.5689
13.6046
13.6391
13.6719
13.7027
13.7309
13.7558
13.7771
13.7946
13.808
13.8173
13.8225
13.8236
13.8207
13.8134
13.8016
13.7848
13.7623
13.7334
13.697
13.6524
13.5984
13.5344
13.4593
13.3724
13.2727
13.1591
13.0304
12.8852
12.7217
12.538
12.3318
12.1009
11.843
11.5559
11.2378
10.8875
10.5047
11.6839
11.7444
11.7998
11.8504
11.8965
11.9385
11.9768
12.0119
12.0442
12.074
12.1018
12.1277
12.1522
12.1754
12.1977
12.2192
12.2401
12.2607
12.2811
12.3016
12.3223
12.3436
12.3656
12.3886
12.4128
12.4386
12.4661
12.4957
12.5276
12.5618
12.5983
12.6369
12.6771
12.7185
12.7608
12.8037
12.8475
12.8924
12.9386
12.9865
13.0361
13.0873
13.1395
13.1919
13.2435
13.2935
13.3412
13.3867
13.4299
13.4714
13.5114
13.5504
13.5889
13.6268
13.6643
13.7007
13.7353
13.7674
13.796
13.8207
13.8412
13.8575
13.8697
13.8781
13.8828
13.8839
13.8817
13.8758
13.8658
13.8512
13.8308
13.8036
13.7684
13.7241
13.6701
13.6054
13.5294
13.4413
13.34
13.2245
13.0931
12.944
12.7748
12.5829
12.3652
12.1186
11.8399
11.5265
11.1765
10.7892
11.7294
11.7898
11.8443
11.8932
11.9369
11.9762
12.0115
12.0435
12.0727
12.0994
12.1241
12.1471
12.1686
12.1891
12.2086
12.2275
12.2458
12.2638
12.2818
12.2999
12.3182
12.3371
12.3569
12.3776
12.3998
12.4237
12.4497
12.4782
12.5095
12.5438
12.5811
12.6211
12.6631
12.706
12.7493
12.7929
12.8369
12.882
12.9287
12.9778
13.0297
13.0842
13.1408
13.198
13.254
13.3074
13.3575
13.4042
13.448
13.4896
13.5299
13.5696
13.6094
13.6498
13.6908
13.7318
13.7716
13.8087
13.8418
13.8702
13.8938
13.9128
13.9276
13.9388
13.9468
13.9521
13.955
13.9556
13.9536
13.9482
13.938
13.9215
13.8972
13.8638
13.8209
13.7677
13.7038
13.6286
13.5414
13.4411
13.3263
13.1949
13.0443
12.8711
12.6711
12.4401
12.1736
11.8677
11.5192
11.1264
11.7835
11.8438
11.8968
11.9432
11.9838
12.0194
12.051
12.0791
12.1045
12.1276
12.1487
12.1683
12.1867
12.204
12.2205
12.2364
12.2518
12.2671
12.2823
12.2976
12.3132
12.3294
12.3465
12.3646
12.3842
12.4057
12.4296
12.4565
12.4869
12.5214
12.5601
12.6025
12.6475
12.6929
12.7375
12.7813
12.8248
12.869
12.9153
12.965
13.0192
13.0782
13.1412
13.2057
13.2682
13.326
13.3785
13.4258
13.4692
13.5098
13.5491
13.5883
13.6289
13.6717
13.7171
13.7644
13.8116
13.8555
13.8941
13.9265
13.9528
13.9739
13.9906
14.0038
14.0145
14.0234
14.0314
14.039
14.046
14.0518
14.0543
14.0506
14.0387
14.0173
13.9862
13.9451
13.8942
13.8331
13.7615
13.6786
13.5832
13.4734
13.3463
13.1975
13.0215
12.8124
12.564
12.2702
11.9254
11.526
11.8479
11.9081
11.9588
12.0015
12.0376
12.0685
12.0952
12.1187
12.1396
12.1584
12.1756
12.1914
12.2061
12.2199
12.2331
12.2458
12.2581
12.2703
12.2824
12.2947
12.3073
12.3205
12.3344
12.3493
12.3658
12.3842
12.4052
12.4296
12.4584
12.4927
12.5334
12.5804
12.631
12.6806
12.7269
12.77
12.8113
12.8529
12.897
12.9458
13.0016
13.0662
13.1392
13.2163
13.2888
13.3524
13.4066
13.4531
13.4941
13.5317
13.568
13.6052
13.6451
13.6897
13.7405
13.7972
13.8561
13.91
13.9551
13.9912
14.0193
14.0412
14.0584
14.0724
14.0845
14.0961
14.1084
14.1228
14.1402
14.16
14.1792
14.1914
14.1935
14.1847
14.1656
14.1368
14.099
14.0525
13.9976
13.9338
13.8607
13.7768
13.6793
13.5629
13.4195
13.2411
13.0197
12.7459
12.4099
12.0032
11.9263
11.9857
12.0324
12.0692
12.0989
12.1234
12.1441
12.1619
12.1776
12.1916
12.2043
12.2159
12.2266
12.2368
12.2464
12.2556
12.2646
12.2735
12.2823
12.2913
12.3006
12.3103
12.3206
12.3319
12.3444
12.3588
12.3757
12.3962
12.4218
12.4548
12.4978
12.5526
12.6161
12.6731
12.7207
12.761
12.7975
12.8333
12.8716
12.9162
12.9713
13.0419
13.1311
13.2334
13.3222
13.3919
13.4457
13.4882
13.5237
13.5553
13.5858
13.6178
13.6543
13.6988
13.7553
13.8265
13.9077
13.9768
14.0291
14.0671
14.0947
14.1151
14.1307
14.1435
14.1552
14.1674
14.1822
14.2023
14.2306
14.2691
14.3138
14.3467
14.3639
14.3669
14.3586
14.3412
14.316
14.2841
14.2461
14.2025
14.1535
14.0995
14.0392
13.967
13.8676
13.7317
13.5505
13.3113
12.9959
12.5835
12.0253
12.0818
12.12
12.1471
12.1676
12.1837
12.197
12.2082
12.218
12.2266
12.2344
12.2415
12.2481
12.2542
12.2601
12.2657
12.2712
12.2766
12.282
12.2874
12.2931
12.2991
12.3055
12.3125
12.3204
12.3297
12.3409
12.3552
12.3746
12.4024
12.4451
12.5124
12.6102
12.6791
12.7248
12.7576
12.7844
12.8097
12.8373
12.8714
12.9187
12.9906
13.1043
13.2697
13.3831
13.4544
13.5007
13.5334
13.5586
13.5803
13.6013
13.624
13.6519
13.6903
13.7487
13.8413
13.9764
14.0678
14.1235
14.158
14.1803
14.1956
14.2069
14.2162
14.2249
14.2348
14.2483
14.2696
14.3061
14.3691
14.4651
14.5247
14.5543
14.5653
14.5647
14.5564
14.5426
14.5243
14.5026
14.4785
14.4536
14.4311
14.4162
14.4101
14.368
14.2874
14.1648
13.9861
13.7215
13.3183
12.1625
12.204
12.2234
12.2347
12.2423
12.2481
12.2527
12.2565
12.2598
12.2628
12.2654
12.2678
12.27
12.2721
12.274
12.2759
12.2777
12.2796
12.2814
12.2832
12.2851
12.2871
12.2893
12.2917
12.2944
12.2976
12.3017
12.307
12.3149
12.3285
12.3566
12.4283
12.646
12.7182
12.7474
12.7628
12.7734
12.7829
12.7933
12.8074
12.8307
12.8789
13.0027
13.3808
13.5045
13.5525
13.5755
13.589
13.5985
13.6064
13.614
13.6225
13.634
13.6531
13.6927
13.7948
14.108
14.2097
14.2485
14.2662
14.2758
14.2818
14.286
14.2894
14.2927
14.2967
14.303
14.3151
14.3434
14.4215
14.6685
14.7455
14.7715
14.7801
14.7816
14.7795
14.7752
14.7694
14.7625
14.7554
14.7498
14.7516
14.7801
14.905
14.9236
14.9036
14.8595
14.7845
14.6463
14.3409
9.16994
8.67213
8.14599
7.59312
7.01538
6.41484
5.7937
5.15423
4.49871
3.82943
3.14862
2.45848
1.76115
1.05872
0.353243
9.19943
8.70036
8.17262
7.61789
7.03809
6.43536
5.81196
5.1702
4.51242
3.8409
3.15791
2.46564
1.76623
1.06175
0.35425
9.25877
8.75713
8.22615
7.66762
7.08364
6.47647
5.8485
5.20214
4.5398
3.8638
3.17644
2.47991
1.77634
1.06778
0.356257
9.34877
8.84314
8.30711
7.74272
7.15228
6.5383
5.90335
5.25001
4.58076
3.89802
3.2041
2.5012
1.79142
1.07678
0.359245
9.47066
8.95943
8.41634
7.84376
7.24437
6.62102
5.97654
5.3137
4.63515
3.94338
3.24071
2.52934
1.81132
1.08864
0.363187
9.62619
9.10748
8.55495
7.9715
7.36035
6.72478
6.068
5.39305
4.70271
3.99957
3.28598
2.56408
1.83588
1.10327
0.368045
9.81775
9.28923
8.72437
8.12685
7.50064
6.84965
6.17756
5.4877
4.78303
4.06618
3.3395
2.60508
1.86482
1.1205
0.373764
10.0485
9.50722
8.92634
8.31079
7.66561
6.99555
6.30482
5.59709
4.87545
4.14257
3.40073
2.65189
1.89782
1.14011
0.380273
10.3229
9.76463
9.16285
8.52425
7.85537
7.16201
6.44901
5.7203
4.97906
4.22789
3.4689
2.70389
1.93442
1.16186
0.387484
10.6465
10.0655
9.43607
8.76787
8.06952
7.34803
6.60882
5.85596
5.09255
4.32096
3.54305
2.76033
1.97408
1.18539
0.395287
11.0274
10.4147
9.74795
9.04153
8.30671
7.55169
6.78218
6.00209
5.21415
4.42029
3.62196
2.82028
2.01614
1.21034
0.403552
11.477
10.8177
10.0994
9.34346
8.56398
7.76975
6.96604
6.15601
5.34159
4.52404
3.70419
2.88264
2.05986
1.23624
0.412133
12.0118
11.2795
10.4884
9.66878
8.8359
7.9972
7.15613
6.31422
5.47211
4.63003
3.78806
2.94619
2.10438
1.26262
0.42087
12.6549
11.7998
10.906
10.0072
9.11351
8.22692
7.34697
6.47255
5.60251
4.73587
3.8718
3.00964
2.14884
1.28896
0.429596
13.4293
12.3587
11.3284
10.3404
9.38388
8.4499
7.5322
6.62641
5.72945
4.83906
3.95357
3.07168
2.19236
1.31476
0.438146
10.0752
10.2255
10.3753
10.5245
10.6727
10.8196
10.9651
11.109
11.2512
11.3919
11.5317
11.6719
11.8151
11.9678
12.1472
10.0773
10.2317
10.3857
10.5389
10.6912
10.8422
10.9916
11.1394
11.2853
11.4295
11.5724
11.7152
11.8605
12.0133
12.183
10.0794
10.2382
10.3965
10.554
10.7105
10.8657
11.0193
11.171
11.3206
11.4679
11.6132
11.7569
11.9006
12.0471
12.2005
10.0817
10.245
10.4078
10.5698
10.7308
10.8904
11.0483
11.2041
11.3574
11.5078
11.6549
11.7985
11.9386
12.0761
12.2125
10.0841
10.252
10.4196
10.5864
10.7521
10.9163
11.0788
11.2389
11.3962
11.5499
11.6991
11.8424
11.9784
12.1057
12.2241
10.0865
10.2594
10.4319
10.6036
10.7742
10.9434
11.1107
11.2756
11.4374
11.5951
11.7472
11.8914
12.0243
12.1413
12.2389
10.0891
10.2671
10.4447
10.6216
10.7974
10.9718
11.1444
11.3145
11.4814
11.6441
11.8007
11.9483
12.0812
12.1903
12.263
10.0917
10.2751
10.4581
10.6403
10.8216
11.0015
11.1797
11.3555
11.5284
11.6973
11.8606
12.0151
12.1547
12.2647
12.3123
10.0945
10.2834
10.4718
10.6597
10.8467
11.0324
11.2165
11.3986
11.5781
11.7544
11.9263
12.0924
12.2485
12.3822
12.4381
10.0973
10.2919
10.4861
10.6797
10.8726
11.0643
11.2547
11.4434
11.63
11.8143
11.9962
12.1764
12.3579
12.5537
12.8209
10.1002
10.3006
10.5007
10.7003
10.8992
11.0972
11.2941
11.4896
11.6835
11.876
12.0673
12.2593
12.4574
12.6756
12.9484
10.1032
10.3095
10.5156
10.7213
10.9264
11.1308
11.3343
11.5368
11.7381
11.9383
12.1378
12.3381
12.5428
12.7596
13.0017
10.1062
10.3186
10.5307
10.7426
10.9541
11.165
11.3753
11.5848
11.7933
12.001
12.2077
12.4138
12.6196
12.826
13.0337
10.1093
10.3277
10.5461
10.7643
10.9822
11.1997
11.4168
11.6333
11.8492
12.0642
12.278
12.4895
12.696
12.8914
13.0648
10.1123
10.337
10.5616
10.7861
11.0105
11.2346
11.4586
11.6823
11.9056
12.1283
12.3499
12.5686
12.78
12.9719
13.1144
10.1154
10.3463
10.5771
10.808
11.0388
11.2697
11.5006
11.7315
11.9624
12.1932
12.4237
12.6528
12.8775
13.0866
13.2299
10.1185
10.3556
10.5927
10.8299
11.0672
11.3047
11.5425
11.7806
12.0191
12.2583
12.4983
12.7399
12.9859
13.2468
13.5723
10.1216
10.3648
10.6081
10.8516
11.0954
11.3395
11.5841
11.8294
12.0754
12.3227
12.5717
12.824
13.0837
13.3622
13.6883
10.1246
10.3739
10.6234
10.8732
11.1233
11.3739
11.6253
11.8775
12.1309
12.3857
12.6427
12.9028
13.1684
13.4443
13.7392
10.1276
10.383
10.6385
10.8944
11.1508
11.4078
11.6658
11.9248
12.1852
12.4473
12.7115
12.9778
13.2458
13.5132
13.7741
10.1306
10.3919
10.6534
10.9153
11.1778
11.4411
11.7055
11.9711
12.2383
12.5075
12.7787
13.0515
13.3236
13.5866
13.8177
10.1335
10.4006
10.6679
10.9358
11.2042
11.4736
11.7442
12.0162
12.29
12.5661
12.8446
13.1257
13.4076
13.6821
13.91
10.1363
10.4091
10.6821
10.9557
11.23
11.5053
11.7819
12.06
12.3402
12.6229
12.9088
13.1991
13.4966
13.8099
14.177
10.1391
10.4174
10.696
10.9751
11.2551
11.5361
11.8184
12.1024
12.3885
12.6773
12.9697
13.2675
13.5745
13.9002
14.267
10.1418
10.4254
10.7094
10.994
11.2794
11.5659
11.8537
12.1433
12.4349
12.7292
13.0269
13.3294
13.6394
13.9619
14.305
10.1444
10.4332
10.7225
11.0123
11.3029
11.5947
11.8878
12.1826
12.4794
12.7786
13.0807
13.3861
13.6954
14.0092
14.3274
10.1469
10.4408
10.7351
11.0299
11.3256
11.6224
11.9206
12.2205
12.5222
12.826
13.1321
13.44
13.7483
14.0532
14.3478
10.1493
10.4481
10.7472
11.047
11.3476
11.6492
11.9523
12.2569
12.5634
12.8718
13.1821
13.4935
13.8033
14.1043
14.3782
10.1517
10.4551
10.759
11.0634
11.3687
11.6751
11.9828
12.2921
12.6032
12.9163
13.2313
13.548
13.8644
14.1739
14.4467
10.1539
10.4619
10.7703
11.0792
11.389
11.6999
12.0121
12.3259
12.6415
12.9592
13.2794
13.6025
13.9303
14.269
14.6473
10.1561
10.4684
10.7811
11.0944
11.4085
11.7238
12.0403
12.3584
12.6784
13.0005
13.3252
13.6537
13.9885
14.3366
14.7149
10.1582
10.4747
10.7915
11.109
11.4273
11.7467
12.0674
12.3896
12.7136
13.0398
13.3684
13.7003
14.0373
14.383
14.7435
10.1602
10.4807
10.8015
11.123
11.4452
11.7686
12.0933
12.4195
12.7474
13.0772
13.4092
13.7434
14.08
14.4191
14.7606
10.1621
10.4864
10.811
11.1363
11.4624
11.7896
12.1181
12.4481
12.7798
13.1132
13.4483
13.7846
14.1208
14.4534
14.7767
10.1639
10.4918
10.8201
11.1491
11.4788
11.8097
12.1418
12.4755
12.8108
13.1479
13.4865
13.826
14.1639
14.4942
14.8015
10.1656
10.497
10.8288
11.1612
11.4944
11.8288
12.1644
12.5016
12.8406
13.1814
13.524
13.8682
14.2123
14.5507
14.8582
10.1673
10.5019
10.837
11.1727
11.5092
11.8469
12.1859
12.5265
12.869
13.2135
13.5604
13.9103
14.2646
14.6285
15.0259
10.1688
10.5066
10.8447
11.1835
11.5232
11.864
12.2062
12.5501
12.8958
13.2439
13.5947
13.9493
14.3101
14.6829
15.0818
10.1703
10.511
10.852
11.1937
11.5364
11.8801
12.2253
12.5722
12.9211
13.2722
13.6263
13.984
14.3471
14.7191
15.1048
10.1716
10.515
10.8588
11.2033
11.5487
11.8952
12.2432
12.5929
12.9446
13.2985
13.6551
14.0147
14.378
14.7455
15.1175
10.1729
10.5188
10.8652
11.2122
11.5601
11.9093
12.2599
12.6122
12.9665
13.3229
13.6818
14.0429
14.4057
14.7687
15.1283
10.1741
10.5223
10.871
11.2204
11.5707
11.9223
12.2753
12.63
12.9868
13.3456
13.7067
14.0697
14.4333
14.7941
15.1432
10.1751
10.5256
10.8764
11.2279
11.5804
11.9342
12.2894
12.6465
13.0055
13.3667
13.7302
14.0959
14.4628
14.8276
15.1758
10.1761
10.5285
10.8813
11.2347
11.5892
11.945
12.3023
12.6614
13.0226
13.3861
13.7522
14.1211
14.4936
14.8725
15.2707
10.177
10.5311
10.8856
11.2408
11.5971
11.9547
12.3138
12.6748
13.038
13.4036
13.772
14.1437
14.52
14.9037
15.3025
10.1777
10.5333
10.8894
11.2462
11.604
11.9632
12.324
12.6867
13.0516
13.4191
13.7894
14.1631
14.541
14.9244
15.3157
10.1784
10.5353
10.8927
11.2508
11.61
11.9706
12.3328
12.697
13.0634
13.4325
13.8044
14.1795
14.5579
14.9396
15.3234
10.1789
10.5369
10.8954
11.2547
11.615
11.9767
12.3401
12.7056
13.0734
13.4438
13.8171
14.1934
14.5726
14.9531
15.3311
10.1794
10.5383
10.8976
11.2577
11.619
11.9816
12.346
12.7125
13.0814
13.453
13.8276
14.2053
14.5861
14.9683
15.3453
10.1797
10.5392
10.8992
11.26
11.6219
11.9853
12.3504
12.7177
13.0874
13.46
13.8358
14.2151
14.5985
14.9869
15.3854
10.1799
10.5398
10.9003
11.2615
11.6238
11.9877
12.3533
12.7211
13.0914
13.4647
13.8414
14.222
14.6072
14.9984
15.3982
10.18
10.5401
10.9007
11.2621
11.6247
11.9887
12.3546
12.7226
13.0933
13.4669
13.8441
14.2255
14.6117
15.0037
15.4024
10.18
10.54
10.9006
11.262
11.6245
11.9885
12.3543
12.7223
13.093
13.4667
13.844
14.2255
14.612
15.0044
15.403
10.1798
10.5396
10.8999
11.261
11.6232
11.9869
12.3524
12.7201
13.0904
13.4638
13.8407
14.2219
14.6081
15.0007
15.4009
10.1796
10.5389
10.8986
11.2592
11.6209
11.984
12.3489
12.7161
13.0857
13.4584
13.8345
14.2146
14.5997
14.9916
15.3944
10.1792
10.5378
10.8968
11.2566
11.6175
11.9798
12.3439
12.7101
13.0789
13.4504
13.8253
14.2038
14.5865
14.9749
15.3763
10.1787
10.5363
10.8944
11.2532
11.613
11.9743
12.3373
12.7024
13.0699
13.4402
13.8135
14.1899
14.5691
14.9489
15.3203
10.1781
10.5345
10.8914
11.249
11.6076
11.9676
12.3293
12.6929
13.059
13.4277
13.7994
14.1741
14.5513
14.9287
15.3008
10.1774
10.5324
10.8879
11.244
11.6012
11.9596
12.3197
12.6817
13.0461
13.4131
13.7831
14.1565
14.5331
14.9121
15.2913
10.1766
10.5301
10.8839
11.2384
11.5938
11.9505
12.3088
12.6689
13.0312
13.3963
13.7644
14.1364
14.5131
14.8953
15.2835
10.1757
10.5274
10.8794
11.232
11.5855
11.9403
12.2964
12.6544
13.0145
13.3772
13.743
14.113
14.489
14.8742
15.2731
10.1748
10.5244
10.8744
11.225
11.5764
11.9289
12.2828
12.6384
12.9959
13.3557
13.7186
14.0854
14.4585
14.8434
15.2529
10.1737
10.5212
10.869
11.2173
11.5665
11.9166
12.268
12.6209
12.9755
13.3322
13.6913
14.0533
14.4198
14.7954
15.2021
10.1725
10.5177
10.8632
11.2091
11.5558
11.9034
12.2521
12.6021
12.9537
13.3069
13.6618
14.0181
14.3745
14.7256
15.0484
10.1713
10.514
10.857
11.2004
11.5445
11.8893
12.2352
12.5823
12.9306
13.2803
13.6313
13.9828
14.3327
14.6754
14.9968
10.17
10.5101
10.8504
11.1912
11.5325
11.8745
12.2175
12.5614
12.9065
13.2528
13.6003
13.9484
14.2959
14.6398
14.9747
10.1687
10.506
10.8436
11.1816
11.52
11.8591
12.1989
12.5397
12.8815
13.2244
13.5687
13.9143
14.2615
14.6103
14.9606
10.1672
10.5018
10.8365
11.1715
11.507
11.843
12.1797
12.5172
12.8556
13.1951
13.536
13.8791
14.2259
14.5796
14.9459
10.1658
10.4974
10.8292
11.1612
11.4936
11.8265
12.1599
12.494
12.8288
13.1646
13.5018
13.8412
14.1852
14.5401
14.9211
10.1643
10.4929
10.8216
11.1506
11.4799
11.8095
12.1396
12.4701
12.8013
13.1332
13.4659
13.8
14.1369
14.4824
14.862
10.1628
10.4883
10.8139
11.1398
11.4658
11.7921
12.1188
12.4458
12.7732
13.101
13.429
13.7567
14.0826
14.4009
14.6857
10.1612
10.4836
10.8061
11.1287
11.4515
11.7745
12.0978
12.4212
12.7449
13.0686
13.3921
13.7145
14.0335
14.3426
14.6264
10.1596
10.4788
10.7981
11.1175
11.437
11.7567
12.0765
12.3964
12.7164
13.0363
13.3559
13.6747
13.9911
14.3018
14.6011
10.158
10.474
10.7901
11.1062
11.4224
11.7387
12.0551
12.3715
12.6878
13.0041
13.3203
13.6364
13.9525
14.2687
14.5853
10.1564
10.4692
10.782
11.0948
11.4077
11.7207
12.0336
12.3465
12.6592
12.9719
13.2846
13.598
13.9137
14.2353
14.5693
10.1548
10.4643
10.7738
11.0834
11.393
11.7026
12.0121
12.3215
12.6306
12.9395
13.2484
13.5579
13.8706
14.1933
14.5428
10.1531
10.4594
10.7656
11.0719
11.3782
11.6845
11.9906
12.2966
12.6022
12.9072
13.2116
13.5155
13.8204
14.1325
14.4797
10.1515
10.4544
10.7574
11.0604
11.3634
11.6664
11.9693
12.2719
12.574
12.8752
13.175
13.4723
13.7652
14.0472
14.291
10.1498
10.4494
10.7491
11.0488
11.3486
11.6484
11.9481
12.2475
12.5464
12.8442
13.14
13.4322
13.7174
13.9884
14.2288
10.1481
10.4444
10.7407
11.0372
11.3337
11.6304
11.927
12.2234
12.5194
12.8144
13.1074
13.3967
13.6795
13.9508
14.2041
10.1464
10.4393
10.7323
11.0255
11.3188
11.6123
11.9059
12.1996
12.4931
12.7859
13.0773
13.3658
13.6494
13.9255
14.1919
10.1447
10.4342
10.7238
11.0136
11.3037
11.5941
11.8848
12.1759
12.4672
12.7584
13.049
13.3381
13.6245
13.9067
14.1843
10.143
10.4289
10.7151
11.0015
11.2883
11.5756
11.8635
12.152
12.4413
12.7312
13.0217
13.3122
13.6023
13.8912
14.1785
10.1412
10.4236
10.7062
10.9891
11.2725
11.5566
11.8415
12.1276
12.4148
12.7037
12.9942
13.2866
13.5808
13.8765
14.1733
10.1393
10.418
10.697
10.9763
11.2563
11.537
11.8189
12.1021
12.3873
12.6748
12.9654
13.2596
13.5581
13.861
14.1677
10.1374
10.4124
10.6875
10.9631
11.2394
11.5166
11.7951
12.0754
12.358
12.6438
12.9339
13.2296
13.5322
13.8429
14.161
10.1355
10.4065
10.6778
10.9495
11.2219
11.4953
11.7701
12.0469
12.3264
12.6098
12.8985
13.1946
13.5007
13.8194
14.1517
10.1335
10.4004
10.6676
10.9353
11.2036
11.4729
11.7437
12.0164
12.2921
12.5719
12.8578
13.1526
13.4603
13.7865
14.1367
10.1314
10.3942
10.6572
10.9206
11.1846
11.4495
11.7158
11.9839
12.2548
12.5298
12.811
13.1015
13.4069
13.7368
14.108
10.1293
10.3878
10.6465
10.9055
11.165
11.4252
11.6865
11.9494
12.2146
12.4834
12.7575
13.04
13.3363
13.6585
14.0398
14.2088
12.8338
11.6768
10.6168
9.61094
8.63929
7.69097
6.75927
5.83971
4.92912
4.02519
3.12617
2.23066
1.33749
0.445684
14.4552
13.1143
11.9259
10.8305
9.79351
8.79517
7.82371
6.87158
5.93365
5.00631
4.08686
3.17325
2.26382
1.35721
0.452227
14.5578
13.2888
12.1103
11.0036
9.94912
8.93231
7.94296
6.97395
6.0202
5.07797
4.14444
3.21739
2.29501
1.37579
0.458396
14.6093
13.4005
12.2446
11.1402
10.0785
9.05031
8.04801
7.06565
6.09868
5.14356
4.19749
3.25825
2.32398
1.39308
0.464147
14.6394
13.4752
12.3432
11.2472
10.1845
9.15024
8.13913
7.14662
6.16889
5.2028
4.24577
3.29564
2.35059
1.40901
0.469447
14.6591
13.5276
12.4165
11.3308
10.2708
9.234
8.21725
7.21725
6.23095
5.25571
4.28921
3.32948
2.37477
1.42351
0.474282
14.6729
13.5656
12.472
11.3966
10.3408
9.30376
8.28368
7.27829
6.28529
5.30249
4.32793
3.35981
2.39653
1.4366
0.47865
14.6829
13.5942
12.5148
11.4487
10.3976
9.36166
8.33984
7.33068
6.33247
5.34351
4.36212
3.38675
2.41594
1.44831
0.482562
14.6906
13.616
12.5482
11.4903
10.4439
9.40966
8.38713
7.37538
6.37319
5.37922
4.3921
3.4105
2.43311
1.45869
0.486036
14.6965
13.6331
12.5746
11.5236
10.4817
9.44945
8.42685
7.41337
6.40813
5.41012
4.41822
3.4313
2.44821
1.46784
0.489101
14.7011
13.6466
12.5958
11.5507
10.5127
9.48244
8.46017
7.44556
6.43801
5.43674
4.44085
3.4494
2.46139
1.47585
0.491787
14.7049
13.6574
12.6128
11.5726
10.5381
9.50983
8.4881
7.47278
6.46346
5.45956
4.46036
3.46507
2.47285
1.48283
0.494128
14.7078
13.6662
12.6267
11.5906
10.5591
9.5326
8.51151
7.49576
6.48509
5.47907
4.47712
3.47859
2.48275
1.48887
0.496159
14.7103
13.6733
12.638
11.6054
10.5764
9.55156
8.53112
7.51514
6.50344
5.4957
4.49147
3.4902
2.49129
1.49408
0.497912
14.7123
13.6791
12.6473
11.6176
10.5908
9.56736
8.54756
7.53147
6.51899
5.50986
4.50372
3.50015
2.49861
1.49857
0.499421
14.7139
13.6839
12.6549
11.6277
10.6027
9.58055
8.56136
7.54524
6.53214
5.52187
4.51417
3.50865
2.50488
1.50241
0.500715
14.7152
13.6878
12.6613
11.636
10.6127
9.59159
8.57293
7.55683
6.54326
5.53207
4.52305
3.51589
2.51024
1.5057
0.501823
14.7163
13.6911
12.6665
11.643
10.621
9.60082
8.58266
7.56661
6.55266
5.54072
4.5306
3.52207
2.51481
1.5085
0.50277
14.7173
13.6939
12.6709
11.6488
10.628
9.60857
8.59084
7.57485
6.56061
5.54805
4.53702
3.52732
2.51871
1.5109
0.503577
14.718
13.6961
12.6746
11.6537
10.6338
9.61509
8.59773
7.58181
6.56734
5.55426
4.54246
3.53179
2.52202
1.51294
0.504266
14.7187
13.698
12.6776
11.6578
10.6387
9.62057
8.60355
7.5877
6.57304
5.55954
4.5471
3.53559
2.52485
1.51468
0.504853
14.7192
13.6996
12.6802
11.6612
10.6428
9.62521
8.60847
7.59269
6.57789
5.56402
4.55104
3.53883
2.52726
1.51616
0.505355
14.7197
13.701
12.6824
11.6641
10.6463
9.62915
8.61266
7.59694
6.58201
5.56785
4.55441
3.5416
2.52932
1.51743
0.505784
14.7201
13.7022
12.6843
11.6666
10.6493
9.6325
8.61623
7.60057
6.58554
5.57113
4.5573
3.54398
2.53109
1.51853
0.506153
14.7204
13.7031
12.6859
11.6688
10.6519
9.63539
8.6193
7.6037
6.58858
5.57395
4.55979
3.54603
2.53262
1.51947
0.506472
14.7207
13.704
12.6873
11.6706
10.6541
9.63789
8.62197
7.60641
6.59122
5.57641
4.56195
3.54782
2.53395
1.52029
0.506749
14.721
13.7048
12.6885
11.6722
10.6561
9.64009
8.62431
7.60879
6.59354
5.57856
4.56385
3.54938
2.53512
1.52101
0.506992
14.7212
13.7054
12.6896
11.6737
10.6578
9.64205
8.6264
7.61092
6.59561
5.58048
4.56555
3.55078
2.53616
1.52165
0.507209
14.7214
13.706
12.6906
11.675
10.6594
9.64383
8.6283
7.61285
6.59748
5.58223
4.56708
3.55205
2.5371
1.52223
0.507405
14.7216
13.7066
12.6915
11.6762
10.6609
9.6455
8.63007
7.61464
6.59923
5.58385
4.56851
3.55322
2.53797
1.52277
0.507587
14.7218
13.7072
12.6924
11.6774
10.6623
9.6471
8.63177
7.61636
6.60089
5.58538
4.56986
3.55433
2.5388
1.52328
0.507758
14.722
13.7077
12.6933
11.6786
10.6638
9.64868
8.63344
7.61805
6.60252
5.58688
4.57117
3.5554
2.5396
1.52377
0.507924
14.7222
13.7083
12.6942
11.6798
10.6652
9.6503
8.63514
7.61975
6.60416
5.58839
4.57249
3.55648
2.54039
1.52426
0.508088
14.7224
13.7089
12.6952
11.6812
10.6668
9.65201
8.63693
7.62153
6.60586
5.58994
4.57383
3.55757
2.5412
1.52475
0.508256
14.7226
13.7096
12.6963
11.6826
10.6685
9.65387
8.63885
7.62344
6.60766
5.59158
4.57525
3.55872
2.54204
1.52527
0.508429
14.7229
13.7104
12.6976
11.6842
10.6704
9.65594
8.64098
7.62552
6.60962
5.59334
4.57676
3.55994
2.54294
1.52581
0.508612
14.7232
13.7114
12.6991
11.6861
10.6726
9.6583
8.64337
7.62784
6.61178
5.59527
4.5784
3.56125
2.54389
1.52639
0.508807
14.7236
13.7125
12.7008
11.6884
10.6751
9.66102
8.6461
7.63045
6.61418
5.5974
4.5802
3.56268
2.54493
1.52702
0.509017
14.7241
13.7139
12.703
11.6912
10.6782
9.66422
8.64925
7.63343
6.61689
5.59976
4.58217
3.56424
2.54605
1.5277
0.509243
14.7247
13.7157
12.7058
11.6945
10.6819
9.66801
8.65292
7.63684
6.61994
5.60239
4.58435
3.56595
2.54728
1.52843
0.509488
14.7256
13.7181
12.7093
11.6987
10.6865
9.67253
8.65721
7.64075
6.62338
5.60532
4.58675
3.5678
2.5486
1.52922
0.509751
14.7267
13.7212
12.7138
11.7041
10.692
9.67793
8.66221
7.64521
6.62724
5.60856
4.58936
3.56981
2.55002
1.53007
0.510032
14.7283
13.7256
12.7199
11.7109
10.6989
9.68439
8.66801
7.65027
6.63153
5.6121
4.59219
3.57196
2.55152
1.53096
0.510327
14.7308
13.7319
12.7282
11.7198
10.7074
9.69205
8.6747
7.65595
6.63624
5.61592
4.59519
3.57422
2.55309
1.53189
0.510633
14.735
13.7414
12.7398
11.7312
10.7178
9.70106
8.68228
7.66221
6.64133
5.61997
4.59833
3.57655
2.5547
1.53283
0.510944
14.7427
13.7565
12.7559
11.7459
10.7303
9.71141
8.69069
7.66896
6.64669
5.62415
4.60153
3.5789
2.55631
1.53377
0.511251
14.7599
13.7813
12.7786
11.7645
10.745
9.72296
8.69973
7.67601
6.65216
5.62836
4.60469
3.5812
2.55787
1.53467
0.511546
14.8051
13.8227
12.8091
11.7866
10.7614
9.73524
8.70904
7.68309
6.65754
5.63241
4.6077
3.58336
2.55932
1.5355
0.511817
14.9437
13.8857
12.8455
11.8106
10.7782
9.74748
8.71808
7.68983
6.66256
5.63613
4.61041
3.58527
2.56058
1.53622
0.512052
15.0231
13.9361
12.8782
11.8328
10.7938
9.75871
8.72626
7.69581
6.66693
5.6393
4.61267
3.58684
2.56161
1.5368
0.512238
15.0502
13.9662
12.9021
11.8505
10.8066
9.76799
8.73296
7.70063
6.67037
5.64172
4.61434
3.58796
2.56232
1.53719
0.512362
15.0604
13.9824
12.9172
11.8626
10.8158
9.77465
8.73771
7.70394
6.67262
5.64321
4.61529
3.58854
2.56265
1.53735
0.512412
15.0641
13.9896
12.9248
11.8691
10.8209
9.77832
8.74019
7.70549
6.67348
5.6436
4.6154
3.58848
2.56254
1.53726
0.512377
15.0637
13.99
12.926
11.8705
10.8219
9.77883
8.74019
7.70509
6.67281
5.64279
4.61456
3.58773
2.56194
1.53688
0.512247
15.0582
13.9836
12.9211
11.8668
10.8189
9.77619
8.73767
7.70265
6.6705
5.64067
4.61271
3.58622
2.56082
1.53619
0.512015
15.0407
13.9686
12.9103
11.8587
10.8123
9.77051
8.73265
7.69816
6.66651
5.63721
4.60981
3.58391
2.55915
1.53518
0.511675
14.9852
13.9439
12.8947
11.8468
10.8025
9.76201
8.72519
7.69162
6.66083
5.63238
4.60583
3.58079
2.55691
1.53383
0.511223
14.966
13.9245
12.878
11.8324
10.7898
9.75087
8.7154
7.68308
6.65348
5.62617
4.60075
3.57684
2.55408
1.53213
0.510657
14.9567
13.9085
12.8607
11.8158
10.7746
9.73721
8.70335
7.67257
6.64446
5.6186
4.59459
3.57206
2.55067
1.53009
0.509976
14.9491
13.8921
12.8413
11.7964
10.7566
9.72103
8.68906
7.66015
6.63383
5.60969
4.58735
3.56646
2.54669
1.5277
0.509182
14.9387
13.8712
12.8176
11.7734
10.7355
9.70227
8.67258
7.64585
6.62162
5.59947
4.57906
3.56006
2.54214
1.52498
0.508275
14.9186
13.8405
12.7872
11.7459
10.7112
9.68092
8.65396
7.62976
6.60789
5.588
4.56977
3.55288
2.53703
1.52192
0.507259
14.8678
13.7924
12.7484
11.7137
10.6838
9.65717
8.63335
7.61197
6.59273
5.57533
4.5595
3.54495
2.53139
1.51855
0.506136
14.714
13.7225
12.7029
11.6782
10.6539
9.63138
8.61097
7.59263
6.57622
5.56152
4.5483
3.53629
2.52523
1.51487
0.50491
14.6623
13.6721
12.6607
11.6423
10.6227
9.60405
8.58706
7.57189
6.55847
5.54665
4.53621
3.52694
2.51858
1.51088
0.503583
14.6401
13.6361
12.6233
11.6072
10.5908
9.57548
8.56181
7.54985
6.53955
5.53075
4.52328
3.51692
2.51145
1.50661
0.502161
14.6259
13.6062
12.5882
11.5721
10.5579
9.5457
8.53528
7.5266
6.51952
5.51389
4.50954
3.50627
2.50385
1.50206
0.500644
14.611
13.5749
12.5515
11.5355
10.5237
9.51457
8.50748
7.50216
6.49842
5.4961
4.49501
3.49499
2.4958
1.49723
0.499036
14.5859
13.5346
12.5097
11.496
10.4875
9.48192
8.47838
7.47656
6.47628
5.47739
4.47972
3.48309
2.4873
1.49213
0.497336
14.5265
13.476
12.4599
11.4528
10.4492
9.44776
8.44801
7.44983
6.45312
5.45778
4.46365
3.47058
2.47836
1.48676
0.495544
14.3498
13.3934
12.4037
11.4071
10.4094
9.41231
8.41646
7.42201
6.42896
5.43727
4.44683
3.45745
2.46896
1.48111
0.49366
14.29
13.3337
12.3524
11.3619
10.369
9.37595
8.38388
7.39314
6.4038
5.41586
4.42921
3.44369
2.45909
1.47518
0.491678
14.2641
13.2911
12.3072
11.3185
10.3285
9.33884
8.35032
7.36321
6.37762
5.39351
4.41078
3.42926
2.44873
1.46894
0.489595
14.2477
13.256
12.2654
11.2758
10.2876
9.30087
8.31569
7.33218
6.35035
5.37015
4.39146
3.41411
2.43784
1.46237
0.487402
14.2308
13.2202
12.2226
11.2322
10.2457
9.26173
8.27984
7.29991
6.32188
5.34569
4.37119
3.39817
2.42636
1.45545
0.485089
14.2033
13.1751
12.1746
11.1857
10.2019
9.22107
8.24255
7.26624
6.29209
5.32002
4.34986
3.38137
2.41425
1.44814
0.482643
14.139
13.1106
12.1186
11.1356
10.156
9.17871
8.20367
7.23102
6.2608
5.29297
4.32732
3.36359
2.40142
1.44038
0.48005
13.9487
13.0208
12.0562
11.0831
10.1084
9.13469
8.16305
7.19403
6.22781
5.26435
4.30343
3.34471
2.38777
1.43213
0.477289
13.8846
12.9565
11.9996
11.0315
10.0601
9.08916
8.12055
7.15503
6.19285
5.23392
4.27797
3.32456
2.3732
1.42332
0.474339
13.8576
12.9119
11.9508
10.982
10.0113
9.04196
8.07583
7.11365
6.15557
5.20139
4.25071
3.30297
2.35758
1.41387
0.471176
13.8424
12.878
11.9072
10.9338
9.96142
8.99247
8.0283
7.06935
6.11552
5.16639
4.22136
3.27973
2.34076
1.4037
0.467773
13.831
12.8484
11.8654
10.8849
9.90906
8.9396
7.97708
7.02144
6.07216
5.1285
4.18962
3.25462
2.32261
1.39273
0.464103
13.8203
12.8188
11.8219
10.8325
9.85222
8.88182
7.92102
6.96904
6.02483
5.08725
4.15514
3.2274
2.30297
1.38087
0.460138
13.8086
12.7859
11.7731
10.7736
9.78847
8.81731
7.85876
6.91119
5.97286
5.04216
4.1176
3.19785
2.2817
1.36804
0.455853
13.7942
12.7461
11.7149
10.7046
9.71495
8.74395
7.78883
6.84685
5.91553
4.99276
4.07669
3.16578
2.25868
1.35419
0.451229
13.7749
12.6945
11.6422
10.6211
9.62842
8.6595
7.7097
6.77504
5.85223
4.93865
4.03216
3.13104
2.23382
1.33927
0.446253
13.7464
12.6232
11.5477
10.5178
9.5253
8.56169
7.62001
6.69494
5.78248
4.87957
3.98388
3.09356
2.2071
1.32326
0.440922
13.6984
12.5188
11.4213
10.3885
9.40205
8.44857
7.51871
6.60604
5.70604
4.81545
3.93184
3.05336
2.17855
1.30619
0.435244
13.6037
12.3573
11.2499
10.2268
9.25584
8.31898
7.4054
6.50827
5.62301
4.74643
3.8762
3.0106
2.14828
1.28814
0.429244
13.3772
12.0991
11.02
10.0288
9.08588
8.17314
7.28062
6.40221
5.53392
4.67295
3.81732
2.96554
2.11648
1.26921
0.422958
10.1269
10.3807
10.6345
10.8885
11.1428
11.3976
11.653
11.9095
12.1676
12.4282
12.6923
12.9617
13.2389
13.5269
13.8252
10.1243
10.3727
10.6212
10.8697
11.1181
11.3667
11.6154
11.8644
12.1139
12.3642
12.6157
12.8683
13.1217
13.3731
13.6132
10.1216
10.3648
10.6079
10.8508
11.0934
11.3356
11.5773
11.8186
12.0593
12.2991
12.5377
12.7741
13.0064
13.2303
13.4376
10.119
10.3571
10.5948
10.8322
11.0689
11.3048
11.5398
11.7734
12.0054
12.2351
12.4618
12.684
12.8993
13.1039
13.2921
10.1165
10.3495
10.5821
10.8141
11.0452
11.2751
11.5034
11.7298
11.9536
12.1742
12.3903
12.6006
12.8028
12.9938
13.1699
10.1142
10.3423
10.57
10.7969
11.0226
11.2468
11.469
11.6886
11.9051
12.1174
12.3247
12.5253
12.7173
12.8986
13.0665
10.1119
10.3356
10.5587
10.7808
11.0015
11.2205
11.437
11.6506
11.8605
12.0658
12.2655
12.4583
12.6426
12.8167
12.9787
10.1099
10.3294
10.5483
10.7661
10.9823
11.1964
11.408
11.6162
11.8204
12.0197
12.2132
12.3997
12.5779
12.7466
12.9043
10.108
10.3238
10.539
10.7529
10.9651
11.175
11.3821
11.5857
11.7851
11.9794
12.1678
12.3493
12.5228
12.6873
12.8418
10.1064
10.319
10.5308
10.7413
10.9501
11.1564
11.3597
11.5594
11.7548
11.945
12.1293
12.3068
12.4766
12.6378
12.7898
10.105
10.3149
10.5239
10.7316
10.9374
11.1407
11.341
11.5374
11.7295
11.9164
12.0975
12.2718
12.4388
12.5976
12.7477
10.1039
10.3116
10.5183
10.7237
10.9272
11.1281
11.3259
11.5198
11.7093
11.8937
12.0722
12.2442
12.409
12.566
12.7146
10.1031
10.309
10.5141
10.7178
10.9195
11.1186
11.3145
11.5066
11.6942
11.8767
12.0534
12.2237
12.3869
12.5426
12.6902
10.1025
10.3074
10.5113
10.7138
10.9143
11.1122
11.3069
11.4978
11.6841
11.8654
12.0409
12.2101
12.3723
12.5272
12.6742
10.1023
10.3065
10.5099
10.7118
10.9118
11.1091
11.3031
11.4933
11.6791
11.8597
12.0347
12.2033
12.3651
12.5195
12.6662
14.0783
14.1638
14.2032
14.2256
14.2405
14.2514
14.26
14.267
14.2729
14.278
14.2823
14.2862
14.2895
14.2925
14.2952
14.2976
14.2998
14.3017
14.3034
14.305
14.3065
14.3077
14.3089
14.31
14.3109
14.3117
14.3125
14.3132
14.3138
14.3143
14.3148
14.3151
14.3155
14.3158
14.316
14.3161
14.3163
14.3163
14.3163
14.3163
14.3162
14.316
14.3158
14.3156
14.3153
14.3149
14.3145
14.314
14.3134
14.3127
14.312
14.3112
14.3103
14.3093
14.3082
14.307
14.3057
14.3042
14.3026
14.3008
14.2989
14.2967
14.2944
14.2918
14.289
14.2859
14.2825
14.2788
14.2748
14.2703
14.2654
14.26
14.2541
14.2475
14.2402
14.2322
14.2232
14.2132
14.2019
14.1892
14.1746
14.1578
14.1382
14.1148
14.0862
14.0496
14
13.9252
13.7936
13.5079
13.7996
13.9139
13.9903
14.0438
14.0833
14.114
14.1387
14.1591
14.1763
14.1912
14.2041
14.2154
14.2254
14.2343
14.2423
14.2494
14.2559
14.2616
14.2669
14.2716
14.2758
14.2797
14.2832
14.2863
14.2891
14.2916
14.2939
14.2959
14.2977
14.2993
14.3007
14.3018
14.3028
14.3036
14.3043
14.3048
14.3051
14.3053
14.3053
14.3052
14.3049
14.3045
14.3039
14.3031
14.3022
14.3011
14.2998
14.2983
14.2966
14.2946
14.2925
14.2901
14.2874
14.2844
14.2811
14.2775
14.2735
14.2691
14.2643
14.2589
14.2531
14.2468
14.2398
14.2321
14.2237
14.2145
14.2044
14.1934
14.1812
14.1679
14.1533
14.1371
14.1194
14.0998
14.0782
14.0542
14.0275
13.9976
13.9641
13.9263
13.8833
13.8339
13.7764
13.7084
13.6262
13.5241
13.3923
13.2139
12.9589
12.5772
13.6002
13.7184
13.8103
13.882
13.9389
13.985
14.0232
14.0555
14.0831
14.107
14.1279
14.1464
14.1627
14.1773
14.1904
14.2021
14.2127
14.2222
14.2309
14.2386
14.2457
14.252
14.2578
14.2629
14.2676
14.2718
14.2755
14.2788
14.2818
14.2844
14.2867
14.2886
14.2902
14.2916
14.2927
14.2935
14.294
14.2943
14.2944
14.2942
14.2937
14.293
14.292
14.2907
14.2892
14.2873
14.2852
14.2827
14.2799
14.2767
14.2731
14.2691
14.2647
14.2598
14.2543
14.2483
14.2417
14.2344
14.2264
14.2177
14.208
14.1975
14.1859
14.1733
14.1594
14.1442
14.1275
14.1092
14.0892
14.0672
14.043
14.0165
13.9872
13.955
13.9193
13.8799
13.836
13.7871
13.7324
13.6709
13.6011
13.5214
13.4295
13.3221
13.1949
13.0411
12.8516
12.6128
12.3064
11.912
13.443
13.5607
13.6592
13.7412
13.8097
13.8673
13.9163
13.9584
13.9949
14.0269
14.0551
14.0801
14.1024
14.1224
14.1402
14.1564
14.1709
14.184
14.1959
14.2066
14.2163
14.2251
14.233
14.2401
14.2466
14.2523
14.2575
14.2621
14.2662
14.2698
14.2729
14.2756
14.2779
14.2798
14.2813
14.2824
14.2832
14.2836
14.2836
14.2833
14.2827
14.2817
14.2803
14.2785
14.2764
14.2738
14.2709
14.2674
14.2635
14.2591
14.2542
14.2486
14.2425
14.2357
14.2282
14.2198
14.2107
14.2006
14.1896
14.1774
14.1641
14.1495
14.1335
14.116
14.0968
14.0758
14.0527
14.0275
13.9998
13.9694
13.9361
13.8995
13.8592
13.8148
13.7658
13.7117
13.6516
13.5849
13.5104
13.427
13.333
13.2264
13.1047
12.9645
12.8014
12.6096
12.3817
12.1087
11.7804
11.3886
13.314
13.4303
13.5319
13.6199
13.6959
13.7618
13.8191
13.8692
13.9132
13.9522
13.9868
14.0177
14.0453
14.0701
14.0925
14.1127
14.1309
14.1474
14.1623
14.1758
14.1881
14.1991
14.2092
14.2182
14.2263
14.2336
14.2402
14.246
14.2512
14.2557
14.2597
14.2631
14.266
14.2683
14.2702
14.2717
14.2726
14.2731
14.2732
14.2728
14.272
14.2707
14.269
14.2668
14.264
14.2608
14.257
14.2527
14.2477
14.2422
14.2359
14.2289
14.2211
14.2125
14.2029
14.1924
14.1808
14.1681
14.1541
14.1387
14.1219
14.1034
14.0831
14.061
14.0367
14.0101
13.981
13.9491
13.9141
13.8758
13.8337
13.7876
13.7369
13.6811
13.6196
13.5518
13.4768
13.3936
13.3012
13.1982
13.0828
12.953
12.8063
12.6396
12.449
12.2298
11.9768
11.684
11.3459
10.9589
13.206
13.321
13.424
13.5156
13.5967
13.6685
13.7321
13.7885
13.8387
13.8835
13.9236
13.9597
13.9921
14.0213
14.0478
14.0717
14.0933
14.1129
14.1307
14.1468
14.1614
14.1746
14.1866
14.1973
14.2071
14.2158
14.2237
14.2306
14.2368
14.2423
14.247
14.2511
14.2546
14.2574
14.2597
14.2614
14.2626
14.2632
14.2633
14.2628
14.2618
14.2603
14.2582
14.2555
14.2523
14.2484
14.2439
14.2386
14.2327
14.226
14.2185
14.2101
14.2008
14.1904
14.179
14.1663
14.1524
14.1372
14.1204
14.102
14.0818
14.0596
14.0354
14.0088
13.9797
13.9479
13.913
13.8749
13.8331
13.7873
13.7371
13.6821
13.6217
13.5553
13.4824
13.402
13.3134
13.2156
13.1072
12.987
12.8532
12.7039
12.5367
12.349
12.1375
11.8988
11.629
11.3243
10.9817
10.5995
13.1149
13.2287
13.3324
13.4263
13.5109
13.5869
13.6552
13.7166
13.7718
13.8215
13.8663
13.9067
13.9433
13.9764
14.0065
14.0337
14.0584
14.0809
14.1012
14.1197
14.1365
14.1517
14.1655
14.1779
14.1891
14.1992
14.2082
14.2163
14.2234
14.2297
14.2352
14.2399
14.2439
14.2472
14.2498
14.2518
14.2531
14.2538
14.2539
14.2534
14.2522
14.2505
14.248
14.245
14.2412
14.2367
14.2315
14.2255
14.2186
14.2109
14.2022
14.1925
14.1817
14.1697
14.1565
14.1419
14.1259
14.1082
14.0889
14.0676
14.0443
14.0187
13.9907
13.9601
13.9266
13.8899
13.8497
13.8058
13.7577
13.705
13.6473
13.5842
13.5149
13.439
13.3556
13.264
13.1633
13.0524
12.9301
12.7951
12.6457
12.4802
12.2965
12.0924
11.8652
11.6123
11.3311
11.0191
10.6745
10.2964
13.038
13.1508
13.2548
13.3502
13.4372
13.5163
13.5882
13.6534
13.7126
13.7663
13.815
13.8592
13.8993
13.9358
13.969
13.9992
14.0267
14.0516
14.0743
14.095
14.1137
14.1307
14.1461
14.16
14.1726
14.1839
14.194
14.203
14.211
14.2181
14.2242
14.2295
14.234
14.2377
14.2406
14.2429
14.2444
14.2452
14.2453
14.2447
14.2434
14.2414
14.2387
14.2352
14.231
14.2259
14.2201
14.2133
14.2056
14.1969
14.1872
14.1763
14.1641
14.1507
14.1359
14.1195
14.1015
14.0817
14.0599
14.036
14.0098
13.9812
13.9498
13.9154
13.8778
13.8367
13.7917
13.7425
13.6886
13.6297
13.5653
13.4948
13.4176
13.3331
13.2405
13.139
13.0277
12.9055
12.7713
12.6237
12.4614
12.2826
12.0857
11.8687
11.6297
11.3666
11.0775
10.7608
10.4154
10.0408
12.9735
13.0855
13.1896
13.2859
13.3746
13.4561
13.5307
13.5989
13.6612
13.7181
13.77
13.8173
13.8605
13.8999
13.9358
13.9685
13.9983
14.0255
14.0503
14.0728
14.0933
14.1118
14.1287
14.1439
14.1577
14.1701
14.1812
14.1911
14.1999
14.2076
14.2144
14.2202
14.2251
14.2291
14.2324
14.2348
14.2365
14.2373
14.2375
14.2368
14.2354
14.2332
14.2302
14.2264
14.2218
14.2162
14.2098
14.2023
14.1939
14.1843
14.1736
14.1616
14.1483
14.1336
14.1172
14.0993
14.0795
14.0577
14.0338
14.0076
13.9788
13.9474
13.9129
13.8752
13.8339
13.7888
13.7395
13.6856
13.6267
13.5623
13.4919
13.4149
13.3307
13.2387
13.1381
13.028
12.9076
12.7758
12.6315
12.4735
12.3005
12.111
11.9036
11.6767
11.4287
11.1581
10.8635
10.5437
10.1981
9.82648
12.9201
13.0314
13.1355
13.2324
13.3224
13.4055
13.4821
13.5527
13.6175
13.6769
13.7314
13.7813
13.827
13.8687
13.9069
13.9418
13.9737
14.0027
14.0292
14.0534
14.0754
14.0953
14.1134
14.1298
14.1446
14.158
14.1699
14.1806
14.1901
14.1984
14.2057
14.2119
14.2172
14.2216
14.2251
14.2277
14.2295
14.2304
14.2306
14.2299
14.2283
14.226
14.2227
14.2186
14.2136
14.2076
14.2007
14.1927
14.1835
14.1732
14.1616
14.1487
14.1344
14.1185
14.1009
14.0815
14.0601
14.0366
14.0108
13.9826
13.9516
13.9177
13.8805
13.8399
13.7955
13.7469
13.6938
13.6358
13.5725
13.5033
13.4277
13.3452
13.255
13.1566
13.0491
12.9318
12.8037
12.6638
12.5112
12.3447
12.1631
11.9651
11.7495
11.515
11.2602
10.9841
10.6855
10.3637
10.0182
9.64901
12.8768
12.9875
13.0916
13.189
13.2798
13.3641
13.4423
13.5146
13.5813
13.6427
13.6993
13.7512
13.7989
13.8426
13.8826
13.9193
13.9528
13.9835
14.0114
14.0369
14.0602
14.0813
14.1005
14.1178
14.1335
14.1477
14.1603
14.1717
14.1817
14.1905
14.1983
14.2049
14.2105
14.2152
14.2189
14.2217
14.2235
14.2246
14.2247
14.2239
14.2223
14.2198
14.2164
14.212
14.2067
14.2003
14.1929
14.1844
14.1747
14.1638
14.1515
14.1378
14.1225
14.1056
14.0869
14.0663
14.0436
14.0187
13.9913
13.9613
13.9284
13.8924
13.853
13.8099
13.7628
13.7113
13.6551
13.5936
13.5265
13.4533
13.3734
13.2862
13.1911
13.0873
12.9742
12.8509
12.7165
12.5701
12.4108
12.2375
12.0491
11.8444
11.6225
11.3822
11.1224
10.8422
10.5408
10.2176
9.87245
9.50516
12.8429
12.9532
13.0572
13.1549
13.2463
13.3315
13.4108
13.4844
13.5526
13.6155
13.6736
13.7271
13.7763
13.8216
13.8631
13.9011
13.936
13.9679
13.997
14.0236
14.0479
14.0699
14.0899
14.1081
14.1245
14.1393
14.1525
14.1644
14.1749
14.1842
14.1922
14.1992
14.2051
14.2099
14.2138
14.2167
14.2187
14.2198
14.2199
14.2191
14.2174
14.2148
14.2112
14.2066
14.201
14.1944
14.1866
14.1777
14.1675
14.1561
14.1432
14.1288
14.1128
14.0951
14.0756
14.054
14.0302
14.0041
13.9754
13.944
13.9096
13.8719
13.8306
13.7855
13.7362
13.6824
13.6236
13.5594
13.4893
13.4128
13.3294
13.2385
13.1394
13.0314
12.9138
12.7857
12.6464
12.495
12.3304
12.1519
11.9582
11.7486
11.5219
11.2772
11.0137
10.7306
10.4273
10.1033
9.75835
9.39257
12.8179
12.9279
13.0318
13.1297
13.2215
13.3074
13.3874
13.462
13.5311
13.5952
13.6544
13.709
13.7594
13.8057
13.8483
13.8874
13.9233
13.9561
13.9861
14.0135
14.0385
14.0613
14.082
14.1007
14.1176
14.1329
14.1466
14.1589
14.1697
14.1793
14.1876
14.1948
14.2009
14.206
14.21
14.213
14.215
14.2161
14.2162
14.2154
14.2137
14.2109
14.2072
14.2025
14.1967
14.1898
14.1818
14.1726
14.1621
14.1502
14.1369
14.122
14.1055
14.0872
14.0669
14.0446
14.02
13.993
13.9634
13.9309
13.8953
13.8563
13.8137
13.767
13.7161
13.6605
13.5997
13.5334
13.461
13.3821
13.2961
13.2024
13.1003
12.9891
12.8682
12.7366
12.5937
12.4385
12.2702
12.0878
11.8904
11.6771
11.447
11.1993
10.9332
10.6481
10.3434
10.0188
9.67417
9.30951
12.8014
12.9112
13.0151
13.1131
13.2051
13.2914
13.372
13.4471
13.5169
13.5816
13.6416
13.697
13.7481
13.7952
13.8385
13.8783
13.9148
13.9482
13.9788
14.0068
14.0323
14.0555
14.0766
14.0957
14.113
14.1286
14.1426
14.1551
14.1662
14.176
14.1846
14.1919
14.1981
14.2033
14.2074
14.2104
14.2125
14.2136
14.2138
14.213
14.2112
14.2084
14.2046
14.1997
14.1938
14.1868
14.1786
14.1692
14.1584
14.1463
14.1326
14.1174
14.1005
14.0818
14.0611
14.0383
14.0132
13.9856
13.9553
13.922
13.8857
13.8458
13.8022
13.7546
13.7026
13.6457
13.5837
13.5159
13.4421
13.3616
13.2738
13.1782
13.0741
12.9608
12.8377
12.7038
12.5585
12.4008
12.23
12.0451
11.8452
11.6296
11.3974
11.1477
10.88
10.5936
10.2881
9.96317
9.6187
9.25477
12.7932
12.9029
13.0068
13.1048
13.197
13.2834
13.3643
13.4396
13.5098
13.5749
13.6352
13.691
13.7424
13.7899
13.8336
13.8737
13.9105
13.9443
13.9751
14.0034
14.0291
14.0526
14.0739
14.0932
14.1107
14.1265
14.1406
14.1533
14.1645
14.1744
14.183
14.1904
14.1967
14.2019
14.2061
14.2092
14.2113
14.2124
14.2126
14.2117
14.2099
14.2071
14.2032
14.1983
14.1924
14.1853
14.177
14.1674
14.1566
14.1443
14.1305
14.1151
14.0981
14.0791
14.0582
14.0351
14.0097
13.9818
13.9512
13.9176
13.8808
13.8406
13.7965
13.7484
13.6958
13.6383
13.5756
13.5072
13.4326
13.3512
13.2626
13.166
13.061
12.9467
12.8224
12.6874
12.5409
12.382
12.2099
12.0238
11.8227
11.6059
11.3726
11.122
10.8535
10.5665
10.2606
9.93552
9.59116
9.22758
12.6612
11.663
10.6998
9.77397
8.8758
7.9972
7.1325
6.27777
5.43026
4.58801
3.74957
2.91388
2.0801
1.24759
0.415785
11.9543
11.1522
10.3131
9.46818
8.62693
7.79128
6.96086
6.13471
5.31186
4.49147
3.67288
2.85557
2.03914
1.22327
0.407724
11.37
10.6783
9.93201
9.15862
8.37234
7.58003
6.78486
5.98828
5.19092
4.39308
3.59487
2.79635
1.99758
1.19863
0.399556
10.8857
10.259
9.57789
8.86182
8.1237
7.37154
6.61018
5.84254
5.07042
4.29501
3.51711
2.73734
1.95619
1.17409
0.391424
10.4795
9.89379
9.25866
8.58696
7.88898
7.17217
6.44171
5.70121
4.95316
4.19937
3.44119
2.67968
1.91573
1.15009
0.383472
10.1358
9.57794
8.97586
8.33829
7.67301
6.98634
6.28322
5.56735
4.84158
4.10807
3.36855
2.62443
1.87692
1.12707
0.37584
9.8442
9.30612
8.72846
8.11723
7.47831
6.8169
6.13739
5.44334
4.73767
4.02272
3.30047
2.57256
1.84043
1.1054
0.368655
9.59717
9.07377
8.51453
7.92377
7.306
6.66548
6.00601
5.3309
4.64297
3.94465
3.238
2.52485
1.80684
1.08543
0.362031
9.38943
8.87715
8.332
7.75722
7.15636
6.53292
5.8902
5.23121
4.55862
3.87484
3.18199
2.482
1.77661
1.06745
0.356062
9.21708
8.7133
8.17898
7.61667
7.02922
6.41957
5.7906
5.14504
4.48541
3.81405
3.13309
2.4445
1.75012
1.05168
0.350825
9.07718
8.5799
8.05386
7.50116
6.92419
6.32546
5.70752
5.07287
4.42388
3.76281
3.09178
2.41277
1.72768
1.0383
0.346383
8.96757
8.47514
7.9553
7.40985
6.84083
6.25048
5.64109
5.01497
4.37438
3.72149
3.0584
2.3871
1.7095
1.02746
0.342781
8.88665
8.39768
7.88227
7.342
6.77872
6.19445
5.59132
4.97149
4.33712
3.69034
3.03319
2.36768
1.69575
1.01926
0.340052
8.8333
8.34655
7.83399
7.29708
6.73752
6.15721
5.55817
4.94248
4.31223
3.66949
3.01631
2.35467
1.68652
1.01375
0.338222
8.80679
8.32114
7.80998
7.27471
6.71698
6.13863
5.54161
4.92798
4.29977
3.65905
3.00785
2.34815
1.68189
1.01098
0.337303
)
;

boundaryField
{
    hot
    {
        type            fixedValue;
        value           uniform 10;
    }
    cold
    {
        type            fixedValue;
        value           uniform 0;
    }
    interface_left
    {
        type            fixedValue;
        value           nonuniform List<scalar> 
90
(
12.2801
12.2801
12.2801
12.2801
12.2801
12.2801
12.2801
12.2801
12.2801
13.1369
13.1369
13.1369
13.1369
13.1369
13.1369
13.1369
13.8966
13.8966
13.8966
13.8966
13.8966
13.8966
14.4861
14.4861
14.4861
14.4861
14.4861
14.4861
14.4861
14.9301
14.9301
14.9301
14.9301
14.9301
14.9301
14.9301
15.3029
15.3029
15.3029
15.3029
15.3029
15.3029
15.3029
15.5131
15.5131
15.5131
15.5131
15.5131
15.5131
15.602
15.602
15.602
15.602
15.602
15.602
15.602
15.4774
15.4774
15.4774
15.4774
15.4774
15.4774
15.4774
15.1342
15.1342
15.1342
15.1342
15.1342
15.1342
15.1342
14.7419
14.7419
14.7419
14.7419
14.7419
14.7419
14.7419
14.32
14.32
14.32
14.32
14.32
14.32
14.32
14.32
14.32
14.32
14.32
14.32
14.32
)
;
    }
    interface_right
    {
        type            fixedValue;
        value           nonuniform List<scalar> 
90
(
15.227
15.227
15.227
15.227
15.227
15.227
15.227
15.227
15.227
15.227
15.227
15.227
15.227
15.227
15.227
15.227
15.227
15.227
15.227
15.227
15.227
15.227
15.227
15.227
15.227
15.227
15.227
15.227
15.227
15.227
15.227
15.227
15.227
15.227
15.227
15.227
15.227
15.227
15.227
15.227
15.227
15.227
15.227
15.227
15.227
15.227
15.227
15.227
15.5131
15.602
15.602
15.602
15.602
15.602
15.602
15.602
15.4774
15.4774
15.4774
15.4774
15.4774
15.4774
15.4774
15.1342
15.1342
15.1342
15.1342
15.1342
15.1342
15.1342
14.7419
14.7419
14.7419
14.7419
14.7419
14.7419
14.7419
14.32
14.32
14.32
14.32
14.32
14.32
14.32
14.32
14.32
14.32
14.32
14.32
14.32
)
;
    }
    interface_top
    {
        type            fixedValue;
        value           uniform 14.32;
    }
    interface_bottom
    {
        type            fixedValue;
        value           nonuniform List<scalar> 
90
(
12.2801
12.2801
12.2801
12.2801
12.2801
12.2801
12.2801
12.2801
12.2801
12.2801
12.2801
12.2801
12.2801
12.2801
12.2801
12.2801
12.2801
12.2801
12.2801
12.2801
12.2801
12.2801
12.2801
12.2801
12.2801
12.2801
12.2801
12.2801
12.2801
12.2801
12.2801
12.2801
12.7676
12.7676
12.7676
12.7676
12.7676
12.7676
12.7676
12.7676
12.7676
12.7676
12.7676
13.6182
13.6182
13.6182
13.6182
13.6182
13.6182
13.6182
13.6182
13.6182
13.6182
13.6182
13.6182
13.6182
14.3243
14.3243
14.3243
14.3243
14.3243
14.3243
14.3243
14.3243
14.3243
14.3243
14.3243
14.3243
14.3243
14.3243
14.8907
14.8907
14.8907
14.8907
14.8907
14.8907
14.8907
14.8907
14.8907
14.8907
14.8907
14.8907
14.8907
15.227
15.227
15.227
15.227
15.227
15.227
15.227
)
;
    }
    defaultFaces
    {
        type            empty;
    }
}


// ************************************************************************* //
