/*--------------------------------*- C++ -*----------------------------------*\
| =========                 |                                                 |
| \\      /  F ield         | OpenFOAM: The Open Source CFD Toolbox           |
|  \\    /   O peration     | Version:  5.x                                   |
|   \\  /    A nd           | Web:      www.OpenFOAM.org                      |
|    \\/     M anipulation  |                                                 |
\*---------------------------------------------------------------------------*/
FoamFile
{
    version     2.0;
    format      ascii;
    class       volScalarField;
    location    "12";
    object      T;
}
// * * * * * * * * * * * * * * * * * * * * * * * * * * * * * * * * * * * * * //

dimensions      [0 0 0 1 0 0 0];

internalField   nonuniform List<scalar> 
6300
(
10.3426
11.0267
11.7078
12.3838
13.0527
13.7124
14.3608
14.9961
15.6162
16.2192
16.8032
17.3667
17.9081
18.4261
18.9197
10.3436
11.0297
11.7128
12.3908
13.0617
13.7234
14.3738
15.0111
15.633
16.2378
16.8235
17.3885
17.9311
18.4501
18.9443
10.3456
11.0358
11.7229
12.4049
13.0798
13.7455
14.3999
15.041
15.6668
16.2752
16.8643
17.4323
17.9774
18.4984
18.994
10.3486
11.0448
11.7379
12.426
13.1069
13.7786
14.4391
15.0861
15.7176
16.3316
16.9259
17.4985
18.0476
18.5717
19.0694
10.3526
11.0568
11.758
12.4541
13.1431
13.8229
14.4914
15.1465
15.7859
16.4074
17.0087
17.5878
18.1425
18.671
19.1716
10.3576
11.0718
11.783
12.4892
13.1884
13.8783
14.5571
15.2223
15.8717
16.5029
17.1136
17.7012
18.2633
18.7977
19.3024
10.3636
11.0898
11.813
12.5313
13.2426
13.9449
14.636
15.3136
15.9754
16.6188
17.2412
17.8398
18.4115
18.9537
19.4638
10.3705
11.1106
11.8478
12.5802
13.3057
14.0224
14.7281
15.4205
16.0972
16.7555
17.3924
18.0047
18.5889
19.1413
19.6587
10.3784
11.1343
11.8874
12.6358
13.3776
14.1108
14.8333
15.5429
16.2371
16.9131
17.5678
18.1974
18.7976
19.3637
19.8909
10.3872
11.1607
11.9315
12.6979
13.4579
14.2097
14.9512
15.6805
16.3949
17.0919
17.768
18.4191
19.04
19.6244
20.1654
10.3969
11.1898
11.9801
12.7662
13.5463
14.3186
15.0813
15.8325
16.5699
17.2911
17.9928
18.6706
19.3185
19.9282
20.4892
10.4074
11.2213
12.0329
12.8404
13.6422
14.4369
15.2227
15.998
16.7609
17.5096
18.2411
18.9516
19.6347
20.2801
20.8719
10.4187
11.2552
12.0895
12.92
13.7453
14.5638
15.3743
16.1754
16.966
17.7447
18.5101
19.2596
19.9882
20.685
21.3275
10.4307
11.2914
12.1499
13.0049
13.8549
14.6986
15.5351
16.3632
17.1826
17.9929
18.7945
19.5881
20.3732
21.1437
21.8753
10.4434
11.3296
12.2138
13.0945
13.9705
14.8406
15.7038
16.5596
17.4078
18.2493
19.0867
19.9248
20.7721
21.6406
22.534
19.3492
19.722
20.0773
20.4151
20.7359
21.0401
21.3285
21.6017
21.8609
22.1068
22.3406
22.5634
22.7763
22.9805
23.1771
23.3672
23.552
23.7326
23.9101
24.0854
24.2596
24.4336
24.6083
24.7845
24.9629
25.144
25.3286
25.5169
25.7093
25.9059
26.107
26.3124
26.5221
26.7358
26.9532
27.1741
27.3981
27.6246
27.8532
28.0832
28.3141
28.5451
28.7756
29.0047
29.2317
29.4558
29.6763
29.8925
30.1037
30.3093
30.5088
30.7014
30.8867
31.064
31.2327
31.3921
31.5416
31.6803
31.8076
31.9227
32.0247
32.1129
32.1864
32.2443
32.2858
32.3097
32.3151
32.3006
32.2651
32.207
32.1248
32.0168
31.8814
31.7165
31.5203
31.2907
31.0257
30.7231
30.3808
29.9967
29.5685
29.0942
28.5719
27.9997
27.376
26.6996
25.9695
25.1852
24.3465
23.4538
19.3741
19.7469
20.1019
20.4392
20.7592
21.0625
21.3497
21.6216
21.8793
22.1237
22.3559
22.5771
22.7883
22.9908
23.1858
23.3743
23.5575
23.7365
23.9125
24.0864
24.2593
24.432
24.6056
24.7807
24.9581
25.1385
25.3224
25.5103
25.7024
25.8989
26.1
26.3056
26.5155
26.7296
26.9475
27.169
27.3936
27.6208
27.8502
28.0812
28.313
28.5451
28.7767
29.0069
29.235
29.4601
29.6816
29.8988
30.1109
30.3174
30.5176
30.7111
30.8973
31.0755
31.2451
31.4056
31.5561
31.6959
31.8243
31.9405
32.0436
32.133
32.2078
32.2671
32.31
32.3355
32.3426
32.3301
32.2966
32.2407
32.1609
32.0555
31.9227
31.7607
31.5674
31.3408
31.0788
30.7794
30.4402
30.0591
29.634
29.1625
28.6428
28.0729
27.4512
26.7762
26.0469
25.2627
24.4235
23.5296
19.4243
19.7971
20.1515
20.4877
20.8062
21.1074
21.3923
21.6615
21.9163
22.1576
22.3866
22.6044
22.8123
23.0115
23.2031
23.3883
23.5683
23.7443
23.9172
24.0883
24.2584
24.4286
24.5998
24.7728
24.9484
25.1273
25.3099
25.4969
25.6884
25.8847
26.0858
26.2917
26.5022
26.7171
26.936
27.1586
27.3845
27.6132
27.8443
28.077
28.3109
28.5451
28.7788
29.0113
29.2416
29.4689
29.6924
29.9114
30.1253
30.3334
30.5353
30.7305
30.9183
31.0983
31.2699
31.4323
31.5849
31.7269
31.8575
31.976
32.0815
32.1733
32.2505
32.3125
32.3583
32.3869
32.3974
32.3887
32.3593
32.3079
32.2329
32.1326
32.0052
31.8488
31.6614
31.4408
31.1851
30.8919
30.559
30.1842
29.7651
29.2995
28.7852
28.22
27.6022
26.9301
26.2025
25.4187
24.5784
23.682
19.5006
19.8733
20.2268
20.5614
20.8774
21.1755
21.4567
21.7219
21.9721
22.2087
22.4327
22.6455
22.8484
23.0424
23.229
23.4093
23.5844
23.7557
23.9241
24.0908
24.2568
24.4231
24.5908
24.7606
24.9334
25.1098
25.2906
25.4762
25.6668
25.8627
26.064
26.2704
26.4819
26.6979
26.9184
27.1427
27.3705
27.6015
27.835
28.0705
28.3074
28.5449
28.782
29.0179
29.2517
29.4822
29.7088
29.9306
30.147
30.3576
30.5619
30.7594
30.9498
31.1325
31.3069
31.4723
31.6281
31.7734
31.9074
32.0292
32.1382
32.2335
32.3144
32.3802
32.4302
32.4635
32.4791
32.4759
32.4528
32.4081
32.3404
32.2479
32.1286
31.9807
31.8021
31.5907
31.3443
31.0606
30.7373
30.3721
29.9624
29.5058
28.9998
28.4421
27.8305
27.163
26.4383
25.6552
24.8134
23.9133
19.6041
19.9768
20.3291
20.6612
20.9738
21.2676
21.5437
21.8031
22.0472
22.2772
22.4945
22.7005
22.8964
23.0836
23.2633
23.4369
23.6056
23.7705
23.9328
24.0936
24.254
24.4152
24.5779
24.7434
24.9123
25.0855
25.2637
25.4474
25.6369
25.8324
26.034
26.2413
26.454
26.6719
26.8943
27.1209
27.3514
27.5852
27.822
28.0612
28.3023
28.5443
28.7862
29.027
29.2654
29.5004
29.7311
29.9566
30.1763
30.39
30.5972
30.7978
30.9914
31.1775
31.3558
31.5254
31.6855
31.8353
31.9737
32.1001
32.2135
32.3133
32.399
32.4698
32.5252
32.5644
32.5867
32.5911
32.5762
32.5406
32.4826
32.4005
32.2923
32.1558
31.9891
31.79
31.5562
31.2854
30.9752
30.623
30.2263
29.7823
29.2881
28.741
28.1383
27.4777
26.7572
25.9755
25.1318
24.2265
19.7365
20.1092
20.4598
20.7887
21.0967
21.3847
21.654
21.9059
22.1419
22.3635
22.5721
22.7692
22.9563
23.1348
23.306
23.4711
23.6315
23.7884
23.943
24.0963
24.2497
24.4041
24.5607
24.7204
24.8844
25.0534
25.2282
25.4095
25.5977
25.7928
25.9949
26.2035
26.4182
26.6384
26.8635
27.093
27.3265
27.5639
27.8047
28.0486
28.2949
28.5429
28.7912
29.0384
29.2832
29.5241
29.7599
29.9899
30.2136
30.4307
30.6413
30.8453
31.0426
31.2331
31.4162
31.5911
31.7568
31.9124
32.0566
32.1886
32.3075
32.4127
32.5039
32.5805
32.6424
32.6888
32.7193
32.7329
32.7283
32.7042
32.6587
32.5898
32.4955
32.3736
32.2219
32.0382
31.8203
31.5659
31.2724
30.9373
30.5575
30.1301
29.6517
29.119
28.5287
27.8777
27.1635
26.3841
25.5383
24.6264
19.9002
20.2729
20.6213
20.946
21.2479
21.5283
21.7889
22.0311
22.2569
22.4678
22.6656
22.8519
23.0282
23.196
23.3566
23.5115
23.6619
23.8091
23.9542
24.0985
24.2431
24.3892
24.5381
24.6908
24.8485
25.0121
25.1827
25.3611
25.5476
25.7425
25.9456
26.1562
26.3737
26.5971
26.8255
27.0584
27.2955
27.5367
27.7821
28.0316
28.2845
28.5401
28.7968
29.0527
29.3057
29.5541
29.7962
30.0314
30.2593
30.4799
30.6938
30.9014
31.1029
31.2984
31.4874
31.669
31.8419
32.0048
32.1561
32.2948
32.4201
32.5314
32.6286
32.7117
32.7806
32.8353
32.8752
32.8998
32.9078
32.8976
32.8674
32.8148
32.7375
32.6332
32.4997
32.3347
32.1362
31.9017
31.6288
31.3147
30.9564
30.5503
30.0925
29.579
29.0056
28.3681
27.6629
26.8873
26.0395
25.1192
20.0983
20.4709
20.8164
21.1355
21.4294
21.7001
21.9495
22.1796
22.3926
22.5904
22.7751
22.9483
23.1116
23.2667
23.415
23.5578
23.6964
23.832
23.966
24.0994
24.2337
24.3699
24.5093
24.6533
24.8032
24.9602
25.1255
25.3001
25.4847
25.6797
25.8845
26.0985
26.3201
26.5477
26.7803
27.0169
27.2576
27.5028
27.7529
28.0086
28.2696
28.5349
28.8027
29.0702
29.3342
29.592
29.8418
30.0826
30.3144
30.538
30.7546
30.9653
31.1709
31.372
31.5682
31.7583
31.9406
32.1128
32.2729
32.4195
32.5517
32.6694
32.7728
32.8623
32.9385
33.0018
33.0523
33.0894
33.1123
33.119
33.1072
33.0743
33.0174
32.934
32.8218
32.6787
32.5027
32.2918
32.0435
31.755
31.4232
31.0439
30.6128
30.1245
29.5738
28.9549
28.2629
27.4936
26.6441
25.7138
20.3349
20.7075
21.049
21.3606
21.6441
21.902
22.1372
22.3521
22.5495
22.7315
22.9005
23.0582
23.2064
23.3468
23.4807
23.6094
23.7344
23.8568
23.9778
24.0987
24.2207
24.3451
24.4733
24.6068
24.747
24.8956
25.0541
25.224
25.4064
25.6018
25.8098
26.029
26.2569
26.4907
26.7284
26.9689
27.2126
27.4608
27.7151
27.9771
28.2475
28.5254
28.8083
29.0917
29.3707
29.6408
29.8994
30.1457
30.3804
30.6054
30.823
31.0354
31.2446
31.4518
31.6569
31.8581
32.0527
32.2371
32.4082
32.5639
32.7034
32.8271
32.9358
33.031
33.114
33.1859
33.2475
33.2988
33.339
33.3659
33.3766
33.3672
33.3344
33.2752
33.1873
33.069
32.9187
32.7347
32.5149
32.2569
31.9572
31.6114
31.2142
30.7592
30.2391
29.6463
28.9735
28.2144
27.3645
26.4219
20.6158
20.9884
21.3244
21.6255
21.8949
22.1363
22.3534
22.5495
22.7278
22.891
23.0415
23.1812
23.312
23.4355
23.553
23.666
23.7755
23.8829
23.9892
24.0957
24.2036
24.3143
24.4292
24.5498
24.6781
24.816
24.9657
25.1292
25.3086
25.505
25.7183
25.9462
26.1843
26.4274
26.6716
26.9155
27.1603
27.4091
27.6654
27.9328
28.2137
28.508
28.8122
29.1189
29.4191
29.7053
29.9739
30.2246
30.4596
30.6826
30.8978
31.1092
31.3204
31.5338
31.7499
31.9666
32.1787
32.3798
32.5646
32.7305
32.8769
33.0052
33.1175
33.2163
33.3043
33.3838
33.4564
33.5233
33.5837
33.6353
33.6736
33.693
33.6884
33.6567
33.5957
33.5044
33.3822
33.228
33.0406
32.8178
32.5565
32.252
31.8981
31.4867
31.0081
30.4519
29.8076
29.0653
28.2174
27.2601
20.9491
21.3217
21.6493
21.9355
22.1856
22.4051
22.5991
22.7719
22.9273
23.0682
23.1972
23.3164
23.4275
23.5321
23.6314
23.7267
23.8192
23.9098
23.9997
24.0901
24.182
24.2767
24.3759
24.4812
24.5947
24.7188
24.8565
25.0109
25.1856
25.3832
25.6049
25.8478
26.104
26.3619
26.6143
26.8599
27.1017
27.3458
27.5989
27.8684
28.1598
28.4755
28.8114
29.1548
29.4867
29.7943
30.0731
30.325
30.5552
30.7703
30.977
31.1823
31.392
31.611
31.8414
32.0805
32.3194
32.5448
32.7475
32.924
33.0755
33.2053
33.3175
33.4163
33.506
33.5903
33.6728
33.7559
33.8401
33.9229
33.997
34.0521
34.0807
34.0791
34.0465
33.9834
33.8905
33.7682
33.6162
33.4333
33.2169
32.9627
32.6637
32.3099
31.888
31.3836
30.7817
30.0674
29.2271
28.2523
21.3473
21.7193
22.0333
22.2971
22.5199
22.7101
22.8747
23.0189
23.147
23.262
23.3666
23.4627
23.5519
23.6356
23.7149
23.791
23.8648
23.9372
24.0091
24.0815
24.1555
24.2322
24.3132
24.4002
24.4953
24.6015
24.7224
24.8629
25.0287
25.2262
25.4603
25.7298
26.0204
26.3036
26.5662
26.8088
27.0393
27.2684
27.5083
27.7714
28.07
28.413
28.7992
29.2061
29.5886
29.9239
30.2103
30.4558
30.6717
30.8689
31.0577
31.2479
31.4493
31.6708
31.9192
32.1938
32.4786
32.7417
32.9669
33.1526
33.3045
33.4298
33.5356
33.6285
33.7142
33.7986
33.8873
33.9857
34.0977
34.2219
34.3466
34.4485
34.5154
34.5452
34.5403
34.5043
34.4402
34.3502
34.2354
34.0959
33.9307
33.7367
33.5075
33.2303
32.8857
32.4545
31.9168
31.25
30.4296
29.4353
21.8314
22.2001
22.4891
22.717
22.9004
23.0515
23.1789
23.2886
23.3847
23.4703
23.5476
23.6182
23.6835
23.7447
23.8026
23.858
23.9118
23.9645
24.017
24.07
24.1243
24.181
24.2412
24.3067
24.3793
24.4622
24.5596
24.6777
24.8255
25.0158
25.264
25.5805
25.9465
26.2744
26.5462
26.7744
26.9779
27.175
27.3834
27.6226
27.9154
28.2876
28.7562
29.2919
29.7574
30.123
30.4052
30.6286
30.8142
30.9786
31.1352
31.2966
31.4765
31.691
31.9586
32.2912
32.6681
32.9921
33.242
33.4291
33.5707
33.6812
33.7714
33.8498
33.9235
33.9996
34.0867
34.195
34.3366
34.5193
34.7278
34.8941
35.0025
35.0601
35.0779
35.0645
35.0262
34.9669
34.889
34.7946
34.6849
34.5606
34.4191
34.2468
34.0072
33.6778
33.2368
32.653
31.8817
30.8717
22.4439
22.795
23.0322
23.2005
23.3268
23.4264
23.5081
23.5772
23.6371
23.69
23.7375
23.7807
23.8206
23.8579
23.8931
23.9268
23.9595
23.9916
24.0236
24.0559
24.0891
24.124
24.1612
24.202
24.248
24.3015
24.3663
24.4489
24.5605
24.7214
24.9686
25.3593
25.9269
26.3252
26.5881
26.7748
26.9249
27.0644
27.2135
27.3957
27.6457
28.0224
28.6159
29.4778
30.0692
30.4414
30.684
30.8547
30.9863
31.0986
31.205
31.3179
31.4527
31.634
31.9031
32.3239
32.9329
33.3482
33.6063
33.7702
33.8807
33.9607
34.0233
34.0769
34.1281
34.184
34.2543
34.3553
34.5153
34.7782
35.1691
35.4219
35.5616
35.6314
35.6591
35.6597
35.6415
35.609
35.5655
35.514
35.459
35.4082
35.374
35.3593
35.257
35.0609
34.7616
34.3247
33.6765
32.6876
23.2946
23.5532
23.674
23.7437
23.791
23.8264
23.8548
23.8785
23.8989
23.9168
23.9328
23.9474
23.9608
23.9733
23.9852
23.9965
24.0075
24.0182
24.029
24.0398
24.051
24.0628
24.0754
24.0893
24.1051
24.1237
24.1469
24.1778
24.2236
24.3022
24.4656
24.8826
26.1505
26.5702
26.7391
26.8269
26.8867
26.9389
26.9954
27.0702
27.1927
27.4444
28.0881
30.0526
30.6956
30.9456
31.0654
31.1359
31.1855
31.2262
31.2645
31.3065
31.3613
31.4494
31.6284
32.0845
33.4756
33.9299
34.1051
34.1873
34.2337
34.2642
34.2871
34.3064
34.3251
34.3465
34.3767
34.4295
34.5448
34.8519
35.8079
36.1116
36.2201
36.2624
36.2782
36.2809
36.276
36.266
36.2525
36.2376
36.2258
36.2311
36.2994
36.5971
36.6406
36.5914
36.4835
36.2998
35.9608
35.2107
22.4135
21.2044
19.9242
18.5771
17.1678
15.7015
14.1838
12.6203
11.0167
9.37876
7.71208
6.02212
4.31422
2.59359
0.865372
22.4871
21.2747
19.9905
18.6387
17.2243
15.7525
14.2291
12.6599
11.0507
9.40724
7.73513
6.03988
4.32681
2.6011
0.867869
22.6353
21.4163
20.1238
18.7625
17.3375
15.8547
14.3199
12.7392
11.1187
9.46406
7.7811
6.07528
4.35189
2.61607
0.872844
22.8599
21.6306
20.3254
18.9493
17.5081
16.0083
14.4561
12.858
11.2203
9.54895
7.84971
6.12807
4.38927
2.63836
0.880252
23.1639
21.9203
20.5972
19.2005
17.737
16.2137
14.6378
13.0161
11.3552
9.66144
7.94048
6.19783
4.43863
2.66778
0.890026
23.5516
22.2889
20.9419
19.518
18.025
16.4713
14.8647
13.2129
11.5228
9.8008
8.05272
6.28395
4.4995
2.70404
0.902066
24.0287
22.7411
21.363
19.9038
18.3733
16.7811
15.1365
13.4477
11.7219
9.96593
8.1854
6.38559
4.57123
2.74673
0.916238
24.603
23.283
21.8647
20.3604
18.7826
17.143
15.4521
13.7188
11.951
10.1553
8.33712
6.50157
4.65298
2.79534
0.932366
25.285
23.9223
22.4517
20.89
19.2532
17.5557
15.8094
14.0242
12.2078
10.3666
8.50601
6.6304
4.74365
2.84919
0.950228
26.0887
24.6689
23.1293
21.4939
19.7839
18.0166
16.2053
14.3602
12.4889
10.5971
8.68966
6.77018
4.84187
2.90748
0.969551
27.0335
25.5343
23.902
22.1717
20.3713
18.5209
16.6346
14.722
12.7899
10.8431
8.88504
6.9186
4.94602
2.96924
0.990015
28.1473
26.5322
24.772
22.919
21.0081
19.0606
17.0897
15.103
13.1054
11.0999
9.08857
7.07296
5.05422
3.03336
1.01126
29.4701
27.6743
25.7342
23.7237
21.6806
19.6233
17.5599
15.4944
13.4283
11.3621
9.29612
7.23022
5.16441
3.09864
1.03288
31.059
28.9598
26.7659
24.5601
22.3669
20.1912
18.0319
15.886
13.7508
11.6239
9.50326
7.38719
5.2744
3.16381
1.05447
32.9694
30.3391
27.8089
25.3831
23.0349
20.7423
18.4897
16.2664
14.0647
11.8791
9.70552
7.54066
5.38205
3.22763
1.07562
10.4557
11.3666
12.2754
13.1808
14.0817
14.9768
15.8652
16.7462
17.62
18.4879
19.3534
20.2244
21.118
22.0729
23.1956
10.4674
11.4015
12.3336
13.2624
14.1866
15.1051
16.0167
16.9207
17.8169
18.7062
19.5917
20.4809
21.3895
22.349
23.4157
10.4795
11.4377
12.394
13.3471
14.2955
15.238
16.1734
17.1004
18.0182
18.9267
19.8272
20.7236
21.6254
22.5501
23.5211
10.492
11.4753
12.4567
13.4348
14.4083
15.3758
16.3356
17.2862
18.2259
19.1527
20.0651
20.9622
21.8451
22.7186
23.5918
10.5049
11.5142
12.5215
13.5257
14.5252
15.5186
16.5041
17.4795
18.4421
19.3883
20.3133
21.2103
22.0709
22.8871
23.658
10.5183
11.5543
12.5885
13.6196
14.6463
15.6668
16.6794
17.6814
18.6694
19.6384
20.5806
21.4833
22.3272
23.0865
23.7409
10.5321
11.5956
12.6575
13.7166
14.7714
15.8204
16.8617
17.8927
18.9097
19.9069
20.8749
21.7967
22.642
23.3583
23.8743
10.5462
11.6381
12.7285
13.8163
14.9004
15.9792
17.0511
18.1136
19.1635
20.1955
21.2008
22.1628
23.0459
23.7689
24.1478
10.5606
11.6815
12.8011
13.9186
15.0328
16.1426
17.2466
18.343
19.4293
20.5022
21.5566
22.5833
23.5607
24.4179
24.8458
10.5754
11.7258
12.8752
14.0229
15.1681
16.3099
17.4473
18.5791
19.7042
20.8215
21.9313
23.0377
24.1585
25.3646
26.9718
10.5903
11.7707
12.9504
14.1289
15.3056
16.4801
17.6516
18.8197
19.9841
21.1457
22.3079
23.4816
24.6967
26.0322
27.6773
10.6054
11.816
13.0263
14.2359
15.4446
16.6521
17.8581
19.0625
20.2657
21.469
22.6761
23.8963
25.1509
26.4842
27.9682
10.6205
11.8616
13.1026
14.3435
15.5843
16.8249
18.0654
19.3059
20.547
21.7894
23.0349
24.2867
25.5498
26.8312
28.1367
10.6357
11.9072
13.1789
14.451
15.7238
16.9975
18.2724
19.5487
20.8269
22.1073
23.389
24.6688
25.9355
27.161
28.2931
10.6508
11.9525
13.2547
14.558
15.8626
17.1691
18.478
19.7899
21.1051
22.4238
23.7441
25.0595
26.3492
27.5553
28.5338
10.6657
11.9973
13.3299
14.6639
16
17.3389
18.6814
20.0284
21.3806
22.7387
24.1022
25.4675
26.8205
28.1071
29.0866
10.6804
12.0415
13.4039
14.7681
16.1351
17.5059
18.8815
20.2629
21.6517
23.0495
24.4586
25.8835
27.3376
28.8715
30.7199
10.6948
12.0849
13.4764
14.8703
16.2676
17.6694
19.0771
20.4921
21.9163
23.3521
24.8035
26.2788
27.7985
29.4171
31.271
10.7089
12.1272
13.5472
14.9699
16.3966
17.8286
19.2674
20.7146
22.1724
23.6434
25.1314
26.6428
28.1903
29.7987
31.5092
10.7226
12.1684
13.616
15.0667
16.5218
17.9829
19.4515
20.9294
22.4189
23.9224
25.4424
26.9814
28.5392
30.1086
31.6659
10.7358
12.2082
13.6825
15.1602
16.6427
18.1316
19.6287
21.1359
22.6555
24.1895
25.74
27.3062
28.8796
30.4265
31.8518
10.7486
12.2465
13.7466
15.2502
16.759
18.2745
19.7987
21.3336
22.8815
24.4449
26.026
27.6257
29.2377
30.8281
32.234
10.7609
12.2834
13.8081
15.3365
16.8703
18.4111
19.961
21.5219
23.0964
24.6874
26.2988
27.936
29.6104
31.3571
33.3295
10.7726
12.3186
13.8668
15.4189
16.9765
18.5413
20.1152
21.7004
23.2994
24.9154
26.553
28.2199
29.9323
31.7286
33.6988
10.7838
12.3522
13.9228
15.4974
17.0775
18.6648
20.2613
21.8689
23.4902
25.128
26.7864
28.4717
30.1954
31.9787
33.8534
10.7944
12.3841
13.976
15.5719
17.1732
18.7818
20.3993
22.0277
23.6692
25.3259
27.0006
28.6963
30.4166
32.1648
33.9414
10.8045
12.4143
14.0264
15.6424
17.2638
18.8922
20.5294
22.1771
23.8371
25.5109
27.1997
28.9033
30.6176
32.3305
34.0172
10.8141
12.4429
14.074
15.709
17.3492
18.9963
20.652
22.3176
23.9949
25.685
27.3881
29.1023
30.8191
32.5136
34.1236
10.823
12.4699
14.1189
15.7717
17.4296
19.0943
20.7672
22.4498
24.1435
25.8495
27.5683
29.2989
31.0355
32.7546
34.3551
10.8315
12.4952
14.1611
15.8306
17.5052
19.1863
20.8754
22.5738
24.2831
26.0046
27.7398
29.4909
31.2634
33.0773
35.0265
10.8394
12.519
14.2006
15.8859
17.576
19.2725
20.9767
22.69
24.4138
26.1497
27.8997
29.6675
31.4619
33.3054
35.2531
10.8468
12.5412
14.2376
15.9375
17.6422
19.3531
21.0714
22.7985
24.5358
26.2846
28.0466
29.825
31.6256
33.4604
35.3486
10.8537
12.5619
14.2721
15.9857
17.7039
19.4282
21.1597
22.8997
24.6493
26.4097
28.1818
29.9666
31.765
33.5778
35.4041
10.8602
12.5811
14.3041
16.0304
17.7612
19.498
21.2418
22.9938
24.755
26.5262
28.3076
30.0981
31.8938
33.685
35.4538
10.8661
12.5989
14.3337
16.0717
17.8143
19.5626
21.3178
23.0811
24.8533
26.6352
28.4266
30.2254
32.0251
33.8071
35.5267
10.8715
12.6153
14.3609
16.1098
17.8631
19.6221
21.3879
23.1618
24.9446
26.7372
28.5398
30.3516
32.1679
33.9718
35.6902
10.8765
12.6302
14.3858
16.1446
17.9077
19.6766
21.4522
23.2358
25.0286
26.8317
28.6462
30.474
32.3188
34.1952
36.1702
10.881
12.6438
14.4084
16.1761
17.9483
19.726
21.5106
23.3032
25.1051
26.9178
28.743
30.5839
32.4472
34.3495
36.3297
10.8851
12.6559
14.4286
16.2045
17.9847
19.7705
21.563
23.3637
25.1737
26.9946
28.8283
30.6776
32.548
34.4489
36.3938
10.8887
12.6667
14.4466
16.2296
18.017
19.8099
21.6096
23.4173
25.2344
27.0621
28.9021
30.7562
32.627
34.517
36.427
10.8918
12.6762
14.4623
16.2516
18.0452
19.8444
21.6503
23.4641
25.2872
27.1206
28.9656
30.8227
32.692
34.5706
36.4513
10.8945
12.6842
14.4758
16.2704
18.0694
19.8738
21.685
23.5042
25.3324
27.1707
29.02
30.8803
32.7498
34.6219
36.4798
10.8968
12.6909
14.487
16.2861
18.0895
19.8984
21.714
23.5375
25.3701
27.2128
29.0663
30.9309
32.8051
34.6825
36.5366
10.8986
12.6963
14.4959
16.2986
18.1055
19.918
21.7372
23.5642
25.4004
27.2468
29.1044
30.9742
32.8576
34.7587
36.6978
10.8999
12.7003
14.5026
16.3079
18.1175
19.9327
21.7545
23.5843
25.4232
27.2725
29.1334
31.0075
32.8973
34.8077
36.7501
10.9008
12.703
14.507
16.3141
18.1255
19.9424
21.766
23.5976
25.4384
27.2897
29.1528
31.0294
32.922
34.8338
36.7685
10.9012
12.7043
14.5092
16.3172
18.1295
19.9472
21.7717
23.6042
25.4459
27.2981
29.1622
31.0397
32.9326
34.8433
36.7734
10.9012
12.7043
14.5092
16.3171
18.1293
19.9471
21.7716
23.604
25.4457
27.2979
29.1618
31.0388
32.9303
34.8388
36.7681
10.9008
12.7029
14.5069
16.3139
18.1252
19.942
21.7655
23.5971
25.4378
27.289
29.1518
31.0271
32.9157
34.819
36.7449
10.8999
12.7002
14.5024
16.3076
18.117
19.932
21.7536
23.5833
25.4223
27.2717
29.1326
31.0057
32.8903
34.7829
36.6693
10.8985
12.6962
14.4956
16.2981
18.1048
19.917
21.7359
23.5628
25.3991
27.2459
29.1045
30.9756
32.8587
34.7504
36.6412
10.8967
12.6908
14.4867
16.2855
18.0886
19.8971
21.7123
23.5355
25.3681
27.2116
29.0673
30.9367
32.8206
34.718
36.6245
10.8945
12.6842
14.4756
16.2699
18.0684
19.8723
21.6827
23.5012
25.3292
27.1682
29.0201
30.8872
32.7724
34.6787
36.607
10.8919
12.6762
14.4623
16.2513
18.0443
19.8426
21.6474
23.4601
25.2822
27.1154
28.9618
30.8246
32.7089
34.6234
36.5797
10.8888
12.667
14.4469
16.2296
18.0163
19.8081
21.6062
23.4121
25.2271
27.053
28.8917
30.7466
32.6239
34.5384
36.5241
10.8854
12.6566
14.4295
16.2051
17.9845
19.7689
21.5594
23.3574
25.1642
26.9812
28.8099
30.6524
32.5126
34.4033
36.3834
10.8815
12.645
14.4101
16.1777
17.9491
19.7252
21.5072
23.2963
25.0938
26.9008
28.718
30.5454
32.3795
34.2054
35.958
10.8773
12.6323
14.3887
16.1477
17.9101
19.6771
21.4497
23.2291
25.0165
26.8128
28.6187
30.4332
32.2516
34.0579
35.8125
10.8727
12.6184
14.3656
16.1151
17.8678
19.6249
21.3872
23.1561
24.9325
26.7177
28.5128
30.318
32.1313
33.9458
35.7461
10.8677
12.6036
14.3407
16.08
17.8224
19.5687
21.32
23.0774
24.842
26.6155
28.3995
30.1965
32.0098
33.8431
35.6981
10.8625
12.5878
14.3142
16.0427
17.774
19.5089
21.2483
22.9933
24.7452
26.5054
28.2766
30.0632
31.8738
33.7246
35.6402
10.8569
12.5711
14.2863
16.0033
17.7228
19.4456
21.1724
22.9042
24.6421
26.3874
28.1427
29.9128
31.7093
33.5605
35.534
10.8511
12.5536
14.257
15.962
17.6692
19.3793
21.0929
22.8106
24.5334
26.262
27.9979
29.7436
31.5062
33.311
35.2721
10.845
12.5354
14.2266
15.9191
17.6135
19.3103
21.0101
22.7133
24.4203
26.1313
27.8459
29.5623
31.2733
32.9523
34.482
10.8388
12.5166
14.1951
15.8747
17.5559
19.2391
20.9247
22.613
24.304
25.9976
27.6923
29.3842
31.0622
32.6968
34.2178
10.8323
12.4972
14.1627
15.8291
17.4967
19.166
20.8372
22.5104
24.1857
25.8627
27.5403
29.2154
30.8805
32.5198
34.1065
10.8258
12.4774
14.1295
15.7824
17.4363
19.0914
20.748
22.4061
24.0658
25.7271
27.3896
29.053
30.7164
32.3787
34.0389
10.819
12.4572
14.0958
15.7349
17.3748
19.0156
20.6574
22.3004
23.9446
25.5902
27.238
28.8901
30.5525
32.2385
33.9722
10.8122
12.4368
14.0615
15.6868
17.3125
18.9389
20.5659
22.1936
23.822
25.4514
27.0829
28.7198
30.3716
32.0649
33.8647
10.8053
12.416
14.0269
15.6381
17.2496
18.8615
20.4736
22.0859
23.6984
25.3109
26.9238
28.5386
30.1615
31.8167
33.6133
10.7984
12.3952
13.992
15.5891
17.1863
18.7836
20.3809
21.978
23.5744
25.1697
26.7628
28.3514
29.9285
31.4699
32.8666
10.7914
12.3741
13.957
15.5399
17.1228
18.7056
20.2882
21.8701
23.451
25.0298
26.6047
28.1716
29.72
31.223
32.6157
10.7843
12.353
13.9217
15.4905
17.0592
18.6276
20.1956
21.7628
23.3286
24.8921
26.4517
28.0042
29.5426
31.0523
32.5095
10.7773
12.3318
13.8864
15.441
16.9955
18.5497
20.1034
21.6562
23.2076
24.7569
26.3034
27.8462
29.3845
30.9176
32.4454
10.7702
12.3106
13.851
15.3915
16.9319
18.472
20.0117
21.5504
23.0877
24.6233
26.1572
27.6909
29.2297
30.7862
32.3832
10.7631
12.2893
13.8155
15.3419
16.8683
18.3945
19.9203
21.4452
22.9687
24.4905
26.0107
27.5318
29.0622
30.6262
32.2845
10.7559
12.2678
13.7799
15.2922
16.8046
18.3171
19.8293
21.3407
22.8507
24.3585
25.8634
27.3659
28.8708
30.4003
32.0551
10.7487
12.2463
13.7441
15.2422
16.7408
18.2397
19.7386
21.237
22.734
24.2281
25.7173
27.1978
28.662
30.0868
31.3736
10.7414
12.2245
13.7079
15.1919
16.6766
18.1621
19.648
21.134
22.6189
24.101
25.5769
27.0407
28.4803
29.8689
31.1474
10.7341
12.2023
13.6712
15.1409
16.6118
18.0839
19.5573
21.0314
22.5055
23.9777
25.4446
26.9001
28.3335
29.7269
31.0565
10.7265
12.1798
13.6338
15.089
16.5459
18.0047
19.4657
20.9288
22.3933
23.8579
25.3198
26.7744
28.2141
29.6287
31.0102
10.7188
12.1567
13.5955
15.0359
16.4785
17.9239
19.3726
20.8248
22.2807
23.7395
25.1999
26.6588
28.1117
29.5531
30.98
10.7108
12.1329
13.5561
14.9812
16.4091
17.8406
19.2767
20.7181
22.1657
23.6199
25.0806
26.547
28.0168
29.4873
30.9557
10.7026
12.1082
13.5152
14.9245
16.337
17.7541
19.1769
20.6069
22.0459
23.4954
24.9571
26.4323
27.9212
29.4224
30.9325
10.6941
12.0826
13.4727
14.8653
16.2617
17.6633
19.0718
20.4893
21.9184
23.3621
24.824
26.3078
27.8166
29.3511
30.9068
10.6852
12.056
13.4283
14.8035
16.1826
17.5676
18.9603
20.3635
21.7805
23.216
24.6754
26.1656
27.6937
29.2645
30.8746
10.6759
12.0282
13.382
14.7386
16.0995
17.4662
18.8413
20.2277
21.6297
23.0529
24.5051
25.9968
27.5408
29.1504
30.8292
10.6663
11.9992
13.3337
14.6708
16.012
17.359
18.7142
20.081
21.4638
22.8694
24.3071
25.7912
27.342
28.9877
30.7551
10.6563
11.9692
13.2835
14.6001
15.9204
17.2459
18.579
19.9228
21.282
22.6632
24.0767
25.5388
27.0771
28.7401
30.611
10.646
11.9383
13.2316
14.5268
15.8249
17.1274
18.4361
19.7538
21.0846
22.4344
23.8122
25.2333
26.7251
28.3477
30.2687
34.8897
31.5107
28.6685
26.0656
23.5958
21.2103
18.8821
16.5948
14.3373
12.1018
9.88261
7.6754
5.47676
3.28385
1.09426
35.4968
32.2024
29.2832
26.5931
24.0466
21.5953
19.2101
16.8724
14.5695
12.2926
10.0351
7.79179
5.55875
3.33261
1.11044
35.7498
32.6329
29.7382
27.0203
24.4309
21.9341
19.5047
17.1253
14.7834
12.4698
10.1774
7.90091
5.63586
3.37854
1.12569
35.8768
32.9083
30.0697
27.3576
24.7504
22.2255
19.7642
17.3519
14.9774
12.6318
10.3085
8.00193
5.70748
3.42129
1.1399
35.9512
33.0927
30.3129
27.6216
25.0122
22.4723
19.9893
17.5519
15.1508
12.7782
10.4278
8.09433
5.77324
3.46065
1.15301
35.9997
33.2219
30.4939
27.8281
25.2251
22.6792
20.1823
17.7264
15.3042
12.909
10.5352
8.17796
5.833
3.4965
1.16495
36.0336
33.3158
30.6309
27.9905
25.398
22.8514
20.3463
17.8772
15.4384
13.0245
10.6308
8.25289
5.88676
3.52884
1.17575
36.0585
33.3862
30.7365
28.1191
25.5383
22.9944
20.485
18.0066
15.5549
13.1259
10.7153
8.31945
5.93471
3.55776
1.18541
36.0774
33.4402
30.819
28.2217
25.6526
23.1129
20.6018
18.117
15.6555
13.2141
10.7894
8.37811
5.97714
3.58341
1.19399
36.092
33.4823
30.8843
28.3041
25.7459
23.2112
20.6999
18.2108
15.7418
13.2904
10.8539
8.42946
6.01442
3.60601
1.20156
36.1035
33.5157
30.9364
28.3708
25.8223
23.2926
20.7821
18.2902
15.8155
13.3561
10.9097
8.47415
6.04697
3.62578
1.20819
36.1126
33.5424
30.9785
28.4251
25.8851
23.3602
20.851
18.3574
15.8783
13.4124
10.9579
8.51283
6.07523
3.64299
1.21397
36.12
33.5639
31.0126
28.4694
25.9368
23.4163
20.9088
18.4141
15.9317
13.4605
10.9992
8.54617
6.09966
3.65789
1.21898
36.126
33.5815
31.0405
28.5058
25.9796
23.4631
20.9571
18.4619
15.9769
13.5015
11.0346
8.57478
6.12069
3.67074
1.2233
36.1309
33.5958
31.0634
28.5359
26.015
23.502
20.9976
18.5021
16.0152
13.5364
11.0647
8.59927
6.13873
3.68178
1.22701
36.1349
33.6076
31.0822
28.5607
26.0444
23.5344
21.0315
18.5359
16.0475
13.5659
11.0904
8.62016
6.15414
3.69122
1.2302
36.1382
33.6173
31.0978
28.5812
26.0688
23.5615
21.0599
18.5644
16.0748
13.5909
11.1122
8.63794
6.16729
3.69929
1.23291
36.1409
33.6253
31.1107
28.5983
26.0891
23.5841
21.0837
18.5883
16.0978
13.6121
11.1307
8.65304
6.17846
3.70615
1.23523
36.1432
33.632
31.1214
28.6124
26.1061
23.603
21.1037
18.6084
16.1172
13.6299
11.1463
8.66583
6.18795
3.71198
1.23719
36.145
33.6375
31.1303
28.6243
26.1202
23.6188
21.1204
18.6253
16.1335
13.645
11.1595
8.67665
6.19598
3.71692
1.23886
36.1466
33.6421
31.1377
28.6341
26.132
23.632
21.1344
18.6394
16.1472
13.6577
11.1706
8.68579
6.20277
3.7211
1.24027
36.1479
33.6459
31.1438
28.6423
26.1419
23.643
21.1461
18.6513
16.1587
13.6683
11.18
8.69349
6.20849
3.72463
1.24146
36.149
33.6491
31.1489
28.6491
26.1501
23.6522
21.1559
18.6612
16.1683
13.6773
11.1879
8.69997
6.21331
3.7276
1.24247
36.1499
33.6517
31.1532
28.6548
26.1569
23.6599
21.164
18.6695
16.1764
13.6848
11.1945
8.7054
6.21736
3.73009
1.24331
36.1506
33.6539
31.1567
28.6595
26.1626
23.6663
21.1709
18.6764
16.1832
13.691
11.2
8.70995
6.22074
3.73218
1.24401
36.1512
33.6557
31.1597
28.6634
26.1673
23.6716
21.1765
18.6822
16.1888
13.6962
11.2046
8.71373
6.22357
3.73392
1.2446
36.1517
33.6572
31.1621
28.6667
26.1712
23.676
21.1812
18.6869
16.1934
13.7005
11.2084
8.71687
6.22591
3.73536
1.24509
36.1521
33.6585
31.1641
28.6693
26.1744
23.6796
21.185
18.6909
16.1972
13.7041
11.2115
8.71945
6.22783
3.73655
1.24549
36.1525
33.6595
31.1657
28.6715
26.177
23.6825
21.1881
18.694
16.2003
13.707
11.2141
8.72154
6.22939
3.73752
1.24582
36.1528
33.6603
31.167
28.6732
26.1791
23.6849
21.1906
18.6966
16.2028
13.7093
11.2161
8.72322
6.23064
3.73828
1.24608
36.153
33.6609
31.168
28.6746
26.1807
23.6867
21.1926
18.6986
16.2047
13.7111
11.2177
8.72452
6.23161
3.73888
1.24628
36.1531
33.6614
31.1688
28.6756
26.182
23.6881
21.1941
18.7
16.2061
13.7124
11.2188
8.72548
6.23232
3.73932
1.24643
36.1533
33.6617
31.1693
28.6763
26.1828
23.689
21.1951
18.7011
16.2071
13.7133
11.2196
8.72614
6.23281
3.73962
1.24653
36.1533
33.6619
31.1697
28.6768
26.1834
23.6896
21.1957
18.7017
16.2077
13.7138
11.2201
8.7265
6.23307
3.73978
1.24658
36.1534
33.6621
31.1699
28.677
26.1836
23.6899
21.1959
18.7019
16.2079
13.714
11.2202
8.72657
6.23313
3.73981
1.24659
36.1534
33.6621
31.1699
28.677
26.1836
23.6898
21.1958
18.7017
16.2076
13.7137
11.2199
8.72636
6.23296
3.73971
1.24656
36.1534
33.662
31.1697
28.6768
26.1832
23.6893
21.1952
18.7011
16.207
13.7131
11.2194
8.72585
6.23257
3.73947
1.24647
36.1533
33.6618
31.1695
28.6763
26.1826
23.6885
21.1943
18.7
16.2059
13.712
11.2184
8.72502
6.23194
3.73907
1.24634
36.1532
33.6616
31.1691
28.6757
26.1817
23.6874
21.1929
18.6985
16.2043
13.7105
11.217
8.72384
6.23104
3.73851
1.24615
36.1532
33.6614
31.1686
28.6749
26.1805
23.6858
21.191
18.6964
16.2022
13.7084
11.2151
8.72224
6.22984
3.73776
1.2459
36.1531
33.6612
31.1681
28.6739
26.179
23.6838
21.1886
18.6937
16.1994
13.7057
11.2126
8.72019
6.22828
3.73679
1.24557
36.1532
33.6612
31.1677
28.6728
26.1772
23.6813
21.1855
18.6903
16.1959
13.7023
11.2095
8.71758
6.22632
3.73557
1.24515
36.1534
33.6615
31.1675
28.6717
26.175
23.6781
21.1816
18.686
16.1914
13.698
11.2056
8.71433
6.22388
3.73406
1.24464
36.1541
33.6626
31.1679
28.6707
26.1725
23.6742
21.1768
18.6805
16.1858
13.6926
11.2008
8.71032
6.22087
3.7322
1.24401
36.1558
33.6653
31.1693
28.6699
26.1694
23.6693
21.1706
18.6737
16.1788
13.686
11.1949
8.70541
6.2172
3.72994
1.24325
36.1602
33.6713
31.1724
28.6693
26.1654
23.6629
21.1627
18.6651
16.1702
13.6778
11.1877
8.69944
6.21277
3.72721
1.24233
36.1726
33.6833
31.1779
28.6685
26.1601
23.6545
21.1526
18.6542
16.1594
13.6678
11.1789
8.69224
6.20744
3.72393
1.24122
36.2102
33.706
31.1855
28.6665
26.1522
23.6432
21.1395
18.6406
16.1462
13.6556
11.1682
8.68362
6.20108
3.72005
1.23992
36.3358
33.7392
31.1913
28.6606
26.1401
23.6278
21.1226
18.6235
16.1299
13.6408
11.1555
8.67337
6.19357
3.71547
1.23838
36.3065
33.7378
31.1848
28.647
26.1218
23.607
21.1009
18.6024
16.1101
13.6231
11.1405
8.66131
6.18478
3.71012
1.23658
36.2947
33.725
31.167
28.6242
26.0958
23.5796
21.0737
18.5765
16.0864
13.6022
11.1228
8.64724
6.17456
3.70393
1.23451
36.2846
33.7033
31.1379
28.5909
26.0607
23.5446
21.0401
18.5452
16.0582
13.5777
11.1023
8.63099
6.16282
3.69683
1.23213
36.2701
33.6699
31.0956
28.5455
26.0153
23.501
20.9995
18.5082
16.0253
13.5493
11.0787
8.61243
6.14945
3.68876
1.22944
36.2443
33.6181
31.0357
28.4856
25.9584
23.4482
20.9513
18.465
15.9874
13.5168
11.0519
8.59143
6.13438
3.67969
1.22641
36.1895
33.535
30.953
28.4094
25.8892
23.3858
20.8953
18.4154
15.9442
13.4801
11.0217
8.56793
6.11755
3.66958
1.22304
36.0492
33.401
30.843
28.3163
25.8079
23.3138
20.8316
18.3595
15.8958
13.4392
10.9883
8.54189
6.09895
3.65841
1.21931
35.6241
33.2038
30.7107
28.2099
25.7163
23.2332
20.7605
18.2973
15.8422
13.394
10.9514
8.51331
6.07856
3.64619
1.21524
35.4787
33.0567
30.5831
28.098
25.6169
23.1449
20.6825
18.2291
15.7836
13.3448
10.9113
8.48222
6.05642
3.63293
1.21082
35.4123
32.9447
30.463
27.9827
25.5109
23.0494
20.5978
18.1552
15.7201
13.2914
10.868
8.44869
6.03256
3.61865
1.20607
35.3644
32.8419
30.3414
27.861
25.3972
22.9465
20.5066
18.0756
15.6519
13.2343
10.8216
8.41282
6.00705
3.60339
1.20099
35.3065
32.7233
30.2052
27.7274
25.2738
22.8358
20.4089
17.9906
15.5792
13.1734
10.7722
8.37471
5.97997
3.5872
1.1956
35.2002
32.5591
30.0403
27.5765
25.1392
22.717
20.3049
17.9005
15.5023
13.1092
10.7202
8.33453
5.95143
3.57014
1.18992
34.9381
32.3093
29.8369
27.4068
24.9937
22.5908
20.1952
17.8058
15.4216
13.0418
10.6656
8.29243
5.92153
3.55226
1.18398
34.148
31.9503
29.6034
27.2247
24.8408
22.4589
20.0809
17.7072
15.3376
12.9717
10.6088
8.24859
5.89039
3.53365
1.17778
33.8837
31.6944
29.3916
27.0457
24.6861
22.324
19.9633
17.6055
15.2508
12.8991
10.55
8.20321
5.85815
3.51437
1.17137
33.7721
31.5169
29.2092
26.8758
24.5328
22.1876
19.8434
17.5013
15.1617
12.8245
10.4895
8.15646
5.82492
3.49449
1.16475
33.7043
31.3752
29.0441
26.7121
24.3806
22.0502
19.7217
17.3951
15.0706
12.7481
10.4275
8.10851
5.79081
3.47409
1.15796
33.6374
31.2343
28.879
26.5478
24.2271
21.9113
19.5982
17.2871
14.9778
12.6703
10.3642
8.05952
5.75595
3.45322
1.15102
33.5297
31.0599
28.6968
26.3756
24.0699
21.7701
19.473
17.1776
14.8837
12.5911
10.2998
8.00962
5.72041
3.43194
1.14393
33.2779
30.8107
28.4851
26.1922
23.9081
21.6266
19.3463
17.0669
14.7884
12.5109
10.2344
7.95891
5.68427
3.41029
1.13671
32.5308
30.4626
28.2502
26.0024
23.7441
21.482
19.2187
16.9552
14.6921
12.4297
10.1682
7.9075
5.64759
3.38829
1.12939
32.2794
30.2143
28.0393
25.8196
23.5822
21.3379
19.0908
16.8429
14.5951
12.3478
10.1012
7.85542
5.6104
3.36598
1.12195
32.1727
30.0419
27.8591
25.6485
23.4249
21.1954
18.9633
16.7304
14.4975
12.2651
10.0335
7.8027
5.5727
3.34334
1.1144
32.1078
29.9051
27.6977
25.4861
23.2712
21.0542
18.8361
16.6176
14.3993
12.1817
9.96503
7.7493
5.53448
3.32038
1.10674
32.0447
29.7712
27.5389
25.3255
23.1187
20.9136
18.7088
16.5043
14.3004
12.0975
9.89575
7.69517
5.49567
3.29704
1.09895
31.9451
29.6081
27.3664
25.1599
22.9646
20.7724
18.5811
16.3904
14.2007
12.0123
9.82549
7.64017
5.45619
3.27326
1.09101
31.7143
29.3785
27.1692
24.9862
22.8081
20.6303
18.4526
16.2755
14.0998
11.9259
9.75403
7.58411
5.41589
3.24898
1.0829
31.0313
29.0605
26.9532
24.8088
22.651
20.4879
18.3233
16.1594
13.9974
11.8379
9.68106
7.52676
5.3746
3.22408
1.07458
30.8032
28.837
26.7626
24.6402
22.4972
20.3462
18.1933
16.0418
13.8931
11.7478
9.6062
7.4678
5.3321
3.19843
1.066
30.7099
28.6881
26.6049
24.4855
22.3486
20.2055
18.0622
15.9219
13.7861
11.6552
9.52893
7.40684
5.28812
3.17187
1.05712
30.6606
28.5813
26.472
24.3426
22.2041
20.0646
17.9286
15.7986
13.6755
11.559
9.44865
7.34345
5.24235
3.14422
1.04787
30.6267
28.4948
26.3527
24.2057
22.0601
19.9209
17.7907
15.6705
13.56
11.4585
9.36463
7.27709
5.19445
3.11528
1.0382
30.5975
28.415
26.2365
24.0673
21.9113
19.7706
17.6455
15.5353
13.4382
11.3524
9.27608
7.20722
5.14405
3.08486
1.02803
30.5678
28.3319
26.1136
23.9194
21.7515
19.6091
17.4899
15.3906
13.3083
11.2397
9.1822
7.1333
5.09082
3.05276
1.0173
30.5333
28.2362
25.9735
23.7529
21.5737
19.4314
17.3201
15.2341
13.1686
11.1191
9.0822
7.05483
5.03444
3.01882
1.00597
30.4886
28.1162
25.8037
23.5572
21.37
19.2318
17.1323
15.0632
13.0175
10.9897
8.97545
6.9714
4.97468
2.98291
0.99399
30.4239
27.9542
25.5878
23.32
21.132
19.0049
16.9234
14.8759
12.8537
10.8506
8.86151
6.88278
4.91141
2.94497
0.981349
30.3168
27.72
25.3031
23.0271
20.8514
18.7461
16.6905
14.6707
12.6767
10.7016
8.74027
6.78895
4.84466
2.90503
0.968053
30.1068
27.3606
24.9202
22.6642
20.5216
18.4524
16.4326
14.4473
12.4863
10.5428
8.61196
6.69013
4.77459
2.8632
0.954145
29.6062
26.7884
24.4088
22.2221
20.1406
18.1242
16.1507
14.2067
12.2835
10.3751
8.47727
6.58685
4.70159
2.81969
0.939694
10.6344
11.9034
13.173
14.4438
15.7165
16.992
18.2718
19.5578
20.8528
22.1609
23.488
24.8428
26.2377
27.6876
29.1895
10.6215
11.8647
13.1079
14.3513
15.5952
16.8399
18.0861
19.3345
20.5864
21.8431
23.1062
24.3762
25.6505
26.915
28.1233
10.6086
11.8258
13.0424
14.2582
15.4729
16.6862
17.8979
19.1076
20.3149
21.5187
22.717
23.9049
25.0724
26.1983
27.2413
10.5959
11.7873
12.9777
14.1661
15.3518
16.5339
17.7113
18.8828
20.0464
21.1995
22.3377
23.4537
24.5356
25.564
26.5101
10.5835
11.75
12.9147
14.0765
15.2341
16.386
17.5306
18.6656
19.7883
20.895
21.9801
23.0361
24.0517
25.0116
25.8964
10.5717
11.7143
12.8546
13.9911
15.122
16.2454
17.359
18.4603
19.5459
20.6115
21.6515
22.6585
23.6231
24.5337
25.3771
10.5606
11.6808
12.7983
13.9111
15.0172
16.1142
17.1997
18.2706
19.3232
20.3533
21.3554
22.323
23.2483
24.1224
24.9363
10.5504
11.6501
12.7466
13.8378
14.9212
15.9945
17.0547
18.0988
19.1229
20.1228
21.0936
22.0295
22.9241
23.7707
24.5629
10.5412
11.6224
12.7002
13.772
14.8354
15.8876
16.9258
17.9466
18.9464
19.9211
20.8662
21.7768
22.6476
23.4732
24.2488
10.5332
11.5982
12.6595
13.7145
14.7605
15.7947
16.814
17.8152
18.7947
19.7487
20.6732
21.5636
22.4157
23.2252
23.9882
10.5263
11.5777
12.6252
13.6659
14.6973
15.7164
16.7201
17.7052
18.6682
19.6057
20.5137
21.3885
22.2262
23.0233
23.7767
10.5208
11.5611
12.5973
13.6267
14.6463
15.6533
16.6446
17.617
18.5672
19.4917
20.3871
21.25
22.0769
22.8647
23.6109
10.5167
11.5486
12.5763
13.597
14.6078
15.6058
16.5878
17.5508
18.4915
19.4066
20.2929
21.1471
21.9662
22.7475
23.4885
10.5139
11.5401
12.5622
13.5771
14.5821
15.574
16.5499
17.5066
18.441
19.35
20.2303
21.079
21.8931
22.6701
23.4078
10.5124
11.5359
12.5551
13.5672
14.5691
15.5581
16.5309
17.4845
18.4159
19.3218
20.1992
21.0451
21.8567
22.6317
23.3677
30.4637
30.8938
31.0921
31.2048
31.2797
31.3348
31.3781
31.4134
31.443
31.4684
31.4903
31.5096
31.5266
31.5417
31.5553
31.5674
31.5783
31.5882
31.5971
31.6052
31.6125
31.6192
31.6252
31.6307
31.6357
31.6402
31.6443
31.6479
31.6513
31.6543
31.657
31.6594
31.6616
31.6635
31.6651
31.6666
31.6678
31.6689
31.6697
31.6704
31.6709
31.6712
31.6713
31.6713
31.6711
31.6707
31.6702
31.6695
31.6685
31.6674
31.6661
31.6646
31.6629
31.6609
31.6587
31.6562
31.6534
31.6503
31.6468
31.643
31.6388
31.6342
31.6292
31.6236
31.6174
31.6107
31.6033
31.5952
31.5862
31.5764
31.5656
31.5537
31.5406
31.5261
31.5101
31.4922
31.4724
31.4503
31.4253
31.3972
31.365
31.3279
31.2846
31.2329
31.1696
31.0889
30.9792
30.8141
30.5236
29.8933
29.0615
29.6366
30.0211
30.2902
30.489
30.6432
30.7673
30.87
30.9568
31.0315
31.0964
31.1535
31.204
31.249
31.2893
31.3255
31.3581
31.3875
31.4141
31.4382
31.4601
31.48
31.498
31.5143
31.5292
31.5426
31.5548
31.5659
31.5759
31.5848
31.5929
31.6001
31.6066
31.6122
31.6172
31.6216
31.6253
31.6284
31.6309
31.6329
31.6344
31.6354
31.6358
31.6357
31.6351
31.634
31.6323
31.6302
31.6274
31.6241
31.6202
31.6157
31.6105
31.6045
31.5979
31.5904
31.5821
31.5728
31.5625
31.5512
31.5387
31.5249
31.5097
31.493
31.4747
31.4546
31.4324
31.4082
31.3815
31.3522
31.3199
31.2844
31.2453
31.202
31.1542
31.1012
31.0422
30.9763
30.9023
30.8187
30.7236
30.6144
30.4873
30.337
30.1554
29.9298
29.6387
29.2447
28.6816
27.8391
28.0587
28.6534
29.1156
29.476
29.7622
29.9943
30.1865
30.3487
30.4875
30.6079
30.7133
30.8062
30.8888
30.9625
31.0286
31.0881
31.1417
31.1902
31.2341
31.2738
31.3099
31.3427
31.3725
31.3995
31.424
31.4463
31.4665
31.4847
31.5012
31.516
31.5294
31.5413
31.552
31.5614
31.5696
31.5768
31.5829
31.5881
31.5923
31.5956
31.598
31.5996
31.6003
31.6002
31.5992
31.5973
31.5946
31.591
31.5865
31.581
31.5745
31.567
31.5584
31.5486
31.5376
31.5252
31.5115
31.4961
31.4792
31.4604
31.4397
31.4169
31.3918
31.3642
31.3339
31.3006
31.2641
31.224
31.1799
31.1315
31.0782
31.0197
30.9551
30.8839
30.8053
30.7181
30.6212
30.5132
30.3923
30.2562
30.102
29.9259
29.7227
29.4854
29.2041
28.8644
28.4457
27.9181
27.2414
26.3706
27.269
27.8605
28.356
28.7683
29.1124
29.4021
29.6485
29.8604
30.0443
30.2053
30.3473
30.4733
30.5857
30.6864
30.7768
30.8584
30.9321
30.9988
31.0593
31.1141
31.1639
31.2092
31.2503
31.2876
31.3215
31.3523
31.3802
31.4054
31.4282
31.4488
31.4672
31.4837
31.4985
31.5115
31.5229
31.5328
31.5413
31.5485
31.5543
31.5589
31.5622
31.5644
31.5654
31.5652
31.5638
31.5613
31.5575
31.5525
31.5463
31.5387
31.5297
31.5193
31.5074
31.4938
31.4786
31.4615
31.4424
31.4212
31.3977
31.3717
31.3431
31.3115
31.2768
31.2387
31.1967
31.1507
31.1002
31.0448
30.9839
30.9171
30.8436
30.7629
30.674
30.576
30.4679
30.3483
30.2156
30.0682
29.9036
29.7191
29.5113
29.2757
29.0067
28.6967
28.3362
27.9124
27.4088
26.8055
26.0802
25.2145
26.6206
27.2052
27.7159
28.1582
28.5405
28.8717
29.1597
29.4117
29.6333
29.8294
30.0037
30.1593
30.2988
30.4242
30.5373
30.6395
30.7319
30.8158
30.8919
30.961
31.0238
31.0809
31.1328
31.18
31.2229
31.2618
31.297
31.329
31.3578
31.3838
31.4072
31.4281
31.4467
31.4632
31.4777
31.4903
31.501
31.5101
31.5175
31.5233
31.5275
31.5302
31.5315
31.5312
31.5295
31.5263
31.5215
31.5152
31.5073
31.4977
31.4863
31.4731
31.458
31.4409
31.4215
31.3999
31.3757
31.3489
31.3191
31.2862
31.25
31.2101
31.1661
31.1179
31.0648
31.0067
30.9428
30.8727
30.7959
30.7115
30.6189
30.5171
30.4052
30.2821
30.1464
29.9966
29.8308
29.6471
29.4429
29.2151
28.96
28.6731
28.3488
27.9802
27.5589
27.0744
26.5151
25.868
25.1208
24.2655
26.078
26.6557
27.1735
27.634
28.0418
28.4027
28.7223
29.006
29.2587
29.4843
29.6864
29.868
30.0316
30.1792
30.3128
30.4338
30.5436
30.6433
30.7339
30.8163
30.8913
30.9595
31.0216
31.078
31.1293
31.1758
31.2181
31.2563
31.2909
31.3221
31.3501
31.3751
31.3975
31.4172
31.4346
31.4497
31.4626
31.4734
31.4823
31.4892
31.4943
31.4976
31.4991
31.4988
31.4967
31.4928
31.4871
31.4795
31.47
31.4585
31.4449
31.4291
31.411
31.3904
31.3672
31.3412
31.3123
31.2801
31.2444
31.205
31.1615
31.1137
31.0611
31.0032
30.9398
30.8701
30.7937
30.7099
30.618
30.5172
30.4067
30.2853
30.1521
30.0057
29.8445
29.6671
29.4713
29.255
29.0155
28.7497
28.4539
28.1238
27.7543
27.3392
26.8717
26.3439
25.7473
25.0739
24.3165
23.4715
25.6203
26.1921
26.7132
27.185
27.6102
27.9925
28.336
28.6446
28.9223
29.1724
29.3981
29.602
29.7866
29.9539
30.1058
30.2437
30.3691
30.4833
30.5871
30.6817
30.7679
30.8463
30.9177
30.9827
31.0418
31.0955
31.1442
31.1883
31.2282
31.2642
31.2965
31.3255
31.3512
31.3741
31.3941
31.4115
31.4264
31.4389
31.4492
31.4572
31.4631
31.4669
31.4686
31.4682
31.4658
31.4614
31.4548
31.446
31.435
31.4217
31.406
31.3877
31.3668
31.343
31.3163
31.2863
31.2528
31.2156
31.1744
31.1289
31.0788
31.0235
30.9628
30.8961
30.8229
30.7426
30.6546
30.5581
30.4523
30.3364
30.2093
30.0701
29.9173
29.7497
29.5656
29.3633
29.1408
28.8957
28.6254
28.3269
27.9967
27.6307
27.2246
26.7731
26.2708
25.7117
25.0899
24.4
23.638
22.8019
25.2342
25.8009
26.3235
26.8025
27.2398
27.6377
27.9992
28.3273
28.625
28.8951
29.1404
29.3633
29.5659
29.7503
29.9181
30.071
30.2103
30.3373
30.4531
30.5587
30.6549
30.7426
30.8226
30.8953
30.9615
31.0217
31.0763
31.1258
31.1705
31.2109
31.2472
31.2797
31.3086
31.3342
31.3567
31.3763
31.393
31.4071
31.4186
31.4276
31.4342
31.4385
31.4404
31.44
31.4373
31.4323
31.4249
31.415
31.4027
31.3877
31.3701
31.3496
31.3261
31.2994
31.2693
31.2356
31.198
31.1563
31.11
31.059
31.0027
30.9407
30.8725
30.7977
30.7156
30.6256
30.527
30.4189
30.3006
30.1709
30.029
29.8736
29.7033
29.5168
29.3123
29.0881
28.8422
28.5721
28.2754
27.9492
27.5902
27.195
26.7596
26.2797
25.7511
25.1692
24.5299
23.8295
23.0655
22.2371
24.9104
25.4729
25.9959
26.4797
26.9255
27.3349
27.71
28.0532
28.3667
28.6531
28.9145
29.1531
29.371
29.5699
29.7515
29.9173
30.0687
30.2069
30.3332
30.4484
30.5536
30.6495
30.737
30.8167
30.8893
30.9552
31.0151
31.0694
31.1185
31.1628
31.2027
31.2383
31.2701
31.2983
31.323
31.3444
31.3628
31.3783
31.3909
31.4008
31.4081
31.4128
31.4149
31.4145
31.4115
31.406
31.3978
31.387
31.3734
31.357
31.3376
31.3151
31.2893
31.2599
31.2269
31.1899
31.1486
31.1027
31.052
30.9959
30.9341
30.866
30.7912
30.7092
30.6191
30.5204
30.4123
30.2939
30.1644
30.0226
29.8675
29.6978
29.5122
29.3091
29.0869
28.8437
28.5776
28.2863
27.9673
27.618
27.2355
26.8165
26.3579
25.8561
25.3076
24.709
24.0573
23.35
22.5856
21.7634
24.6423
25.2013
25.7242
26.2112
26.6631
27.0809
27.4663
27.8211
28.1471
28.4464
28.7208
28.9723
29.2028
29.4138
29.6069
29.7836
29.9453
30.0932
30.2285
30.352
30.4649
30.568
30.6621
30.7478
30.8259
30.8969
30.9614
31.0199
31.0728
31.1206
31.1635
31.202
31.2362
31.2666
31.2932
31.3164
31.3362
31.3529
31.3665
31.3772
31.3851
31.3901
31.3924
31.3919
31.3887
31.3827
31.374
31.3623
31.3477
31.3299
31.309
31.2847
31.2568
31.2252
31.1895
31.1496
31.1051
31.0556
31.0009
30.9404
30.8738
30.8004
30.7198
30.6314
30.5344
30.4282
30.3118
30.1845
30.0452
29.8929
29.7264
29.5444
29.3455
29.1283
28.891
28.6318
28.3487
28.0396
27.7023
27.3341
26.9325
26.4947
26.0179
25.4991
24.9356
24.3248
23.6643
22.9524
22.1881
21.3712
24.4249
24.9811
25.5038
25.9929
26.4491
26.8731
27.2662
27.6298
27.9654
28.2748
28.5595
28.8214
29.0619
29.2827
29.4853
29.6711
29.8413
29.9972
30.1399
30.2704
30.3898
30.4989
30.5984
30.6892
30.772
30.8473
30.9157
30.9778
31.0339
31.0846
31.1301
31.171
31.2074
31.2396
31.2679
31.2925
31.3135
31.3312
31.3457
31.3571
31.3654
31.3707
31.3732
31.3727
31.3693
31.3629
31.3536
31.3412
31.3257
31.3068
31.2846
31.2588
31.2292
31.1956
31.1577
31.1153
31.068
31.0155
30.9574
30.8932
30.8224
30.7446
30.6591
30.5653
30.4624
30.3498
30.2265
30.0916
29.9441
29.7829
29.6069
29.4146
29.2048
28.9758
28.726
28.4536
28.1567
27.8332
27.481
27.0978
26.6811
26.2286
25.7377
25.2061
24.6314
24.0115
23.3447
22.6298
21.866
21.0533
24.2547
24.8087
25.3311
25.8217
26.2809
26.7094
27.1081
27.4782
27.8211
28.1381
28.4307
28.7005
28.9489
29.1774
29.3874
29.5803
29.7572
29.9195
30.0682
30.2043
30.3289
30.4427
30.5468
30.6417
30.7282
30.807
30.8785
30.9435
31.0022
31.0553
31.103
31.1457
31.1838
31.2176
31.2472
31.2729
31.295
31.3136
31.3287
31.3406
31.3493
31.3549
31.3575
31.357
31.3534
31.3468
31.337
31.324
31.3077
31.288
31.2647
31.2376
31.2066
31.1714
31.1318
31.0874
31.0378
30.9829
30.922
30.8548
30.7807
30.6992
30.6097
30.5115
30.4039
30.2861
30.1572
30.0162
29.8621
29.6938
29.5101
29.3096
29.091
28.8526
28.5929
28.3101
28.0023
27.6676
27.3038
26.909
26.4808
26.0171
25.5157
24.9745
24.3916
23.7652
23.0941
22.3771
21.6139
20.8044
24.1292
24.6816
25.2036
25.6951
26.1564
26.588
26.9907
27.3654
27.7134
28.0359
28.3342
28.6098
28.864
29.0981
29.3136
29.5118
29.6937
29.8607
30.0139
30.1542
30.2827
30.4002
30.5076
30.6056
30.695
30.7763
30.8503
30.9174
30.9781
31.033
31.0823
31.1265
31.1659
31.2008
31.2315
31.2581
31.2809
31.3001
31.3158
31.3281
31.3371
31.3429
31.3455
31.345
31.3413
31.3344
31.3243
31.3109
31.294
31.2736
31.2495
31.2216
31.1895
31.1531
31.1121
31.0661
31.0149
30.958
30.8951
30.8256
30.749
30.6647
30.5722
30.4707
30.3595
30.2378
30.1046
29.959
29.7999
29.6263
29.4368
29.2302
29.0049
28.7596
28.4925
28.2019
27.8861
27.5431
27.1709
26.7676
26.3311
25.8594
25.3505
24.8025
24.2139
23.583
22.9089
22.1906
21.4279
20.6208
24.0464
24.5978
25.1196
25.6116
26.0742
26.5077
26.9129
27.2906
27.6419
27.968
28.27
28.5493
28.8073
29.0452
29.2643
29.4659
29.6512
29.8214
29.9775
30.1206
30.2517
30.3716
30.4812
30.5813
30.6726
30.7557
30.8313
30.8999
30.9619
31.018
31.0684
31.1136
31.1539
31.1895
31.2209
31.2481
31.2714
31.291
31.3071
31.3197
31.3289
31.3348
31.3375
31.3369
31.3332
31.3261
31.3158
31.3021
31.2848
31.264
31.2393
31.2107
31.1779
31.1407
31.0988
31.0518
30.9994
30.9413
30.8769
30.8059
30.7276
30.6415
30.547
30.4433
30.3297
30.2053
30.0693
29.9206
29.7582
29.581
29.3876
29.1769
28.9473
28.6973
28.4253
28.1296
27.8085
27.46
27.0823
26.6735
26.2316
25.7547
25.2409
24.6887
24.0964
23.4627
22.7867
22.0677
21.3053
20.4998
24.0054
24.5562
25.0778
25.5701
26.0333
26.4678
26.8742
27.2534
27.6063
27.9341
28.2379
28.5191
28.7789
29.0187
29.2396
29.4429
29.6299
29.8016
29.9592
30.1037
30.2361
30.3573
30.468
30.5691
30.6614
30.7454
30.8217
30.8911
30.9538
31.0104
31.0614
31.1071
31.1478
31.1839
31.2155
31.2431
31.2667
31.2865
31.3027
31.3154
31.3247
31.3307
31.3334
31.3329
31.3291
31.322
31.3115
31.2976
31.2802
31.2591
31.2342
31.2053
31.1721
31.1345
31.0921
31.0446
30.9917
30.9329
30.8678
30.796
30.7169
30.6299
30.5343
30.4295
30.3146
30.189
30.0515
29.9013
29.7372
29.5582
29.363
29.1501
28.9183
28.666
28.3916
28.0934
27.7696
27.4185
27.0381
26.6265
26.1819
25.7025
25.1864
24.632
24.0379
23.4029
22.726
22.0066
21.2445
20.4398
28.0254
25.8237
23.6986
21.6551
19.6715
17.7299
15.8177
13.926
12.0491
10.1825
8.32327
6.4692
4.61865
2.77035
0.923315
26.4645
24.6942
22.8419
20.9761
19.1175
17.2702
15.4334
13.6049
11.7826
9.96474
8.14995
6.33722
4.52581
2.7152
0.905023
25.1736
23.6464
21.9981
20.2894
18.5516
16.7996
15.0405
13.2773
11.5115
9.74372
7.97441
6.20377
4.43207
2.65957
0.88658
24.1037
22.719
21.2142
19.6315
17.9996
16.336
14.6513
12.952
11.242
9.52407
7.80002
6.07127
4.33904
2.60438
0.868285
23.206
21.9115
20.5076
19.0225
17.4788
15.893
14.2764
12.637
10.9803
9.31035
7.63015
5.94214
4.24835
2.55057
0.850447
22.4465
21.213
19.8817
18.4716
16.9998
15.4804
13.9241
12.3391
10.7317
9.10666
7.46793
5.81866
4.16156
2.49905
0.833365
21.8018
20.6118
19.3341
17.982
16.5682
15.1044
13.6002
12.0633
10.5004
8.91651
7.31611
5.70288
4.08008
2.45065
0.817313
21.2558
20.0979
18.8607
17.5535
16.1864
14.7685
13.3085
11.8135
10.2898
8.74272
7.17696
5.59656
4.00516
2.4061
0.802533
20.7965
19.6631
18.4568
17.1847
15.8548
14.4746
13.0515
11.5921
10.1023
8.58746
7.05231
5.50112
3.93781
2.36603
0.789228
20.4155
19.3007
18.1182
16.8735
15.5731
14.2233
12.8305
11.4008
9.93966
8.45233
6.94354
5.41769
3.87885
2.33091
0.777567
20.1062
19.0056
17.8413
16.6178
15.3404
14.0147
12.6463
11.2406
9.80302
8.33849
6.85171
5.34712
3.82893
2.30115
0.76768
19.8638
18.7739
17.6232
16.4156
15.1558
13.8485
12.499
11.1122
9.69313
8.24671
6.77753
5.29004
3.7885
2.27704
0.759667
19.6849
18.6026
17.4616
16.2654
15.0182
13.7244
12.3886
11.0157
9.61044
8.17753
6.72154
5.2469
3.75792
2.25879
0.7536
19.567
18.4895
17.3548
16.166
14.927
13.6419
12.3151
10.9514
9.5552
8.13125
6.68404
5.21799
3.73742
2.24655
0.74953
19.5084
18.4333
17.3016
16.1165
14.8815
13.6007
12.2784
10.9192
9.52755
8.10807
6.66525
5.20349
3.72713
2.2404
0.747487
)
;

boundaryField
{
    hot
    {
        type            fixedValue;
        value           uniform 10;
    }
    cold
    {
        type            fixedValue;
        value           uniform 0;
    }
    interface_left
    {
        type            fixedValue;
        value           nonuniform List<scalar> 
90
(
24.0248
24.0248
24.0248
24.0248
24.0248
24.0248
24.0248
24.0248
24.0248
28.7894
28.7894
28.7894
28.7894
28.7894
28.7894
28.7894
32.413
32.413
32.413
32.413
32.413
32.413
34.8275
34.8275
34.8275
34.8275
34.8275
34.8275
34.8275
36.31
36.31
36.31
36.31
36.31
36.31
36.31
37.377
37.377
37.377
37.377
37.377
37.377
37.377
37.7344
37.7344
37.7344
37.7344
37.7344
37.7344
37.5676
37.5676
37.5676
37.5676
37.5676
37.5676
37.5676
36.623
36.623
36.623
36.623
36.623
36.623
36.623
34.8596
34.8596
34.8596
34.8596
34.8596
34.8596
34.8596
33.2002
33.2002
33.2002
33.2002
33.2002
33.2002
33.2002
31.6823
31.6823
31.6823
31.6823
31.6823
31.6823
31.6823
31.6823
31.6823
31.6823
31.6823
31.6823
31.6823
)
;
    }
    interface_right
    {
        type            fixedValue;
        value           nonuniform List<scalar> 
90
(
37.3873
37.3873
37.3873
37.3873
37.3873
37.3873
37.3873
37.3873
37.3873
37.3873
37.3873
37.3873
37.3873
37.3873
37.3873
37.3873
37.3873
37.3873
37.3873
37.3873
37.3873
37.3873
37.3873
37.3873
37.3873
37.3873
37.3873
37.3873
37.3873
37.3873
37.3873
37.3873
37.3873
37.3873
37.3873
37.3873
37.3873
37.3873
37.3873
37.3873
37.3873
37.3873
37.3873
37.3873
37.3873
37.3873
37.3873
37.3873
37.7344
37.5676
37.5676
37.5676
37.5676
37.5676
37.5676
37.5676
36.623
36.623
36.623
36.623
36.623
36.623
36.623
34.8596
34.8596
34.8596
34.8596
34.8596
34.8596
34.8596
33.2002
33.2002
33.2002
33.2002
33.2002
33.2002
33.2002
31.6823
31.6823
31.6823
31.6823
31.6823
31.6823
31.6823
31.6823
31.6823
31.6823
31.6823
31.6823
31.6823
)
;
    }
    interface_top
    {
        type            fixedValue;
        value           uniform 31.6823;
    }
    interface_bottom
    {
        type            fixedValue;
        value           nonuniform List<scalar> 
90
(
24.0248
24.0248
24.0248
24.0248
24.0248
24.0248
24.0248
24.0248
24.0248
24.0248
24.0248
24.0248
24.0248
24.0248
24.0248
24.0248
24.0248
24.0248
24.0248
24.0248
24.0248
24.0248
24.0248
24.0248
24.0248
24.0248
24.0248
24.0248
24.0248
24.0248
24.0248
24.0248
26.865
26.865
26.865
26.865
26.865
26.865
26.865
26.865
26.865
26.865
26.865
31.2817
31.2817
31.2817
31.2817
31.2817
31.2817
31.2817
31.2817
31.2817
31.2817
31.2817
31.2817
31.2817
34.4105
34.4105
34.4105
34.4105
34.4105
34.4105
34.4105
34.4105
34.4105
34.4105
34.4105
34.4105
34.4105
34.4105
36.5853
36.5853
36.5853
36.5853
36.5853
36.5853
36.5853
36.5853
36.5853
36.5853
36.5853
36.5853
36.5853
37.3873
37.3873
37.3873
37.3873
37.3873
37.3873
37.3873
)
;
    }
    defaultFaces
    {
        type            empty;
    }
}


// ************************************************************************* //
