/*--------------------------------*- C++ -*----------------------------------*\
| =========                 |                                                 |
| \\      /  F ield         | OpenFOAM: The Open Source CFD Toolbox           |
|  \\    /   O peration     | Version:  5.x                                   |
|   \\  /    A nd           | Web:      www.OpenFOAM.org                      |
|    \\/     M anipulation  |                                                 |
\*---------------------------------------------------------------------------*/
FoamFile
{
    version     2.0;
    format      ascii;
    class       volScalarField;
    location    "16";
    object      gradTy;
}
// * * * * * * * * * * * * * * * * * * * * * * * * * * * * * * * * * * * * * //

dimensions      [0 -1 0 1 0 0 0];

internalField   nonuniform List<scalar> 
6300
(
1006.31
1018.91
1031.45
1043.9
1056.22
1068.36
1080.3
1091.99
1103.4
1114.49
1125.23
1135.59
1145.54
1155.06
1164.13
0.0281707
0.0845042
0.1408
0.196998
0.252983
0.308556
0.363401
0.417051
0.468855
0.51795
0.563259
0.603512
0.637318
0.663276
0.680133
0.0469599
0.140876
0.234766
0.328557
0.422087
0.515058
0.606984
0.697124
0.784419
0.86744
0.944362
1.01299
1.07088
1.11552
1.14465
0.0657513
0.197271
0.328824
0.460365
0.591732
0.722585
0.85233
0.980015
1.10423
1.223
1.33373
1.43318
1.51766
1.58326
1.62636
0.0845212
0.253624
0.422884
0.592331
0.76187
0.931199
1.09971
1.26635
1.42945
1.58657
1.73432
1.86832
1.98328
2.07346
2.13332
0.103229
0.309809
0.516739
0.724183
0.932188
1.1406
1.34892
1.55617
1.76061
1.95946
2.14862
2.32241
2.47362
2.5939
2.67486
0.121811
0.365636
0.610063
0.85545
1.10207
1.35004
1.59917
1.84876
2.09729
2.34198
2.57821
2.79902
2.9948
3.15356
3.26246
0.140183
0.420846
0.702403
0.985451
1.27057
1.55828
1.84889
2.14234
2.43775
2.73286
3.02312
3.30057
3.55285
3.76294
3.91079
0.158253
0.475146
0.793225
1.11334
1.43644
1.76355
2.09572
2.43388
2.77842
3.1285
3.4807
3.82713
4.15294
4.43439
4.63967
0.175929
0.528245
0.881982
1.23822
1.59826
1.9637
2.33649
2.71894
3.11346
3.52189
3.94392
4.37415
4.79722
5.1818
5.47716
0.193139
0.579908
0.968206
1.35926
1.75463
2.15643
2.56752
2.99183
3.43447
3.90152
4.39876
4.92812
5.47979
6.01821
6.46487
0.209853
0.630021
1.05164
1.47593
1.90452
2.33977
2.78524
3.24628
3.73092
4.25078
4.82128
5.45957
6.17539
6.94619
7.66587
0.226098
0.678659
1.13238
1.58825
2.04767
2.51283
2.98728
3.47698
3.99201
4.5492
5.17582
5.91329
6.81579
7.92505
9.16716
0.241969
0.726117
1.21093
1.69696
2.18502
2.67651
3.17394
3.6822
4.21077
4.77801
5.4193
6.20177
7.2492
8.77071
11.0083
0.257621
0.772889
1.28821
1.80357
2.31888
2.83413
3.34966
3.86697
4.39066
4.93257
5.5214
6.2251
7.20828
8.89983
12.5733
1172.02
1178.87
1185.4
1191.61
1197.51
1203.1
1208.41
1213.44
1218.22
1222.77
1227.09
1231.22
1235.18
1238.98
1242.65
1246.22
1249.69
1253.1
1256.47
1259.81
1263.13
1266.47
1269.84
1273.25
1276.72
1280.25
1283.87
1287.57
1291.37
1295.27
1299.26
1303.35
1307.54
1311.83
1316.19
1320.64
1325.16
1329.74
1334.37
1339.03
1343.71
1348.39
1353.06
1357.7
1362.28
1366.79
1371.2
1375.51
1379.68
1383.71
1387.57
1391.24
1394.7
1397.93
1400.91
1403.62
1406.02
1408.1
1409.81
1411.13
1412.03
1412.47
1412.42
1411.84
1410.69
1408.92
1406.49
1403.35
1399.44
1394.7
1389.06
1382.44
1374.79
1366
1356.01
1344.72
1332.04
1317.87
1302.13
1284.71
1265.52
1244.46
1221.45
1196.4
1169.23
1139.88
1108.3
1074.47
1038.38
1000.03
0.686385
0.684806
0.675954
0.660077
0.637659
0.609365
0.57599
0.538385
0.497406
0.453871
0.408521
0.362012
0.314907
0.267678
0.220725
0.174387
0.128963
0.0847323
0.0419718
0.000974219
-0.0379397
-0.0744137
-0.108055
-0.138444
-0.16515
-0.187763
-0.205929
-0.219393
-0.228034
-0.231892
-0.231163
-0.22617
-0.217296
-0.204908
-0.189273
-0.17051
-0.148591
-0.123383
-0.094748
-0.0626524
-0.0272655
0.0109825
0.0514116
0.0931757
0.135405
0.177372
0.218634
0.259129
0.299179
0.339433
0.380746
0.424028
0.470087
0.519513
0.572606
0.62938
0.689635
0.753088
0.819525
0.888941
0.96163
1.03822
1.11963
1.207
1.30156
1.40449
1.5168
1.63925
1.77224
1.91585
2.06985
2.23379
2.40705
2.58892
2.77861
2.9752
3.17751
3.38399
3.59253
3.80031
4.00372
4.19827
4.37868
4.53905
4.67317
4.77489
4.83865
4.85997
4.83588
4.76531
1.15556
1.15296
1.13782
1.1106
1.07217
1.02376
0.966777
0.902738
0.833142
0.759398
0.68277
0.604358
0.525092
0.445741
0.366944
0.289235
0.213083
0.138921
0.0671868
-0.00165415
-0.0670791
-0.128495
-0.185234
-0.236565
-0.281727
-0.319977
-0.350659
-0.373289
-0.387628
-0.393745
-0.392018
-0.383086
-0.367717
-0.346645
-0.320393
-0.289167
-0.252836
-0.211037
-0.16336
-0.109591
-0.0499253
0.0149041
0.08363
0.154617
0.226154
0.296798
0.365672
0.43265
0.498369
0.564103
0.631517
0.702366
0.778195
0.860092
0.948554
1.04349
1.14435
1.25044
1.36117
1.47639
1.59654
1.72271
1.85659
2.00026
2.15596
2.32589
2.5119
2.71531
2.93684
3.17656
3.43396
3.70816
3.99805
4.30244
4.62009
4.94961
5.2893
5.63681
5.98888
6.34099
6.68717
7.01984
7.32995
7.60716
7.84047
8.01887
8.1323
8.17253
8.13411
8.01499
1.6427
1.63911
1.61703
1.57719
1.52102
1.45044
1.36769
1.27506
1.17483
1.06906
0.95958
0.847934
0.7354
0.623012
0.511602
0.401852
0.294347
0.18963
0.0882508
-0.00918362
-0.101972
-0.189289
-0.270175
-0.343545
-0.408233
-0.463062
-0.506958
-0.539094
-0.559035
-0.566862
-0.563221
-0.549242
-0.526324
-0.495813
-0.458652
-0.41515
-0.364934
-0.307131
-0.240723
-0.165002
-0.0799996
0.0132349
0.112611
0.215284
0.318206
0.418784
0.515453
0.607993
0.697547
0.786364
0.877352
0.973546
1.07758
1.19123
1.3152
1.44906
1.59156
1.74111
1.89636
2.05675
2.22277
2.39612
2.57946
2.77617
2.98989
3.22416
3.48192
3.76528
4.07526
4.41178
4.77385
5.15991
5.56814
5.99684
6.44443
6.90936
7.38978
7.88303
8.38512
8.89017
9.39001
9.87389
10.3285
10.7384
11.0868
11.3564
11.5313
11.5983
11.5485
11.3784
2.15641
2.15189
2.1218
2.06731
1.99062
1.89469
1.78282
1.65837
1.52453
1.38412
1.23957
1.09286
0.945575
0.798957
0.653959
0.511331
0.371698
0.235636
0.103744
-0.0232897
-0.144624
-0.259221
-0.365811
-0.462898
-0.548801
-0.62175
-0.68005
-0.722315
-0.747738
-0.756347
-0.749161
-0.728117
-0.695716
-0.654404
-0.60589
-0.550648
-0.487807
-0.415465
-0.331345
-0.233627
-0.121776
0.00287463
0.136997
0.275746
0.413784
0.54655
0.671328
0.787783
0.897933
1.00564
1.11584
1.23359
1.36325
1.50767
1.66774
1.84234
2.02878
2.22373
2.42432
2.62912
2.83861
3.05527
3.28322
3.52771
3.79439
4.08871
4.41523
4.77706
5.17559
5.61033
6.07935
6.57983
7.1089
7.66414
8.24388
8.8469
9.47187
10.1166
10.7772
11.4469
12.1159
12.7701
13.3915
13.9584
14.4464
14.8302
15.0856
15.1922
15.136
14.9112
2.70676
2.70141
2.66162
2.58927
2.48783
2.36177
2.21594
2.05509
1.88356
1.70503
1.52255
1.33851
1.15471
0.972497
0.792835
0.616434
0.443851
0.275589
0.112196
-0.0456424
-0.197016
-0.340713
-0.475157
-0.59838
-0.708044
-0.801548
-0.876246
-0.929802
-0.960662
-0.968589
-0.955068
-0.92336
-0.877951
-0.823382
-0.762835
-0.69711
-0.624384
-0.54079
-0.441581
-0.322642
-0.182027
-0.0211726
0.15467
0.337176
0.516891
0.685757
0.839116
0.976576
1.10175
1.22126
1.34334
1.4764
1.62757
1.80147
1.99927
2.21847
2.45364
2.6981
2.94611
3.19461
3.444
3.69802
3.96305
4.24714
4.55895
4.90677
5.29752
5.73587
6.22359
6.75937
7.33937
7.95843
8.61175
9.29598
10.0096
10.7526
11.5253
12.3272
13.1557
14.0046
14.8627
15.7132
16.5327
17.2917
17.956
18.4886
18.8539
19.0204
18.9658
18.6808
3.30646
3.3004
3.24819
3.15299
3.02036
2.85717
2.67052
2.46705
2.25248
2.03147
1.80763
1.58365
1.36142
1.14222
0.926887
0.715922
0.50967
0.308425
0.112552
-0.077394
-0.260545
-0.435605
-0.600732
-0.753451
-0.890616
-1.00848
-1.10294
-1.17002
-1.20666
-1.21176
-1.18721
-1.13838
-1.07343
-1.00102
-0.927296
-0.853712
-0.776677
-0.688667
-0.580303
-0.442954
-0.271517
-0.0669052
0.16264
0.402507
0.635499
0.847162
1.02966
1.18292
1.31359
1.43302
1.55487
1.69293
1.85898
2.06067
2.29979
2.57142
2.86492
3.16714
3.46698
3.75861
4.0425
4.32469
4.6152
4.92639
5.27139
5.66274
6.11099
6.6233
7.20211
7.84447
8.54281
9.2874
10.0698
10.8851
11.7328
12.6152
13.5362
14.4991
15.5045
16.5484
17.6202
18.7006
19.7606
20.7611
21.6544
22.3877
22.9077
23.1663
23.1272
22.7739
3.97232
3.96567
3.89648
3.7704
3.59672
3.38617
3.14917
2.89482
2.63049
2.36178
2.09273
1.82608
1.56358
1.30623
1.05449
0.808475
0.568142
0.333397
0.10425
-0.119043
-0.335833
-0.5449
-0.744268
-0.931005
-1.10106
-1.24919
-1.36914
-1.45413
-1.49814
-1.4977
-1.45439
-1.3767
-1.27971
-1.18064
-1.09164
-1.01537
-0.944862
-0.865943
-0.760859
-0.612456
-0.408898
-0.148674
0.155604
0.477582
0.784653
1.05039
1.26214
1.42159
1.54145
1.64109
1.74285
1.86898
2.03885
2.26573
2.55325
2.89265
3.26338
3.63936
3.99942
4.33348
4.64318
4.93909
5.23731
5.55668
5.9168
6.33645
6.8319
7.41466
8.08876
8.8486
9.67928
10.5616
11.4799
12.4274
13.4054
14.4217
15.4864
16.6093
17.7974
19.0517
20.3646
21.7168
23.0736
24.3842
25.5825
26.5933
27.3376
27.7401
27.7407
27.308
4.72811
4.72079
4.62651
4.45619
4.22604
3.95316
3.65274
3.33695
3.0148
2.69258
2.37436
2.06254
1.75835
1.46218
1.17386
0.892888
0.618615
0.350364
0.0875884
-0.16998
-0.422155
-0.668068
-0.905887
-1.13247
-1.34295
-1.53038
-1.68552
-1.79715
-1.85348
-1.84526
-1.77093
-1.64269
-1.48886
-1.34566
-1.23751
-1.16861
-1.12504
-1.08077
-1.00367
-0.861253
-0.627763
-0.293774
0.123169
0.574201
0.993393
1.33144
1.56996
1.71734
1.79849
1.84621
1.89582
1.98213
2.13671
2.38354
2.73206
3.16883
3.65429
4.13456
4.56931
4.94346
5.26375
5.55019
5.82898
6.12833
6.47652
6.90105
7.42711
8.07448
8.85195
9.75068
10.7414
11.7837
12.8482
13.9254
15.023
16.1584
17.3525
18.6257
19.9948
21.4702
23.0524
24.726
26.4532
28.1685
29.7805
31.1826
32.2592
32.8925
32.9777
32.4515
5.61001
5.60098
5.46593
5.22799
4.91678
4.55972
4.17841
3.78823
3.39928
3.01772
2.64687
2.28815
1.94173
1.60698
1.28281
0.96784
0.660606
0.359648
0.0636413
-0.228462
-0.51726
-0.802645
-1.08344
-1.35685
-1.61777
-1.8578
-2.06427
-2.2195
-2.30148
-2.2877
-2.16484
-1.94522
-1.68244
-1.45989
-1.3266
-1.28511
-1.30595
-1.3426
-1.34025
-1.24091
-0.991061
-0.558045
0.0419148
0.716928
1.31924
1.75605
2.00929
2.10868
2.10391
2.04886
1.99622
1.99727
2.10201
2.35523
2.78405
3.37517
4.05292
4.69558
5.2267
5.63126
5.93329
6.17254
6.39132
6.62989
6.9266
7.3197
7.84789
8.5472
9.44078
10.5205
11.7294
12.9742
14.1983
15.3944
16.5863
17.8106
19.1049
20.5043
22.0392
23.7352
25.6085
27.6581
29.85
32.1016
34.2808
36.2405
37.8191
38.8339
39.0954
38.4617
6.67863
6.6625
6.45338
6.10517
5.67341
5.201
4.71659
4.23742
3.77284
3.32717
2.90166
2.49581
2.10806
1.73634
1.3783
1.03147
0.693391
0.361641
0.0339272
-0.291837
-0.617402
-0.94395
-1.27171
-1.59931
-1.92273
-2.23362
-2.51685
-2.7474
-2.88744
-2.88728
-2.69812
-2.30996
-1.81816
-1.44568
-1.28354
-1.31192
-1.46416
-1.66071
-1.81659
-1.83741
-1.61825
-1.06285
-0.14757
0.964177
1.8832
2.44483
2.66993
2.64982
2.4815
2.24776
2.01903
1.86282
1.85321
2.0738
2.60205
3.45646
4.50179
5.4169
6.06602
6.46639
6.69287
6.82401
6.9248
7.0473
7.23751
7.54343
8.02187
8.73978
9.76109
11.104
12.6652
14.194
15.5883
16.8687
18.1026
19.3612
20.7055
22.1868
23.8512
25.744
27.9103
30.3844
33.1601
36.1381
39.0966
41.8461
44.19
45.8595
46.5011
45.7681
8.05006
8.00166
7.64083
7.10239
6.48829
5.85935
5.24708
4.66547
4.11903
3.60742
3.12804
2.67727
2.25121
1.84592
1.45757
1.08245
0.717016
0.357789
0.00138969
-0.355504
-0.71612
-1.08349
-1.46017
-1.84775
-2.24568
-2.64919
-3.04524
-3.40551
-3.67517
-3.75894
-3.51784
-2.82386
-1.78199
-1.12855
-0.966108
-1.16034
-1.55851
-2.03734
-2.48734
-2.77943
-2.72954
-2.08585
-0.619944
1.48892
2.96174
3.6181
3.68357
3.40426
2.95323
2.43939
1.93735
1.5172
1.27292
1.34927
1.95031
3.26274
5.13808
6.52106
7.26335
7.55173
7.58958
7.519
7.42684
7.36709
7.38164
7.51857
7.85084
8.49529
9.61809
11.373
13.6475
15.6072
17.1419
18.4096
19.5831
20.7881
22.1086
23.6053
25.3337
27.3588
29.7684
32.6757
36.1786
40.2021
44.2126
48.0354
51.5312
54.3645
55.8854
55.1909
9.9938
9.7903
9.08361
8.20826
7.32425
6.49348
5.73323
5.04275
4.41496
3.84123
3.31316
2.82315
2.36447
1.93114
1.51781
1.11956
0.731764
0.349954
-0.0303363
-0.413698
-0.80499
-1.20945
-1.63279
-2.08111
-2.56043
-3.07528
-3.62491
-4.19389
-4.73031
-5.09814
-4.98947
-3.8385
-1.18631
-0.10423
-0.134932
-0.714929
-1.53657
-2.45529
-3.38527
-4.21363
-4.69569
-4.2926
-2.01801
2.92963
5.21598
5.64224
5.19369
4.40599
3.51546
2.61408
1.73787
0.91847
0.231057
-0.130661
0.274313
2.25855
6.48339
8.5478
9.1143
8.99779
8.6424
8.24507
7.88224
7.57992
7.34958
7.21249
7.23036
7.56205
8.56494
10.8936
15.083
17.6324
19.0798
20.0859
21.018
22.0486
23.2576
24.6901
26.3887
28.4195
30.9097
34.109
38.4469
44.2844
49.5983
54.6949
59.826
64.7585
68.4594
68.6226
13.3123
12.3032
10.7689
9.3263
8.08326
7.02576
6.11861
5.32947
4.6328
4.00905
3.44327
2.92373
2.44104
1.98741
1.5562
1.14148
0.737783
0.339832
-0.0577191
-0.46054
-0.87494
-1.30827
-1.76947
-2.26982
-2.82398
-3.45126
-4.17663
-5.02909
-6.0281
-7.12341
-7.96188
-7.01485
1.67031
2.52242
1.48716
0.0784019
-1.37484
-2.857
-4.42948
-6.14645
-7.93635
-9.19426
-7.26527
8.20243
10.1485
8.92584
7.19194
5.55557
4.09306
2.75236
1.45642
0.129557
-1.27989
-2.7147
-3.67591
-1.97226
10.9394
12.7312
11.9484
10.7875
9.75529
8.92112
8.25019
7.6888
7.18299
6.68301
6.15775
5.66203
5.60235
7.7346
18.8798
21.2441
21.6524
21.8684
22.3106
23.0515
24.0841
25.3913
26.9648
28.8181
31.0295
33.9018
38.5553
49.1199
55.2959
61.3036
68.4058
76.925
86.1263
91.674
21.0993
15.5722
12.3218
10.1566
8.57481
7.34131
6.33388
5.48291
4.74548
4.09332
3.50671
2.9712
2.47572
2.01141
1.57084
1.14754
0.735573
0.329193
-0.0774394
-0.490618
-0.917525
-1.36683
-1.84962
-2.38088
-2.98205
-3.68577
-4.54509
-5.653
-7.18689
-9.51815
-13.505
-21.3338
15.8065
7.86689
3.64711
0.935855
-1.17131
-3.12845
-5.26535
-7.97391
-11.9427
-18.6846
-32.0079
32.9462
19.6436
12.9454
9.04958
6.4547
4.49526
2.82622
1.2196
-0.54029
-2.75412
-5.98044
-11.4633
-22.3424
31.408
20.6215
15.327
12.3915
10.5829
9.36203
8.46034
7.71763
7.00802
6.18998
5.04269
3.13422
-0.516462
-8.403
35.3206
27.6722
24.5019
23.3246
23.1729
23.6343
24.5148
25.7088
27.1376
28.7009
30.197
31.1295
30.1511
60.2745
61.2353
66.3353
74.9442
88.1083
109.053
145.934
955.404
903.61
848.839
791.262
731.079
668.508
603.783
537.142
468.827
399.076
328.125
256.202
183.531
110.33
36.8116
4.63758
4.4372
4.18411
3.88882
3.56267
3.21654
2.85997
2.50062
2.14407
1.79391
1.45193
1.11847
0.792733
0.473061
0.157247
7.79704
7.45381
7.02034
6.51567
5.96002
5.37255
4.76977
4.16465
3.56642
2.98079
2.41043
1.85556
1.31448
0.784151
0.260611
11.0619
10.5606
9.92776
9.19346
8.38915
7.54387
6.68192
5.82179
4.97615
4.15238
3.35344
2.57883
1.82546
1.08843
0.361649
14.4827
13.7989
12.9365
11.9412
10.8592
9.73182
8.5922
7.46444
6.36403
5.29914
4.27211
3.28083
2.32008
1.38245
0.459194
18.1196
17.2156
16.0779
14.7753
13.3744
11.9318
10.4905
9.07967
7.71635
6.40805
5.155
3.9523
2.79155
1.66208
0.551862
22.0479
20.8654
19.384
17.7075
15.9311
14.1303
12.3582
10.6472
9.01356
7.46166
5.98753
4.58181
3.23172
1.92245
0.638033
26.3664
24.8135
22.8847
20.7391
18.5118
16.2998
14.1643
12.137
10.2289
8.43741
6.75162
5.15567
3.63106
2.15794
0.715857
31.2105
29.1374
26.6018
23.8525
21.0768
18.3927
15.862
13.5073
11.3273
9.30731
7.42577
5.65815
3.97889
2.36238
0.783311
36.7737
33.9238
30.5327
26.9919
23.55
20.3324
17.3837
14.7028
12.2655
10.0386
7.9859
6.07222
4.26395
2.52936
0.838318
43.3445
39.2507
34.6125
30.032
25.7984
22.0027
18.6375
15.6544
12.9933
10.5953
8.40692
6.38083
4.47527
2.65277
0.878916
51.3644
45.1211
38.6338
32.7249
27.6081
23.2422
19.509
16.2837
13.4578
10.9423
8.66554
6.56884
4.60348
2.7275
0.903486
61.4527
51.2352
42.0766
34.6252
28.6667
23.8489
19.8721
16.5132
13.6115
11.0505
8.74394
6.62545
4.64224
2.75026
0.911003
73.9359
56.2893
43.8117
35.0319
28.5839
23.6144
19.6172
16.2854
13.4243
10.9042
8.63411
6.54671
4.58972
2.72026
0.901259
84.7139
56.1734
41.8483
33.1063
27.0223
22.4072
18.6966
15.5865
12.8959
10.5078
8.34147
6.3375
4.44961
2.63979
0.87502
0.271933
0.815673
1.35895
1.90121
2.44144
2.97805
3.50868
4.03015
4.53894
5.03286
5.51566
6.0089
6.58064
7.41587
8.98833
0.285032
0.854888
1.42399
1.99141
2.55545
3.11318
3.65976
4.18736
4.68373
5.13001
5.49748
5.74053
5.77271
5.35953
3.60096
0.298269
0.894605
1.49018
2.08392
2.67377
3.25598
3.82391
4.36614
4.86316
5.28179
5.56561
5.6184
5.27388
4.23736
1.99356
0.31164
0.934833
1.5576
2.17908
2.79734
3.4086
4.0058
4.57619
5.09689
5.52704
5.79403
5.772
5.25554
3.95337
1.59676
0.325064
0.975336
1.62589
2.27643
2.92572
3.5709
4.2062
4.82061
5.39339
5.88545
6.22297
6.2688
5.7827
4.40156
1.78109
0.338382
1.01562
1.69417
2.37459
3.05687
3.73995
4.42099
5.09381
5.74581
6.35104
6.85424
7.13488
6.93122
5.71028
2.61935
0.351367
1.05496
1.76111
2.47142
3.18739
3.91032
4.64134
5.38132
6.1306
6.88733
7.63981
8.33717
8.78598
8.31745
4.94904
0.363747
1.09251
1.82511
2.56427
3.31299
4.07498
4.85534
5.66221
6.51009
7.42643
8.46338
9.71189
11.2775
12.9382
11.8131
0.375238
1.12737
1.88453
2.65041
3.42932
4.22677
5.05078
5.91444
6.84185
7.88161
9.13978
10.8661
13.7028
19.4931
34.3026
0.385573
1.1587
1.93785
2.72746
3.53268
4.36002
5.21853
6.12223
7.09541
8.18492
9.49081
11.249
14.0766
19.7841
34.4178
0.394527
1.18581
1.98386
2.79361
3.62061
4.47152
5.35476
6.28159
7.26799
8.33778
9.52749
10.8888
12.4502
13.8759
12.1963
0.401927
1.20818
2.02171
2.84771
3.69185
4.56047
5.46058
6.39942
7.38246
8.40716
9.44477
10.3893
10.9176
10.1239
5.74733
0.407652
1.22546
2.05085
2.88915
3.74601
4.62743
5.53936
6.48637
7.46779
8.46735
9.42643
10.1787
10.3029
8.85955
4.24135
0.41163
1.23744
2.07098
2.91762
3.78303
4.6731
5.59364
6.54926
7.54034
8.55541
9.55148
10.4038
10.7765
9.79974
5.41896
0.413825
1.24403
2.08196
2.93299
3.80281
4.69748
5.62343
6.58735
7.59605
8.65644
9.77606
10.9618
12.187
13.1035
11.0805
0.414237
1.24522
2.08379
2.93525
3.80525
4.70002
5.62669
6.59418
7.61569
8.71612
9.95443
11.4922
13.8115
18.4484
30.7266
0.412898
1.24111
2.07663
2.92456
3.79041
4.68029
5.60145
6.56331
7.58033
8.67985
9.92452
11.4797
13.8263
18.4862
30.7534
0.409874
1.23189
2.06079
2.90137
3.75877
4.63872
5.54779
6.49395
7.4875
8.54256
9.67873
10.9172
12.2342
13.2407
11.1906
0.405262
1.21787
2.0368
2.86642
3.7114
4.57682
5.46823
6.39151
7.35175
8.34875
9.36166
10.2999
10.8574
10.1174
5.7462
0.399192
1.19944
2.00533
2.82074
3.64976
4.49677
5.3664
6.26323
7.19026
8.1437
9.09618
9.94691
10.3812
9.51572
5.24692
0.391818
1.17707
1.9672
2.76553
3.57554
4.40089
5.24554
6.11381
7.01027
7.93908
8.90112
9.88284
10.8074
11.2772
9.07047
0.383311
1.15129
1.92332
2.70216
3.49059
4.29151
5.10816
5.94466
6.80764
7.71121
8.69214
9.85828
11.5491
14.897
23.9592
0.373856
1.12265
1.87468
2.63207
3.39687
4.1711
4.95687
5.75697
6.57667
7.42944
8.3543
9.46914
11.1397
14.5482
23.8071
0.36364
1.09174
1.82229
2.55677
3.29653
4.04256
4.79551
5.55553
6.32258
7.09744
7.88432
8.69387
9.52309
10.1363
8.53937
0.352844
1.05912
1.76711
2.47776
3.19174
3.90914
4.6291
5.34905
6.06292
6.75693
7.39839
7.90474
8.05628
7.25901
4.02266
0.341631
1.02528
1.71003
2.3964
3.08451
3.77383
4.46259
5.14665
5.8169
6.45276
7.00611
7.36179
7.24817
6.07533
2.84542
0.330141
0.990654
1.65179
2.31376
2.97638
3.63883
4.29923
4.95373
5.59461
6.20572
6.75094
7.14458
7.17544
6.32002
3.37711
0.318484
0.955569
1.59295
2.23062
2.86829
3.50518
4.13987
4.77013
5.39286
6.00429
6.60084
7.17914
7.71802
8.0142
6.55547
0.306738
0.920258
1.53386
2.14745
2.76068
3.37296
3.98347
4.59166
5.19885
5.81307
6.46324
7.24093
8.42896
10.9269
17.8255
0.294955
0.884868
1.47475
2.06446
2.65367
3.2419
3.82859
4.41378
4.99983
5.59676
6.23692
7.01761
8.23006
10.7833
17.7714
0.283163
0.849479
1.41573
1.98177
2.5473
3.11182
3.67467
4.23517
4.79315
5.35031
5.91285
6.4943
7.09987
7.55955
6.38042
0.271372
0.814115
1.35683
1.8994
2.44157
2.98283
3.52229
4.0582
4.58693
5.09999
5.57551
5.95409
6.07085
5.47373
3.03214
0.259576
0.778755
1.29799
1.81726
2.3364
2.85504
3.37229
3.88611
4.39149
4.87563
5.30536
5.59555
5.53744
4.66867
2.19953
0.247756
0.743335
1.23911
1.73517
2.23155
2.72815
3.2246
3.71979
4.21068
4.68896
5.13197
5.47875
5.56686
4.97486
2.70709
0.235883
0.707765
1.18
1.65282
2.12648
2.6013
3.0777
3.55637
4.03855
4.52665
5.0253
5.54147
6.06845
6.44466
5.39961
0.223924
0.671936
1.12045
1.56984
2.02057
2.47329
2.92915
3.39043
3.86222
4.35692
4.90632
5.59658
6.67461
8.9013
14.8657
0.211846
0.635744
1.06027
1.4859
1.91322
2.34305
2.77678
3.2171
3.66991
4.1491
4.68942
5.38229
6.48292
8.76208
14.8131
0.19962
0.5991
0.999306
1.40077
1.80409
2.21005
2.61975
3.03502
3.45918
3.89874
4.36646
4.8847
5.47264
6.00334
5.22855
0.187224
0.561937
0.937448
1.31431
1.69309
2.07439
2.4588
2.84669
3.23768
3.62874
4.00833
4.3386
4.50201
4.15104
2.36776
0.174641
0.524209
0.874632
1.22648
1.5803
1.93654
2.29537
2.65614
3.01606
3.36661
3.68435
3.90828
3.88847
3.2933
1.55709
0.161856
0.485874
0.810809
1.13726
1.4658
1.79685
2.13053
2.46612
2.80089
3.12718
3.42542
3.64713
3.67439
3.22789
1.70329
0.148854
0.446891
0.745913
1.04657
1.34951
1.65529
1.96431
2.27661
2.59153
2.90717
3.21956
3.52093
3.78924
3.91108
3.1564
0.135622
0.407215
0.679863
0.954285
1.23122
1.51144
1.79577
2.08524
2.38163
2.68934
3.02128
3.41761
4.0057
5.20289
8.46922
0.122143
0.366798
0.612566
0.860229
1.11063
1.3647
1.62361
1.889
2.16382
2.45463
2.77822
3.18104
3.79907
5.05768
8.41639
0.108407
0.325598
0.543941
0.764256
0.98745
1.21457
1.44691
1.68616
1.93485
2.1971
2.48007
2.79493
3.14752
3.45395
2.98867
0.0944048
0.283593
0.473935
0.666266
0.861526
1.0608
1.26538
1.47673
1.6964
1.92512
2.15973
2.38256
2.52795
2.38605
1.38869
0.0801382
0.240779
0.402537
0.56623
0.732795
0.903325
1.0791
1.2615
1.45163
1.64902
1.84751
2.02391
2.10783
1.91217
1.02481
0.0656164
0.197185
0.329785
0.464187
0.601293
0.742189
0.888192
1.04085
1.20179
1.37209
1.5506
1.72942
1.88183
1.91858
1.46802
0.0508599
0.152869
0.255773
0.360257
0.467147
0.577488
0.692642
0.814436
0.94542
1.08945
1.25341
1.45325
1.73608
2.26334
3.63723
0.0359012
0.107929
0.180659
0.254647
0.330593
0.40943
0.492462
0.581618
0.67997
0.792933
0.931273
1.11942
1.42055
2.02012
3.53972
0.0207849
0.0624986
0.104667
0.147671
0.192023
0.238447
0.288014
0.342395
0.404359
0.478779
0.57452
0.707098
0.897732
1.13793
1.14125
0.00556818
0.016751
0.0280911
0.0397551
0.0520086
0.0652729
0.080213
0.0978939
0.120083
0.149809
0.192167
0.254441
0.34047
0.420213
0.330127
-0.00968113
-0.0291068
-0.0487106
-0.0685713
-0.0887093
-0.109068
-0.129497
-0.149747
-0.169433
-0.187937
-0.204027
-0.214723
-0.212439
-0.179581
-0.0850563
-0.0248864
-0.0748409
-0.125334
-0.176704
-0.229273
-0.283358
-0.339333
-0.397779
-0.459771
-0.527361
-0.603967
-0.6929
-0.78658
-0.8222
-0.552731
-0.0399653
-0.1202
-0.201345
-0.284003
-0.368781
-0.45633
-0.547449
-0.643343
-0.746213
-0.860514
-0.995343
-1.16777
-1.40103
-1.67667
-1.60095
-0.0548322
-0.164925
-0.276303
-0.389825
-0.506359
-0.626816
-0.752239
-0.884051
-1.0247
-1.1794
-1.36059
-1.60036
-1.98603
-2.77511
-4.82008
-0.0694007
-0.208755
-0.349768
-0.493548
-0.641203
-0.793841
-0.95258
-1.1186
-1.29343
-1.47985
-1.68515
-1.93161
-2.29083
-3.00137
-4.90683
-0.0835842
-0.251429
-0.421305
-0.59457
-0.772574
-0.956616
-1.14784
-1.34702
-1.55407
-1.76715
-1.98109
-2.18451
-2.35161
-2.39775
-1.88482
-0.0972965
-0.292688
-0.490481
-0.692292
-0.899738
-1.11438
-1.33756
-1.56996
-1.8105
-2.05382
-2.28431
-2.4626
-2.49635
-2.18233
-1.12436
-0.110452
-0.332274
-0.556858
-0.786086
-1.02189
-1.2662
-1.52086
-1.7872
-2.06495
-2.34936
-2.62372
-2.84101
-2.88254
-2.48352
-1.19077
-0.12297
-0.369936
-0.62
-0.875304
-1.1381
-1.4108
-1.69602
-1.99648
-2.31475
-2.65184
-3.00271
-3.34142
-3.5746
-3.40529
-2.01328
-0.134773
-0.405438
-0.679492
-0.959301
-1.24741
-1.54669
-1.86055
-2.19336
-2.55142
-2.94469
-3.39008
-3.91506
-4.5461
-5.17609
-4.66529
-0.145796
-0.43858
-0.734975
-1.03751
-1.34895
-1.67243
-2.01187
-2.37267
-2.76359
-3.20128
-3.72212
-4.41496
-5.51823
-7.739
-13.442
-0.155989
-0.469207
-0.786178
-1.10953
-1.44209
-1.78707
-2.14831
-2.53101
-2.94323
-3.40006
-3.93463
-4.62974
-5.71419
-7.88352
-13.4972
-0.165318
-0.497218
-0.832937
-1.17513
-1.52659
-1.89036
-2.26981
-2.66878
-3.09184
-3.54479
-4.03557
-4.57405
-5.15665
-5.63594
-4.84547
-0.173767
-0.522566
-0.875189
-1.23426
-1.6025
-1.98273
-2.37771
-2.78977
-3.21961
-3.66319
-4.10331
-4.48762
-4.67075
-4.27003
-2.37452
-0.181333
-0.545251
-0.912945
-1.287
-1.67007
-2.06482
-2.47371
-2.89836
-3.33779
-3.7839
-4.20973
-4.5408
-4.59022
-3.94206
-1.88512
-0.188026
-0.565301
-0.946268
-1.33346
-1.72949
-2.13704
-2.55871
-2.99661
-3.45126
-3.9186
-4.38188
-4.78947
-4.99401
-4.59235
-2.58547
-0.193867
-0.582778
-0.975251
-1.37375
-1.78088
-2.19942
-2.63238
-3.08317
-3.55586
-4.05605
-4.5926
-5.17906
-5.81866
-6.35728
-5.48303
-0.198886
-0.597771
-1.00003
-1.40803
-1.82431
-2.25172
-2.69363
-3.15446
-3.64129
-4.16816
-4.76856
-5.53166
-6.71331
-9.10323
-15.3887
-0.203129
-0.61041
-1.0208
-1.43652
-1.85998
-2.29392
-2.74167
-3.20764
-3.69884
-4.22913
-4.83142
-5.5935
-6.76876
-9.14374
-15.4041
-0.206656
-0.620876
-1.03787
-1.45961
-1.88832
-2.32649
-2.777
-3.24321
-3.72916
-4.24004
-4.7832
-5.3683
-5.99093
-6.48589
-5.5333
-0.209548
-0.629406
-1.0516
-1.47784
-1.91006
-2.35044
-2.80137
-3.26501
-3.74209
-4.22845
-4.70575
-5.11693
-5.30164
-4.83316
-2.68597
-0.211905
-0.636302
-1.06251
-1.4919
-1.92609
-2.36702
-2.81684
-3.2774
-3.7485
-4.22306
-4.67411
-5.02274
-5.06583
-4.34611
-2.07801
-0.213852
-0.641929
-1.07118
-1.50258
-1.93741
-2.37739
-2.82481
-3.28239
-3.75244
-4.23391
-4.71349
-5.14063
-5.35965
-4.93425
-2.78105
-0.215535
-0.646728
-1.07834
-1.51085
-1.9451
-2.38254
-2.82566
-3.27865
-3.74837
-4.246
-4.78919
-5.40295
-6.10087
-6.72214
-5.85132
-0.21713
-0.651222
-1.08485
-1.51789
-1.95054
-2.38369
-2.8196
-3.26321
-3.72485
-4.22636
-4.81576
-5.60672
-6.89521
-9.54607
-16.4436
-0.218836
-0.65602
-1.09176
-1.52517
-1.95558
-2.38287
-2.80813
-3.23517
-3.67357
-4.14559
-4.70227
-5.46488
-6.74331
-9.42075
-16.3925
-0.220875
-0.661807
-1.10026
-1.5345
-1.96276
-2.3834
-2.79537
-3.19916
-3.59887
-4.00595
-4.44567
-4.96472
-5.61975
-6.3131
-5.67858
-0.223476
-0.669302
-1.11166
-1.54795
-1.97519
-2.38991
-2.78821
-3.16591
-3.51897
-3.84356
-4.13389
-4.37001
-4.46945
-4.12745
-2.41087
-0.226856
-0.679191
-1.12724
-1.56765
-1.99626
-2.40777
-2.79529
-3.14971
-3.45877
-3.70487
-3.85966
-3.87013
-3.62563
-2.89629
-1.29947
-0.231188
-0.692039
-1.14811
-1.5955
-2.02916
-2.44225
-2.82528
-3.16494
-3.44222
-3.62951
-3.68556
-3.54723
-3.11841
-2.26747
-0.883971
-0.236572
-0.70819
-1.17498
-1.63286
-2.0763
-2.49754
-2.88533
-3.22341
-3.48809
-3.64521
-3.64636
-3.42598
-2.90427
-2.00843
-0.735427
-0.24301
-0.727677
-1.20801
-1.6802
-2.13883
-2.57599
-2.97985
-3.33277
-3.60858
-3.76914
-3.7609
-3.51391
-2.94986
-2.01127
-0.724261
-0.250382
-0.750153
-1.24668
-1.7369
-2.21622
-2.6775
-3.10968
-3.49561
-3.80901
-4.0102
-4.04115
-3.82194
-3.25548
-2.25602
-0.825238
-0.258439
-0.774862
-1.28971
-1.80115
-2.30607
-2.79915
-3.27154
-3.70874
-4.08727
-4.36938
-4.49501
-4.371
-3.86171
-2.80024
-1.07876
-0.266804
-0.800649
-1.33506
-1.86989
-2.40411
-2.93512
-3.45776
-3.96252
-4.43239
-4.83711
-5.1221
-5.18751
-4.85131
-3.80272
-1.63504
-0.274998
-0.826024
-1.38009
-1.93902
-2.50432
-3.07684
-3.65632
-4.24041
-4.82262
-5.38784
-5.90154
-6.28277
-6.3355
-5.58228
-2.95679
-0.28247
-0.84927
-1.4217
-2.00369
-2.59945
-3.21365
-3.85161
-4.5195
-5.22452
-5.9742
-6.77281
-7.60599
-8.3792
-8.66194
-6.56177
-0.288644
-0.868587
-1.45664
-2.05875
-2.68174
-3.33392
-4.02602
-4.77269
-5.59522
-6.52638
-7.61993
-8.97071
-10.7632
-13.3962
-17.8217
59.7425
44.5776
35.4067
29.1003
24.3454
20.5327
17.343
14.5899
12.1548
9.95639
7.93569
6.04741
4.25509
2.52789
0.838498
21.8347
28.4714
27.1277
24.2026
21.1651
18.3399
15.7718
13.4368
11.2976
9.31765
7.46448
5.70963
4.028
2.39701
0.795735
9.64374
17.9069
19.9466
19.3828
17.8371
15.9685
14.0385
12.1475
10.3297
8.59081
6.92493
5.32094
3.76573
2.24546
0.746159
5.10845
11.6641
14.5734
15.2447
14.7331
13.6395
12.2779
10.8075
9.30678
7.81319
6.34234
4.89834
3.47914
2.07933
0.691727
3.11564
7.95336
10.7541
11.9278
12.0331
11.4964
10.5929
9.48823
8.27888
7.01973
5.74104
4.45848
3.17907
1.90472
0.634405
2.09054
5.65716
8.06447
9.35287
9.7789
9.60803
9.04748
8.2416
7.28547
6.23977
5.14238
4.01639
2.87545
1.72728
0.576035
1.49212
4.16597
6.15182
7.37668
7.93909
7.99012
7.67231
7.09923
6.35419
5.49565
4.56353
3.58464
2.57682
1.55196
0.518234
1.10924
3.15253
4.76758
5.86044
6.45431
6.62826
6.47435
6.0762
5.50167
4.80258
4.01712
3.17295
2.29
1.38279
0.46233
0.848009
2.43645
3.74591
4.69067
5.26108
5.49402
5.44593
5.1756
4.73561
4.16944
3.51144
2.78817
2.02
1.2228
0.409341
0.661473
1.91409
2.97748
3.78082
4.30215
4.55487
4.57179
4.39276
4.05713
3.60002
3.05106
2.43453
1.77015
1.07408
0.359977
0.523772
1.52311
2.3896
3.06676
3.52972
3.77944
3.83367
3.71862
3.46298
3.09436
2.63757
2.1141
1.5423
0.93788
0.314672
0.419546
1.22436
1.93317
2.50142
2.90532
3.13972
3.21308
3.14208
2.94725
2.64989
2.27036
1.82722
1.33707
0.814719
0.273624
0.339119
0.992269
1.57433
2.05019
2.39861
2.61181
2.6927
2.65151
2.50269
2.26247
1.9473
1.57297
1.15418
0.704567
0.236845
0.276109
0.809533
1.28924
1.68742
1.98579
2.17576
2.25707
2.23567
2.12158
1.92706
1.66531
1.34957
0.992694
0.606983
0.204209
0.22615
0.664094
1.06074
1.39395
1.64823
1.81515
1.89274
1.88417
1.79629
1.63833
1.42079
1.15472
0.851221
0.52124
0.175491
0.186156
0.547328
0.876285
1.15528
1.3713
1.51656
1.58823
1.58772
1.51965
1.39095
1.20997
0.98585
0.72813
0.446442
0.150406
0.153897
0.452928
0.726515
0.96034
1.14351
1.26905
1.33383
1.33816
1.28511
1.17987
1.02908
0.840306
0.621675
0.381603
0.128635
0.127723
0.376195
0.60435
0.800563
0.955735
1.06372
1.1214
1.12843
1.0868
1.00042
0.874559
0.715486
0.530104
0.325716
0.109851
0.106391
0.313565
0.504362
0.66928
0.800713
0.893324
0.944145
0.952464
0.919561
0.848365
0.743094
0.608928
0.451726
0.277796
0.0937302
0.0889524
0.262306
0.42234
0.561242
0.672643
0.751936
0.796391
0.80512
0.778905
0.719965
0.631686
0.518362
0.384959
0.236912
0.0799656
0.0746734
0.220294
0.35499
0.472296
0.566865
0.634732
0.673439
0.682033
0.660967
0.611932
0.537664
0.441735
0.328356
0.202206
0.0682729
0.0629814
0.185866
0.299713
0.399134
0.479622
0.537771
0.571392
0.579537
0.562443
0.521415
0.45868
0.377221
0.28062
0.172901
0.0583943
0.0534266
0.157712
0.25445
0.339116
0.407889
0.457838
0.487029
0.494562
0.480534
0.445968
0.392692
0.323218
0.2406
0.148309
0.0500998
0.0456544
0.134797
0.217568
0.290131
0.349223
0.392314
0.417703
0.424553
0.412884
0.383508
0.33795
0.278339
0.207296
0.127824
0.0431874
0.0393858
0.116305
0.187773
0.250497
0.301666
0.33908
0.361244
0.367401
0.357524
0.332282
0.292963
0.241395
0.179845
0.110923
0.0374817
0.0344031
0.101598
0.164048
0.218886
0.263655
0.296432
0.315899
0.321378
0.312831
0.290826
0.256479
0.211379
0.15751
0.0971591
0.0328329
0.0305392
0.0901836
0.145608
0.194263
0.23397
0.263025
0.280263
0.285091
0.27748
0.257939
0.227459
0.187452
0.139674
0.086155
0.0291139
0.0276705
0.081699
0.131867
0.175851
0.211679
0.237819
0.253242
0.257437
0.250411
0.232645
0.205052
0.168917
0.125824
0.0775955
0.0262186
0.0257131
0.075894
0.122418
0.163102
0.196112
0.220053
0.234013
0.237575
0.230796
0.21417
0.188576
0.155212
0.11554
0.0712212
0.0240594
0.0246201
0.0726274
0.117023
0.155679
0.186841
0.209216
0.222003
0.224889
0.218015
0.201922
0.177492
0.145885
0.10848
0.0668204
0.0225644
0.0243828
0.0718674
0.115614
0.153457
0.183669
0.205033
0.216864
0.218977
0.211633
0.19546
0.17139
0.140582
0.104372
0.0642218
0.0216753
0.0250345
0.0737025
0.118301
0.156533
0.186638
0.207467
0.218469
0.219631
0.211378
0.194481
0.169963
0.139027
0.102999
0.0632863
0.0213441
0.0266588
0.0783624
0.125407
0.165249
0.196046
0.216722
0.226905
0.226817
0.217122
0.198789
0.17299
0.141006
0.104184
0.0638977
0.0215305
0.0294035
0.0862565
0.137512
0.180242
0.212481
0.233258
0.24247
0.240672
0.228859
0.20828
0.180307
0.146342
0.107773
0.0659526
0.0221981
0.0335047
0.0980357
0.155536
0.202518
0.23687
0.257821
0.265677
0.261478
0.246679
0.222902
0.191782
0.154873
0.113618
0.0693492
0.0233109
0.0393264
0.114695
0.180862
0.233561
0.270562
0.291473
0.29725
0.289641
0.270728
0.24262
0.207273
0.166418
0.121552
0.0739733
0.0248284
0.0474277
0.137743
0.215535
0.275501
0.315421
0.335629
0.338114
0.325648
0.301158
0.267361
0.226586
0.180744
0.131368
0.0796833
0.0267006
0.0586809
0.169485
0.262584
0.331357
0.373961
0.392087
0.389355
0.369997
0.338047
0.296943
0.249413
0.197522
0.142783
0.0862931
0.0288629
0.0744867
0.213519
0.326519
0.405378
0.449491
0.463022
0.452132
0.423084
0.381288
0.330982
0.275264
0.216273
0.155411
0.093554
0.0312296
0.0971948
0.275625
0.414156
0.503519
0.546248
0.550906
0.527507
0.485012
0.43043
0.368774
0.303385
0.23632
0.168728
0.101137
0.0336891
0.130983
0.365432
0.535929
0.634034
0.66943
0.658262
0.616129
0.555322
0.484473
0.409153
0.332663
0.25673
0.18204
0.10862
0.0360993
0.183879
0.499642
0.707961
0.808081
0.824931
0.787109
0.717705
0.63259
0.541608
0.450336
0.36155
0.276273
0.194468
0.115475
0.0382855
0.272879
0.708453
0.955116
1.03994
1.01838
0.937873
0.830179
0.713913
0.59893
0.489782
0.387993
0.2934
0.20494
0.121077
0.0400414
0.438388
1.04844
1.31464
1.34566
1.25272
1.1075
0.94859
0.79433
0.652181
0.524107
0.409429
0.306263
0.212216
0.124713
0.0411353
0.789114
1.62718
1.83745
1.73744
1.52333
1.28663
1.06375
0.866318
0.695642
0.549115
0.422863
0.312788
0.214944
0.125621
0.041321
1.65382
2.64185
2.57568
2.20842
1.8096
1.45611
1.16122
0.919703
0.722314
0.560031
0.425052
0.310812
0.21175
0.123041
0.0403544
4.12934
4.38855
3.52296
2.70126
2.06434
1.58487
1.2216
0.942422
0.724589
0.551973
0.41283
0.298291
0.201363
0.116275
0.0380143
12.16
6.91627
4.43967
3.06572
2.20968
1.63292
1.22355
0.922517
0.695446
0.520654
0.383513
0.273533
0.18275
0.104765
0.0341237
14.4514
7.52223
4.59055
3.07044
2.16104
1.56468
1.15024
0.851229
0.629978
0.463177
0.335325
0.235437
0.155246
0.0881551
0.0285698
7.08438
5.35197
3.76107
2.65099
1.89497
1.37006
0.996734
0.725923
0.526683
0.37864
0.267711
0.183657
0.11864
0.066331
0.0213171
2.48721
3.08331
2.5976
1.98559
1.46835
1.07015
0.772012
0.550895
0.387821
0.268321
0.181427
0.118653
0.0732081
0.0394394
0.0124116
0.930475
1.56583
1.52177
1.25435
0.959039
0.700729
0.493779
0.335544
0.218688
0.135351
0.0783894
0.0416103
0.0196659
0.00786573
0.00197496
0.224825
0.520136
0.601011
0.542436
0.42401
0.295618
0.181699
0.0914473
0.0262716
-0.0159417
-0.038667
-0.0457357
-0.0409216
-0.0278121
-0.0098095
-0.373651
-0.376661
-0.222922
-0.127926
-0.104113
-0.119554
-0.146822
-0.170069
-0.182095
-0.18077
-0.166597
-0.141334
-0.10727
-0.0668875
-0.0227163
-1.48899
-1.38231
-1.00606
-0.748857
-0.604977
-0.526515
-0.478136
-0.439374
-0.399731
-0.354518
-0.302229
-0.243043
-0.178004
-0.108593
-0.0364988
-4.74643
-2.57512
-1.70652
-1.29108
-1.0604
-0.912581
-0.802764
-0.709281
-0.621227
-0.533175
-0.442647
-0.348813
-0.251773
-0.152161
-0.0509078
-4.85695
-2.86322
-2.09227
-1.70496
-1.45828
-1.27224
-1.11603
-0.975402
-0.842709
-0.713541
-0.585356
-0.456804
-0.327324
-0.196867
-0.0657065
-1.8507
-2.30212
-2.21155
-2.02115
-1.814
-1.61118
-1.41847
-1.23599
-1.06172
-0.89321
-0.728308
-0.565434
-0.403548
-0.242057
-0.0806798
-1.10134
-2.11736
-2.40011
-2.34893
-2.16669
-1.94306
-1.71377
-1.49085
-1.27672
-1.07035
-0.869841
-0.673368
-0.479493
-0.287165
-0.0956396
-1.17602
-2.44178
-2.82053
-2.76768
-2.54807
-2.27883
-2.00462
-1.73959
-1.48631
-1.24341
-1.00855
-0.779486
-0.554355
-0.331711
-0.110427
-2.00505
-3.38213
-3.54062
-3.30218
-2.96385
-2.61803
-2.28904
-1.98013
-1.68866
-1.41086
-1.14322
-0.882858
-0.627481
-0.375307
-0.124913
-4.66251
-5.16864
-4.53628
-3.90597
-3.38478
-2.94548
-2.55947
-2.20852
-1.88149
-1.57123
-1.27283
-0.982751
-0.698371
-0.417662
-0.139001
-13.4441
-7.74566
-5.53043
-4.43391
-3.74876
-3.23588
-2.80549
-2.42025
-2.06264
-1.72333
-1.39662
-1.07867
-0.766701
-0.458587
-0.152631
-13.5039
-7.9036
-5.74758
-4.67608
-3.99304
-3.46892
-3.02012
-2.61272
-2.23105
-1.86665
-1.51432
-1.17043
-0.832338
-0.498005
-0.165776
-4.85677
-5.6695
-5.21148
-4.6484
-4.12687
-3.64961
-3.20594
-2.78729
-2.3874
-2.00157
-1.62611
-1.25813
-0.895354
-0.535954
-0.178448
-2.39063
-4.31776
-4.74823
-4.59176
-4.22988
-3.80689
-3.37432
-2.94876
-2.53396
-2.12924
-1.73268
-1.34221
-0.956008
-0.572578
-0.190694
-1.9065
-4.00526
-4.69249
-4.67768
-4.37523
-3.97075
-3.53779
-3.10271
-2.67345
-2.25121
-1.835
-1.4233
-1.01472
-0.608119
-0.202593
-2.61275
-4.67293
-5.12417
-4.96326
-4.59135
-4.1543
-3.70265
-3.25256
-2.80803
-2.36897
-1.93414
-1.5022
-1.07205
-0.642904
-0.214253
-5.51709
-6.45781
-5.98086
-5.39525
-4.85263
-4.34792
-3.86635
-3.39847
-2.93875
-2.48374
-2.03124
-1.57982
-1.12865
-0.677337
-0.22581
-15.4307
-9.22706
-6.91291
-5.79729
-5.08747
-4.5254
-4.02048
-3.53867
-3.06613
-2.59674
-2.12757
-1.65726
-1.18534
-0.711907
-0.237426
-15.4555
-9.29512
-7.0125
-5.9174
-5.21961
-4.66311
-4.15848
-3.67234
-3.19127
-2.70953
-2.22464
-1.73578
-1.24306
-0.747194
-0.249298
-5.59581
-6.67015
-6.28727
-5.76149
-5.25354
-4.76471
-4.28358
-3.80243
-3.31683
-2.82446
-2.32445
-1.81696
-1.30294
-0.78388
-0.261653
-2.76197
-5.05699
-5.66117
-5.59311
-5.2741
-4.86086
-4.40863
-3.93554
-3.44701
-2.94464
-2.4294
-1.90265
-1.3663
-0.822753
-0.274753
-2.17037
-4.61794
-5.50178
-5.59889
-5.35998
-4.98402
-4.54807
-4.07932
-3.58676
-3.0737
-2.54231
-1.99498
-1.43464
-0.864705
-0.288894
-2.89345
-5.26471
-5.88864
-5.83792
-5.54094
-5.14875
-4.71022
-4.23956
-3.74067
-3.21546
-2.66625
-2.0963
-1.50962
-0.910725
-0.304404
-5.98845
-7.12479
-6.74393
-6.24784
-5.78793
-5.34557
-4.8946
-4.41932
-3.91281
-3.37382
-2.80455
-2.20921
-1.59307
-0.961885
-0.321637
-16.6115
-10.0384
-7.67911
-6.63252
-6.02263
-5.5483
-5.09578
-4.62072
-4.10745
-3.55315
-2.96091
-2.33654
-1.68693
-1.01932
-0.340966
-16.5991
-10.0254
-7.70257
-6.71382
-6.16309
-5.7358
-5.31254
-4.84857
-4.33053
-3.75877
-3.13955
-2.48136
-1.79327
-1.08421
-0.362769
-5.93467
-7.06036
-6.79943
-6.49083
-6.21774
-5.92043
-5.55748
-5.11391
-4.59086
-3.99731
-3.3452
-2.6469
-1.91414
-1.15769
-0.387408
-2.73094
-5.0581
-5.92928
-6.24308
-6.2891
-6.15055
-5.85834
-5.43438
-4.90009
-4.27648
-3.58289
-2.83634
-2.05144
-1.24074
-0.415193
-1.70404
-4.06684
-5.44612
-6.18118
-6.48856
-6.48728
-6.25061
-5.83138
-5.27131
-4.60422
-3.85733
-3.05237
-2.20664
-1.33408
-0.446331
-1.40301
-3.75852
-5.41025
-6.41618
-6.90226
-6.98741
-6.76957
-6.32608
-5.71679
-4.98734
-4.17208
-3.2967
-2.38043
-1.43795
-0.480875
-1.4148
-3.93888
-5.82277
-7.01212
-7.5943
-7.69786
-7.44513
-6.93582
-6.24564
-5.43
-4.52855
-3.5694
-2.57242
-1.55194
-0.518662
-1.63874
-4.56377
-6.71754
-8.02962
-8.61858
-8.65571
-8.29878
-7.67102
-6.86152
-5.93219
-4.92507
-3.86834
-2.78072
-1.67479
-0.559256
-2.1074
-5.7242
-8.19676
-9.54924
-10.0259
-9.88719
-9.34046
-8.53231
-7.56049
-6.48832
-5.35602
-4.1887
-3.00173
-1.8043
-0.601915
-2.99134
-7.67918
-10.4537
-11.677
-11.8605
-11.402
-10.5637
-9.50717
-8.32904
-7.08612
-5.81124
-4.5227
-3.22998
-1.93725
-0.645575
-4.77445
-10.9628
-13.7878
-14.5268
-14.1406
-13.1803
-11.9384
-10.5664
-9.14248
-7.70603
-6.27589
-4.85956
-3.45822
-2.06945
-0.68887
-8.89127
-16.5818
-18.5704
-18.1579
-16.8192
-15.1542
-13.4033
-11.6616
-9.96451
-8.32148
-6.7309
-5.186
-3.67771
-2.19594
-0.730195
-20.0163
-26.1604
-25.0204
-22.432
-19.7242
-17.1876
-14.8616
-12.7258
-10.7488
-8.90044
-7.15414
-5.48697
-3.87875
-2.3113
-0.7678
-54.675
-40.797
-32.4762
-26.7887
-22.5102
-19.0746
-16.1877
-13.6796
-11.4437
-9.4084
-7.52237
-5.74698
-4.05147
-2.41002
-0.799915
-0.293171
-0.882915
-1.4831
-2.10149
-2.74729
-3.43201
-4.17097
-4.98585
-5.90916
-6.9929
-8.32639
-10.0774
-12.6017
-16.7739
-25.173
-0.294956
-0.888867
-1.49506
-2.12272
-2.78269
-3.48862
-4.25853
-5.11759
-6.10262
-7.27011
-8.71036
-10.5733
-13.1127
-16.7336
-21.8659
-0.292731
-0.882507
-1.48551
-2.11155
-2.77206
-3.48111
-4.25675
-5.12311
-6.11341
-7.2743
-8.6712
-10.3924
-12.5418
-15.181
-18.1118
-0.286182
-0.862892
-1.45288
-2.06584
-2.7128
-3.40686
-4.16406
-5.00447
-5.95342
-7.04226
-8.30727
-9.78288
-11.4807
-13.3359
-15.1024
-0.275281
-0.829974
-1.39724
-1.98606
-2.60635
-3.26934
-3.98795
-4.77706
-5.65331
-6.63384
-7.73244
-8.95087
-10.2619
-11.5794
-12.7249
-0.260241
-0.784461
-1.32
-1.87476
-2.45711
-3.07606
-3.74117
-4.46229
-5.24869
-6.10701
-7.03729
-8.02598
-9.03601
-9.99415
-10.7854
-0.241457
-0.727609
-1.22351
-1.73579
-2.27119
-2.83649
-3.43822
-4.08211
-4.77202
-5.50801
-6.28321
-7.07927
-7.86155
-8.57524
-9.14798
-0.219432
-0.660992
-1.11062
-1.57366
-2.05529
-2.56034
-3.09293
-3.65576
-4.24922
-4.86982
-5.50815
-6.14622
-6.7556
-7.29717
-7.72506
-0.194711
-0.586294
-0.984315
-1.39291
-1.81589
-2.25655
-2.71717
-3.19854
-3.69908
-4.21383
-4.7332
-5.24168
-5.71732
-6.13266
-6.45808
-0.167826
-0.50515
-0.847426
-1.19774
-1.5588
-1.9327
-2.32052
-2.72191
-3.13445
-3.55296
-3.96888
-4.36969
-4.73902
-5.05773
-5.30636
-0.139267
-0.419044
-0.702487
-0.991814
-1.28887
-1.59489
-1.91023
-2.234
-2.56362
-2.89445
-3.21942
-3.5289
-3.81101
-4.05252
-4.24053
-0.109459
-0.329259
-0.551649
-0.778152
-1.00996
-1.24776
-1.49151
-1.74018
-1.99149
-2.24167
-2.48529
-2.71531
-2.9234
-3.10059
-3.23841
-0.0787624
-0.23687
-0.396679
-0.559166
-0.725054
-0.894684
-1.06787
-1.24371
-1.42047
-1.5954
-1.7647
-1.9236
-2.0666
-2.18795
-2.28231
-0.0474788
-0.142766
-0.239015
-0.336763
-0.436393
-0.538052
-0.641565
-0.746343
-0.851293
-0.954759
-1.0545
-1.14777
-1.23143
-1.30228
-1.35738
-1011.55
-1034.63
-1057.6
-1080.42
-1103.01
-1125.3
-1147.23
-1168.73
-1189.72
-1210.14
-1229.91
-1248.97
-1267.25
-1284.7
-1301.26
-43.2018
-31.9298
-25.3934
-21.1107
-18.0386
-15.6899
-13.8126
-12.2642
-10.9576
-9.83649
-8.86213
-8.00704
-7.25092
-6.57834
-5.97729
-5.43824
-4.95344
-4.51653
-4.1222
-3.76596
-3.44398
-3.15299
-2.89013
-2.65292
-2.4392
-2.24706
-2.07483
-1.92104
-1.78439
-1.66377
-1.55817
-1.46674
-1.38874
-1.32355
-1.27065
-1.22962
-1.20014
-1.18196
-1.17495
-1.17905
-1.19428
-1.22076
-1.25868
-1.30834
-1.37012
-1.44448
-1.53199
-1.63333
-1.74927
-1.88069
-2.02861
-2.19417
-2.37863
-2.58342
-2.81013
-3.06052
-3.33653
-3.64033
-3.9743
-4.34109
-4.74361
-5.18512
-5.66917
-6.19977
-6.78132
-7.41875
-8.11758
-8.88397
-9.7249
-10.6482
-11.663
-12.7795
-14.0096
-15.3673
-16.8691
-18.5346
-20.3877
-22.4579
-24.782
-27.4076
-30.397
-33.8349
-37.84
-42.586
-48.3404
-55.5417
-64.9652
-78.1107
-98.1889
-132.841
-26.9794
-25.1287
-22.1666
-19.386
-17.0158
-15.03
-13.358
-11.9349
-10.7098
-9.6443
-8.70961
-7.88378
-7.14989
-6.49463
-5.90737
-5.37948
-4.90387
-4.47462
-4.08676
-3.73604
-3.41881
-3.13193
-2.87265
-2.63858
-2.4276
-2.23788
-2.06777
-1.91585
-1.78085
-1.66165
-1.55729
-1.46692
-1.38983
-1.32539
-1.2731
-1.23254
-1.2034
-1.18543
-1.17851
-1.18257
-1.19764
-1.22383
-1.26134
-1.31045
-1.37155
-1.44509
-1.53164
-1.63186
-1.74652
-1.87649
-2.02277
-2.18649
-2.3689
-2.57141
-2.79558
-3.04316
-3.31606
-3.61641
-3.94657
-4.30915
-4.70701
-5.14335
-5.62167
-6.14589
-6.72034
-7.34983
-8.03975
-8.79611
-9.62567
-10.5361
-11.536
-12.6352
-13.8453
-15.1793
-16.6527
-18.2838
-20.0945
-22.1114
-24.3672
-26.9029
-29.7704
-33.0373
-36.7922
-41.1529
-46.2759
-52.3607
-59.6242
-68.1461
-77.2202
-82.8647
-20.1149
-19.9269
-18.6777
-17.0694
-15.4388
-13.9177
-12.5445
-11.32
-10.2316
-9.26331
-8.3999
-7.62777
-6.93531
-6.3127
-5.75165
-5.24516
-4.78727
-4.37289
-3.99763
-3.65769
-3.34976
-3.07095
-2.81871
-2.59081
-2.38526
-2.20031
-2.03441
-1.88618
-1.75442
-1.63805
-1.53615
-1.4479
-1.37259
-1.30965
-1.25856
-1.21894
-1.19047
-1.17293
-1.16617
-1.17016
-1.1849
-1.21052
-1.24721
-1.29524
-1.35499
-1.4269
-1.51154
-1.60953
-1.72164
-1.84872
-1.99175
-2.15181
-2.33014
-2.52811
-2.74725
-2.98924
-3.25596
-3.54947
-3.87207
-4.22629
-4.6149
-5.04099
-5.50796
-6.01956
-6.57996
-7.19376
-7.8661
-8.60267
-9.40986
-10.2948
-11.2656
-12.3313
-13.5022
-14.7902
-16.2089
-17.7741
-19.5041
-21.4206
-23.5491
-25.9198
-28.5683
-31.5365
-34.8713
-38.6215
-42.8257
-47.4815
-52.4701
-57.3854
-61.1893
-61.7196
-16.1424
-16.2523
-15.7053
-14.7842
-13.7034
-12.5916
-11.5164
-10.5088
-9.57988
-8.73095
-7.9584
-7.25672
-6.61986
-6.04185
-5.51713
-5.04064
-4.60783
-4.21464
-3.85746
-3.53308
-3.23863
-2.97157
-2.72962
-2.51075
-2.31316
-2.13523
-1.97551
-1.83273
-1.70575
-1.59357
-1.49529
-1.41016
-1.33751
-1.27677
-1.22748
-1.18924
-1.16177
-1.14484
-1.13834
-1.14221
-1.15647
-1.18124
-1.2167
-1.26313
-1.32087
-1.39037
-1.47215
-1.56685
-1.67518
-1.79797
-1.93615
-2.09079
-2.26307
-2.4543
-2.66596
-2.89967
-3.15722
-3.4406
-3.752
-4.09383
-4.46876
-4.87971
-5.3299
-5.82288
-6.36258
-6.9533
-7.59983
-8.30743
-9.08195
-9.92987
-10.8584
-11.8756
-12.9903
-14.2127
-15.554
-17.0267
-18.6449
-20.4243
-22.3819
-24.5361
-26.9056
-29.5072
-32.3519
-35.4359
-38.7247
-42.1225
-45.4212
-48.2243
-49.8715
-49.4916
-13.3726
-13.5233
-13.2712
-12.7286
-12.0123
-11.2126
-10.3907
-9.58383
-8.81289
-8.08845
-7.41472
-6.79226
-6.21961
-5.69424
-5.21316
-4.77323
-4.37135
-4.00458
-3.67013
-3.36544
-3.08815
-2.83612
-2.60739
-2.40017
-2.21287
-2.04403
-1.89235
-1.75666
-1.63592
-1.52919
-1.43567
-1.35462
-1.28544
-1.22759
-1.18063
-1.14421
-1.11804
-1.10193
-1.09576
-1.09947
-1.1131
-1.13674
-1.17059
-1.2149
-1.27
-1.33632
-1.41436
-1.50471
-1.60807
-1.72521
-1.85704
-2.00455
-2.16888
-2.35126
-2.5531
-2.77592
-3.02144
-3.29153
-3.58826
-3.91388
-4.2709
-4.66205
-5.09034
-5.55907
-6.07184
-6.63261
-7.24572
-7.91592
-8.64842
-9.44892
-10.3236
-11.2794
-12.3235
-13.4641
-14.7098
-16.0698
-17.5537
-19.1712
-20.9315
-22.8424
-24.9084
-27.1278
-29.4876
-31.9552
-34.4662
-36.9055
-39.0855
-40.7272
-41.4719
-40.9733
-11.2331
-11.3738
-11.2544
-10.9227
-10.4404
-9.86514
-9.24287
-8.60657
-7.97843
-7.37243
-6.79675
-6.25565
-5.75085
-5.28245
-4.84955
-4.45066
-4.084
-3.74765
-3.43963
-3.15804
-2.90102
-2.66685
-2.4539
-2.26066
-2.08575
-1.92789
-1.78594
-1.65885
-1.54569
-1.4456
-1.35786
-1.28179
-1.21684
-1.16252
-1.11843
-1.08422
-1.05965
-1.04453
-1.03875
-1.04227
-1.05511
-1.07738
-1.10924
-1.15095
-1.20281
-1.26522
-1.33866
-1.42367
-1.52092
-1.63114
-1.75516
-1.89392
-2.04848
-2.22001
-2.40981
-2.61931
-2.8501
-3.10392
-3.38269
-3.68851
-4.02367
-4.3907
-4.79235
-5.23161
-5.71174
-6.2363
-6.80914
-7.43445
-8.11672
-8.8608
-9.6719
-10.5555
-11.5175
-12.5639
-13.7008
-14.9342
-16.2697
-17.712
-19.2638
-20.9248
-22.6899
-24.5458
-26.4675
-28.4117
-30.3103
-32.0615
-33.5242
-34.5211
-34.862
-34.4004
-9.47635
-9.59802
-9.54289
-9.33289
-9.0016
-8.58481
-8.11462
-7.61702
-7.11158
-6.61226
-6.12849
-5.66631
-5.22926
-4.81914
-4.43656
-4.08131
-3.75266
-3.44955
-3.17075
-2.91491
-2.68069
-2.46673
-2.27174
-2.09447
-1.93378
-1.78857
-1.65786
-1.54073
-1.43636
-1.34399
-1.26298
-1.19272
-1.1327
-1.0825
-1.04174
-1.01012
-0.987412
-0.973446
-0.968124
-0.971408
-0.983326
-1.00397
-1.0335
-1.07215
-1.1202
-1.17802
-1.24605
-1.3248
-1.41488
-1.51696
-1.63182
-1.76032
-1.90343
-2.06223
-2.23792
-2.43181
-2.64535
-2.88014
-3.13793
-3.42062
-3.73031
-4.06925
-4.43993
-4.84501
-5.28739
-5.77018
-6.29674
-6.87064
-7.49569
-8.17588
-8.9154
-9.71854
-10.5896
-11.5329
-12.5523
-13.6511
-14.8316
-16.0946
-17.4382
-18.857
-20.34
-21.8687
-23.4141
-24.9333
-26.366
-27.6323
-28.6334
-29.2594
-29.4072
-29.0095
-7.97421
-8.07681
-8.05432
-7.9177
-7.68595
-7.38137
-7.02586
-6.63876
-6.23596
-5.82975
-5.42924
-5.04088
-4.66899
-4.31631
-3.98437
-3.67382
-3.38471
-3.11665
-2.86899
-2.64089
-2.4314
-2.23953
-2.06429
-1.90468
-1.75977
-1.62865
-1.5105
-1.40452
-1.31002
-1.22633
-1.15289
-1.08918
-1.03474
-0.989186
-0.952194
-0.923499
-0.902892
-0.890228
-0.885417
-0.888428
-0.899288
-0.918084
-0.944958
-0.980118
-1.02383
-1.07643
-1.13831
-1.20994
-1.29187
-1.3847
-1.48915
-1.60598
-1.73609
-1.88045
-2.04012
-2.21631
-2.4103
-2.62355
-2.8576
-3.11416
-3.39509
-3.7024
-4.03825
-4.40498
-4.80511
-5.24131
-5.71642
-6.23344
-6.79548
-7.40575
-8.06749
-8.78391
-9.55802
-10.3925
-11.2896
-12.2504
-13.2749
-14.3612
-15.5046
-16.6968
-17.9244
-19.1676
-20.3986
-21.5794
-22.6613
-23.5848
-24.2826
-24.6862
-24.7375
-24.4031
-6.65038
-6.73557
-6.72993
-6.63936
-6.47504
-6.25112
-5.98244
-5.68303
-5.36515
-5.03896
-4.71244
-4.39167
-4.08104
-3.78361
-3.50137
-3.23547
-2.98646
-2.75442
-2.53913
-2.34012
-2.1568
-1.98847
-1.83439
-1.69381
-1.56598
-1.45017
-1.34569
-1.25191
-1.1682
-1.09404
-1.02892
-0.972405
-0.924099
-0.883669
-0.850833
-0.82536
-0.807071
-0.795837
-0.791584
-0.794284
-0.803964
-0.8207
-0.844623
-0.875914
-0.914813
-0.961615
-1.01667
-1.0804
-1.15328
-1.23586
-1.32876
-1.43268
-1.54838
-1.67673
-1.81868
-1.97528
-2.14767
-2.33711
-2.54497
-2.77273
-3.02201
-3.29454
-3.59219
-3.91697
-4.27098
-4.65649
-5.07585
-5.53149
-6.0259
-6.56157
-7.14092
-7.76623
-8.43946
-9.16213
-9.93503
-10.758
-11.6293
-12.5456
-13.5008
-14.4854
-15.4861
-16.4842
-17.4551
-18.3677
-19.1844
-19.862
-20.3549
-20.62
-20.6229
-20.3458
-5.45517
-5.52467
-5.52742
-5.46676
-5.34954
-5.18487
-4.98285
-4.75347
-4.50593
-4.24824
-3.987
-3.72749
-3.47374
-3.22872
-2.99452
-2.7725
-2.56346
-2.36779
-2.18552
-2.01649
-1.86035
-1.71663
-1.58481
-1.46434
-1.35464
-1.25513
-1.16527
-1.08453
-1.01243
-0.948507
-0.892351
-0.843593
-0.801906
-0.767009
-0.738662
-0.71667
-0.700884
-0.691193
-0.687535
-0.689889
-0.698278
-0.71277
-0.733476
-0.760557
-0.794217
-0.834712
-0.882348
-0.937483
-1.00053
-1.07197
-1.15232
-1.24219
-1.34225
-1.45323
-1.57595
-1.71131
-1.86028
-2.02395
-2.20347
-2.40011
-2.61523
-2.85029
-3.10686
-3.3866
-3.69127
-4.0227
-4.38278
-4.77345
-5.19663
-5.6542
-6.14791
-6.67926
-7.24944
-7.85909
-8.50812
-9.19546
-9.91869
-10.6737
-11.454
-12.2507
-13.0512
-13.8395
-14.5953
-15.294
-15.9073
-16.4047
-16.7552
-16.9309
-16.911
-16.6854
-4.35426
-4.40948
-4.41579
-4.37518
-4.29194
-4.17202
-4.02224
-3.84965
-3.66096
-3.46225
-3.25871
-3.05466
-2.85352
-2.65793
-2.46981
-2.29052
-2.12093
-1.96155
-1.81259
-1.67404
-1.54573
-1.42739
-1.31865
-1.21912
-1.12836
-1.04596
-0.971475
-0.904502
-0.844652
-0.791563
-0.744905
-0.704379
-0.669721
-0.640701
-0.617126
-0.598836
-0.585708
-0.577654
-0.574623
-0.576598
-0.5836
-0.595684
-0.612947
-0.63552
-0.663575
-0.697323
-0.737021
-0.782965
-0.835501
-0.89502
-0.961966
-1.03683
-1.12018
-1.21261
-1.31481
-1.42751
-1.55152
-1.68773
-1.8371
-2.00065
-2.1795
-2.37484
-2.58793
-2.82012
-3.07279
-3.3474
-3.64542
-3.96834
-4.3176
-4.69455
-5.1004
-5.53612
-6.00229
-6.49903
-7.02575
-7.58097
-8.16203
-8.76483
-9.38347
-10.0099
-10.6336
-11.2414
-11.8173
-12.3427
-12.797
-13.1587
-13.4068
-13.5232
-13.4949
-13.316
-3.32248
-3.36446
-3.37148
-3.34473
-3.28692
-3.20191
-3.09426
-2.96878
-2.83023
-2.68299
-2.53096
-2.37745
-2.22515
-2.0762
-1.93223
-1.79441
-1.66355
-1.54017
-1.42452
-1.3167
-1.21664
-1.12419
-1.03911
-0.961135
-0.889961
-0.825275
-0.766761
-0.714113
-0.667039
-0.625263
-0.588534
-0.556623
-0.529326
-0.506466
-0.487893
-0.473483
-0.463141
-0.4568
-0.454419
-0.455987
-0.46152
-0.471063
-0.484691
-0.502509
-0.524653
-0.551289
-0.582618
-0.618876
-0.660333
-0.707298
-0.76012
-0.819189
-0.88494
-0.957852
-1.03846
-1.12733
-1.22511
-1.33249
-1.45021
-1.57907
-1.71993
-1.87373
-2.04141
-2.22402
-2.42261
-2.63827
-2.8721
-3.12518
-3.39855
-3.69315
-4.00977
-4.34897
-4.711
-5.09566
-5.50219
-5.92908
-6.37388
-6.833
-7.30149
-7.77281
-8.23868
-8.68896
-9.11175
-9.49356
-9.81987
-10.0759
-10.2478
-10.3237
-10.2956
-10.1597
-2.34024
-2.36974
-2.37574
-2.35894
-2.32102
-2.26437
-2.1919
-2.10671
-2.01196
-1.91062
-1.80535
-1.69848
-1.59195
-1.48732
-1.38579
-1.28829
-1.19544
-1.10768
-1.02524
-0.948226
-0.876646
-0.810416
-0.749398
-0.693419
-0.642278
-0.595765
-0.553665
-0.515766
-0.481865
-0.451769
-0.425301
-0.402299
-0.382619
-0.366136
-0.352743
-0.342352
-0.334895
-0.330324
-0.328612
-0.329749
-0.333748
-0.340643
-0.350486
-0.363355
-0.379346
-0.39858
-0.421203
-0.447383
-0.477317
-0.511225
-0.549361
-0.592004
-0.639468
-0.692097
-0.750273
-0.814411
-0.884967
-0.962433
-1.04734
-1.14027
-1.24183
-1.35267
-1.47348
-1.60498
-1.74792
-1.90304
-2.07111
-2.25286
-2.44899
-2.66009
-2.88665
-3.12898
-3.38713
-3.66082
-3.94934
-4.25142
-4.56512
-4.88769
-5.21543
-5.54355
-5.86613
-6.17606
-6.46513
-6.72425
-6.94383
-7.1143
-7.22682
-7.27408
-7.25109
-7.15576
-1.39134
-1.40885
-1.41282
-1.4036
-1.38211
-1.34966
-1.30785
-1.25845
-1.20324
-1.14393
-1.08209
-1.01908
-0.956072
-0.894009
-0.83364
-0.77553
-0.720088
-0.66759
-0.618204
-0.572013
-0.529031
-0.489224
-0.452521
-0.418825
-0.388024
-0.359996
-0.334616
-0.311761
-0.291311
-0.273152
-0.257179
-0.243295
-0.231415
-0.221464
-0.213377
-0.207103
-0.202601
-0.199843
-0.198811
-0.1995
-0.201919
-0.206087
-0.212037
-0.219815
-0.229479
-0.241104
-0.254776
-0.270597
-0.288686
-0.309177
-0.332222
-0.357989
-0.386667
-0.418465
-0.453611
-0.492357
-0.534975
-0.581762
-0.633038
-0.689147
-0.750456
-0.817354
-0.890251
-0.969574
-1.05576
-1.14926
-1.25051
-1.35994
-1.47794
-1.60485
-1.74092
-1.8863
-2.04097
-2.20471
-2.37702
-2.55708
-2.74364
-2.93499
-3.12885
-3.32232
-3.51183
-3.6932
-3.86163
-4.01188
-4.13849
-4.23609
-4.29978
-4.32556
-4.31072
-4.25418
-1315.61
-1328
-1339.72
-1350.78
-1361.17
-1370.92
-1380.03
-1388.52
-1396.42
-1403.75
-1410.54
-1416.82
-1422.61
-1427.95
-1432.86
-1437.38
-1441.52
-1445.32
-1448.8
-1451.98
-1454.88
-1457.53
-1459.93
-1462.11
-1464.09
-1465.88
-1467.48
-1468.92
-1470.2
-1471.33
-1472.32
-1473.19
-1473.92
-1474.54
-1475.03
-1475.42
-1475.7
-1475.87
-1475.94
-1475.9
-1475.75
-1475.5
-1475.14
-1474.67
-1474.08
-1473.37
-1472.54
-1471.58
-1470.47
-1469.23
-1467.82
-1466.25
-1464.5
-1462.56
-1460.41
-1458.03
-1455.42
-1452.55
-1449.39
-1445.93
-1442.13
-1437.98
-1433.44
-1428.47
-1423.04
-1417.1
-1410.63
-1403.56
-1395.85
-1387.45
-1378.29
-1368.31
-1357.45
-1345.63
-1332.78
-1318.82
-1303.66
-1287.23
-1269.42
-1250.15
-1229.33
-1206.87
-1182.69
-1156.71
-1128.86
-1099.08
-1067.32
-1033.56
-997.784
-959.998
-77.264
-51.2324
-38.2282
-30.3259
-24.839
-20.6765
-17.3211
-14.4958
-12.0369
-9.8399
-7.83326
-5.96511
-4.19552
-2.492
-0.826523
-67.0488
-51.137
-39.878
-31.9634
-26.1549
-21.6761
-18.0662
-15.0467
-12.4415
-10.1344
-8.04431
-6.11192
-4.2916
-2.54627
-0.844062
-55.4907
-46.388
-38.1827
-31.4945
-26.1408
-21.8064
-18.2209
-15.1829
-12.548
-10.2118
-8.09754
-6.14658
-4.31264
-2.55738
-0.847514
-46.2395
-40.7409
-34.9699
-29.6906
-25.1072
-21.1877
-17.8276
-14.9158
-12.3555
-10.0672
-7.98734
-6.06417
-4.25494
-2.52308
-0.83612
-38.9383
-35.3657
-31.2652
-27.1903
-23.4093
-20.0092
-16.9858
-14.2972
-11.8907
-9.71411
-7.72034
-5.86776
-4.11981
-2.44385
-0.809997
-32.9895
-30.5178
-27.5344
-24.3959
-21.3301
-18.4536
-15.8089
-13.3963
-11.1957
-9.17812
-7.31204
-5.56666
-3.91266
-2.32249
-0.770009
-27.9726
-26.1814
-23.9585
-21.5282
-19.0614
-16.6661
-14.3995
-12.2833
-10.3177
-8.49045
-6.78299
-5.17411
-3.64164
-2.16341
-0.717554
-23.6154
-22.2764
-20.5894
-18.697
-16.7209
-14.7497
-12.8395
-11.0197
-9.3013
-7.68287
-6.1553
-4.70509
-3.31633
-1.97196
-0.65434
-19.7377
-18.7191
-17.4255
-15.949
-14.3752
-12.7723
-11.1887
-9.65446
-8.18482
-6.78435
-5.45019
-4.17455
-2.94661
-1.75371
-0.582181
-16.2148
-15.4365
-14.4441
-13.2982
-12.0583
-10.7754
-9.48861
-8.22451
-6.99905
-5.81946
-4.68648
-3.59626
-2.5418
-1.51408
-0.50284
-12.9564
-12.368
-11.6161
-10.7412
-9.78426
-8.78242
-7.76563
-6.75584
-5.76734
-4.80788
-3.87997
-2.98217
-2.11024
-1.25796
-0.417935
-9.89393
-9.46264
-8.91117
-8.266
-7.55503
-6.80426
-6.03558
-5.26579
-4.50653
-3.7647
-3.0433
-2.3422
-1.65898
-0.989579
-0.328873
-6.97266
-6.6774
-6.29979
-5.85652
-5.36552
-4.84392
-4.30655
-3.76517
-3.22823
-2.70106
-2.18628
-1.68431
-1.19388
-0.71249
-0.236843
-4.14684
-3.97447
-3.75402
-3.49471
-3.20657
-2.89931
-2.5815
-2.26008
-1.94013
-1.625
-1.31643
-1.01486
-0.719715
-0.429657
-0.142847
-916.252
-865.747
-812.575
-756.886
-698.854
-638.673
-576.549
-512.696
-447.33
-380.665
-312.912
-244.278
-174.965
-105.171
-35.0888
)
;

boundaryField
{
    hot
    {
        type            calculated;
        value           nonuniform List<scalar> 
120
(
1006.31
0.0281707
0.0469599
0.0657513
0.0845212
0.103229
0.121811
0.140183
0.158253
0.175929
0.193139
0.209853
0.226098
0.241969
0.257621
0.271933
0.285032
0.298269
0.31164
0.325064
0.338382
0.351367
0.363747
0.375238
0.385573
0.394527
0.401927
0.407652
0.41163
0.413825
0.414237
0.412898
0.409874
0.405262
0.399192
0.391818
0.383311
0.373856
0.36364
0.352844
0.341631
0.330141
0.318484
0.306738
0.294955
0.283163
0.271372
0.259576
0.247756
0.235883
0.223924
0.211846
0.19962
0.187224
0.174641
0.161856
0.148854
0.135622
0.122143
0.108407
0.0944048
0.0801382
0.0656164
0.0508599
0.0359012
0.0207849
0.00556818
-0.00968113
-0.0248864
-0.0399653
-0.0548322
-0.0694007
-0.0835842
-0.0972965
-0.110452
-0.12297
-0.134773
-0.145796
-0.155989
-0.165318
-0.173767
-0.181333
-0.188026
-0.193867
-0.198886
-0.203129
-0.206656
-0.209548
-0.211905
-0.213852
-0.215535
-0.21713
-0.218836
-0.220875
-0.223476
-0.226856
-0.231188
-0.236572
-0.24301
-0.250382
-0.258439
-0.266804
-0.274998
-0.28247
-0.288644
-0.293171
-0.294956
-0.292731
-0.286182
-0.275281
-0.260241
-0.241457
-0.219432
-0.194711
-0.167826
-0.139267
-0.109459
-0.0787624
-0.0474788
-1011.55
)
;
    }
    cold
    {
        type            calculated;
        value           nonuniform List<scalar> 
120
(
36.8116
0.157247
0.260611
0.361649
0.459194
0.551862
0.638033
0.715857
0.783311
0.838318
0.878916
0.903486
0.911003
0.901259
0.87502
0.838498
0.795735
0.746159
0.691727
0.634405
0.576035
0.518234
0.46233
0.409341
0.359977
0.314672
0.273624
0.236845
0.204209
0.175491
0.150406
0.128635
0.109851
0.0937302
0.0799656
0.0682729
0.0583943
0.0500998
0.0431874
0.0374817
0.0328329
0.0291139
0.0262186
0.0240594
0.0225644
0.0216753
0.0213441
0.0215305
0.0221981
0.0233109
0.0248284
0.0267006
0.0288629
0.0312296
0.0336891
0.0360993
0.0382855
0.0400414
0.0411353
0.041321
0.0403544
0.0380143
0.0341237
0.0285698
0.0213171
0.0124116
0.00197496
-0.0098095
-0.0227163
-0.0364988
-0.0509078
-0.0657065
-0.0806798
-0.0956396
-0.110427
-0.124913
-0.139001
-0.152631
-0.165776
-0.178448
-0.190694
-0.202593
-0.214253
-0.22581
-0.237426
-0.249298
-0.261653
-0.274753
-0.288894
-0.304404
-0.321637
-0.340966
-0.362769
-0.387408
-0.415193
-0.446331
-0.480875
-0.518662
-0.559256
-0.601915
-0.645575
-0.68887
-0.730195
-0.7678
-0.799915
-0.826523
-0.844062
-0.847514
-0.83612
-0.809997
-0.770009
-0.717554
-0.65434
-0.582181
-0.50284
-0.417935
-0.328873
-0.236843
-0.142847
-35.0888
)
;
    }
    interface_left
    {
        type            calculated;
        value           nonuniform List<scalar> 
90
(
8.98833
3.60096
1.99356
1.59676
1.78109
2.61935
4.94904
11.8131
34.3026
34.4178
12.1963
5.74733
4.24135
5.41896
11.0805
30.7266
30.7534
11.1906
5.7462
5.24692
9.07047
23.9592
23.8071
8.53937
4.02266
2.84542
3.37711
6.55547
17.8255
17.7714
6.38042
3.03214
2.19953
2.70709
5.39961
14.8657
14.8131
5.22855
2.36776
1.55709
1.70329
3.1564
8.46922
8.41639
2.98867
1.38869
1.02481
1.46802
3.63723
3.53972
1.14125
0.330127
-0.0850563
-0.552731
-1.60095
-4.82008
-4.90683
-1.88482
-1.12436
-1.19077
-2.01328
-4.66529
-13.442
-13.4972
-4.84547
-2.37452
-1.88512
-2.58547
-5.48303
-15.3887
-15.4041
-5.5333
-2.68597
-2.07801
-2.78105
-5.85132
-16.4436
-16.3925
-5.67858
-2.41087
-1.29947
-0.883971
-0.735427
-0.724261
-0.825238
-1.07876
-1.63504
-2.95679
-6.56177
-17.8217
)
;
    }
    interface_right
    {
        type            calculated;
        value           nonuniform List<scalar> 
90
(
59.7425
21.8347
9.64374
5.10845
3.11564
2.09054
1.49212
1.10924
0.848009
0.661473
0.523772
0.419546
0.339119
0.276109
0.22615
0.186156
0.153897
0.127723
0.106391
0.0889524
0.0746734
0.0629814
0.0534266
0.0456544
0.0393858
0.0344031
0.0305392
0.0276705
0.0257131
0.0246201
0.0243828
0.0250345
0.0266588
0.0294035
0.0335047
0.0393264
0.0474277
0.0586809
0.0744867
0.0971948
0.130983
0.183879
0.272879
0.438388
0.789114
1.65382
4.12934
12.16
14.4514
7.08438
2.48721
0.930475
0.224825
-0.373651
-1.48899
-4.74643
-4.85695
-1.8507
-1.10134
-1.17602
-2.00505
-4.66251
-13.4441
-13.5039
-4.85677
-2.39063
-1.9065
-2.61275
-5.51709
-15.4307
-15.4555
-5.59581
-2.76197
-2.17037
-2.89345
-5.98845
-16.6115
-16.5991
-5.93467
-2.73094
-1.70404
-1.40301
-1.4148
-1.63874
-2.1074
-2.99134
-4.77445
-8.89127
-20.0163
-54.675
)
;
    }
    interface_top
    {
        type            calculated;
        value           nonuniform List<scalar> 
90
(
-54.9483
-35.6613
-26.7661
-21.7106
-18.3482
-15.8726
-13.9313
-12.3465
-11.0174
-9.88126
-8.89639
-8.03363
-7.27174
-6.59469
-5.99012
-5.44822
-4.96108
-4.52222
-4.12624
-3.7686
-3.44543
-3.1534
-2.88963
-2.65164
-2.43722
-2.24447
-2.07171
-1.91745
-1.7804
-1.65941
-1.5535
-1.4618
-1.38358
-1.3182
-1.26515
-1.224
-1.19443
-1.1762
-1.16917
-1.17328
-1.18855
-1.2151
-1.25313
-1.30292
-1.36487
-1.43944
-1.52719
-1.62881
-1.74507
-1.87686
-2.02519
-2.1912
-2.37618
-2.58154
-2.80889
-3.05998
-3.33678
-3.64144
-3.97636
-4.34421
-4.74791
-5.19071
-5.67621
-6.2084
-6.79174
-7.43117
-8.13223
-8.90115
-9.74495
-10.6716
-11.6901
-12.8109
-14.0461
-15.4099
-16.9189
-18.5932
-20.4572
-22.541
-24.8829
-27.532
-30.5538
-34.0378
-38.1123
-42.97
-48.9214
-56.5132
-66.8303
-82.355
-109.696
-169.028
)
;
    }
    interface_bottom
    {
        type            calculated;
        value           nonuniform List<scalar> 
90
(
26.7308
17.3625
12.981
10.4448
8.72335
7.42851
6.38992
5.52109
4.7724
4.1126
3.52049
2.98082
2.48203
2.01497
1.57201
1.14652
0.732441
0.323906
-0.0850576
-0.500912
-0.931081
-1.38461
-1.87321
-2.413
-3.02768
-3.75477
-4.65914
-5.86591
-7.64967
-10.7044
-17.0399
-33.1798
27.5997
11.3444
4.76569
1.31133
-1.08279
-3.21369
-5.56402
-8.72656
-13.9623
-24.7905
-52.5615
53.4934
25.7441
14.9623
9.80481
6.76731
4.62034
2.84306
1.13484
-0.786502
-3.36937
-7.63882
-16.4923
-39.2925
48.3745
25.668
17.0055
13.0316
10.8619
9.49328
8.51535
7.71638
6.94011
6.00144
4.56528
1.82924
-4.50535
-21.8936
48.8777
31.729
25.8779
23.8781
23.4447
23.7953
24.622
25.7755
27.1434
28.5563
29.5965
28.9974
22.5047
68.6478
64.2334
68.1772
77.2674
92.841
121.591
185.196
)
;
    }
    defaultFaces
    {
        type            empty;
    }
}


// ************************************************************************* //
