/*--------------------------------*- C++ -*----------------------------------*\
| =========                 |                                                 |
| \\      /  F ield         | OpenFOAM: The Open Source CFD Toolbox           |
|  \\    /   O peration     | Version:  5.x                                   |
|   \\  /    A nd           | Web:      www.OpenFOAM.org                      |
|    \\/     M anipulation  |                                                 |
\*---------------------------------------------------------------------------*/
FoamFile
{
    version     2.0;
    format      ascii;
    class       volScalarField;
    location    "11.6";
    object      T;
}
// * * * * * * * * * * * * * * * * * * * * * * * * * * * * * * * * * * * * * //

dimensions      [0 0 0 1 0 0 0];

internalField   nonuniform List<scalar> 
6300
(
10.4124
11.2361
12.0561
12.8699
13.6752
14.4695
15.2503
16.0151
16.7618
17.4878
18.1911
18.8696
19.5215
20.1452
20.7395
10.4136
11.2397
12.0621
12.8784
13.6861
14.4827
15.2659
16.0331
16.782
17.5102
18.2155
18.8958
19.5492
20.1741
20.7692
10.4161
11.247
12.0742
12.8953
13.7078
14.5093
15.2972
16.0692
16.8226
17.5552
18.2646
18.9485
19.605
20.2323
20.829
10.4197
11.2578
12.0923
12.9206
13.7404
14.5491
15.3443
16.1234
16.8838
17.6231
18.3387
19.0282
19.6895
20.3206
20.9198
10.4245
11.2722
12.1163
12.9544
13.7839
14.6024
15.4072
16.1959
16.9658
17.7142
18.4384
19.1358
19.8038
20.4402
21.043
10.4305
11.2902
12.1464
12.9966
13.8382
14.6689
15.4861
16.2871
17.069
17.8292
18.5646
19.2722
19.9492
20.5928
21.2006
10.4377
11.3118
12.1824
13.047
13.9034
14.7489
15.5809
16.3968
17.1937
17.9686
18.7181
19.439
20.1276
20.7806
21.395
10.446
11.3368
12.2242
13.1057
13.9792
14.842
15.6916
16.5253
17.3401
18.1329
18.9
19.6375
20.3411
21.0066
21.6298
10.4554
11.3652
12.2716
13.1725
14.0654
14.9481
15.8179
16.6723
17.5083
18.3225
19.111
19.8694
20.5924
21.2744
21.9095
10.466
11.3969
12.3246
13.2469
14.1617
15.0667
15.9595
16.8375
17.6979
18.5373
19.3517
20.1361
20.8842
21.5884
22.2403
10.4776
11.4317
12.3828
13.3288
14.2676
15.1973
16.1155
17.02
17.9081
18.7767
19.622
20.4387
21.2194
21.9542
22.6304
10.4901
11.4695
12.4459
13.4176
14.3826
15.3391
16.285
17.2185
18.1374
19.0391
19.9205
20.7767
21.6
22.378
23.0915
10.5036
11.51
12.5137
13.5129
14.506
15.4911
16.4667
17.4313
18.3834
19.3215
20.2437
21.1471
22.0255
22.8656
23.6404
10.518
11.5532
12.5859
13.6143
14.637
15.6524
16.6591
17.6562
18.643
19.6192
20.5853
21.542
22.4887
23.418
24.3006
10.5332
11.5989
12.6621
13.7213
14.7751
15.822
16.8609
17.8911
18.9127
19.9265
20.9358
21.9464
22.9685
24.0165
25.0945
21.2566
21.7054
22.1331
22.5397
22.9258
23.2918
23.6388
23.9675
24.2791
24.5747
24.8557
25.1233
25.379
25.624
25.8598
26.0877
26.3091
26.5253
26.7376
26.9473
27.1554
27.3631
27.5715
27.7815
27.9939
28.2096
28.4291
28.6529
28.8815
29.115
29.3535
29.5971
29.8455
30.0986
30.356
30.6173
30.882
31.1497
31.4195
31.691
31.9633
32.2357
32.5072
32.777
33.0442
33.3078
33.5671
33.8212
34.0694
34.3108
34.5449
34.771
34.9884
35.1964
35.3942
35.5812
35.7565
35.9193
36.0688
36.204
36.3241
36.4281
36.5152
36.5842
36.6342
36.6641
36.6725
36.6581
36.6195
36.5549
36.4628
36.3412
36.188
36.0013
35.7787
35.518
35.217
34.8731
34.484
34.0472
33.5603
33.0211
32.4272
31.7767
31.0679
30.2992
29.4696
28.5785
27.6259
26.6121
21.2866
21.7355
22.1628
22.5688
22.9539
23.3188
23.6643
23.9915
24.3013
24.5951
24.8742
25.1399
25.3935
25.6366
25.8704
26.0963
26.3158
26.5302
26.7407
26.9486
27.1551
27.3614
27.5684
27.7771
27.9885
28.2032
28.422
28.6453
28.8735
29.1068
29.3454
29.5892
29.8379
30.0915
30.3494
30.6114
30.8769
31.1454
31.4163
31.6888
31.9623
32.2359
32.5086
32.7797
33.0482
33.313
33.5735
33.8287
34.0779
34.3203
34.5554
34.7824
35.0008
35.2098
35.4087
35.5969
35.7734
35.9374
36.0881
36.2246
36.346
36.4514
36.5399
36.6105
36.6621
36.6937
36.7041
36.6918
36.6555
36.5935
36.5041
36.3853
36.2352
36.0516
35.8324
35.5751
35.2775
34.9371
34.5515
34.1182
33.6347
33.0986
32.5077
31.8598
31.153
30.3859
29.5572
28.6663
27.713
26.6978
21.3471
21.7959
22.2226
22.6273
23.0106
23.3731
23.7158
24.0397
24.3461
24.6361
24.9113
25.173
25.4226
25.6617
25.8915
26.1135
26.3292
26.5398
26.7468
26.9512
27.1545
27.3577
27.5619
27.7681
27.9773
28.1902
28.4075
28.6297
28.8572
29.0903
29.3289
29.5731
29.8225
30.077
30.3362
30.5995
30.8665
31.1368
31.4096
31.6843
31.9601
32.2361
32.5115
32.7852
33.0562
33.3236
33.5864
33.8438
34.095
34.3394
34.5763
34.8052
35.0255
35.2366
35.4377
35.6281
35.807
35.9735
36.1267
36.2658
36.3898
36.4979
36.5892
36.6628
36.7176
36.7528
36.767
36.759
36.7274
36.6704
36.5864
36.4734
36.3294
36.1522
35.9395
35.6891
35.3984
35.0651
34.6866
34.2603
33.7836
33.2541
32.6691
32.0265
31.3241
30.5602
29.7334
28.8429
27.8884
26.8703
21.439
21.8878
22.3134
22.7161
23.0965
23.4553
23.7936
24.1126
24.4135
24.6979
24.9672
25.2228
25.4664
25.6993
25.9231
26.1392
26.349
26.554
26.7555
26.9548
27.1531
27.3517
27.5517
27.7541
27.9599
28.17
28.385
28.6056
28.8321
29.0648
29.3036
29.5484
29.799
30.055
30.3159
30.5813
30.8506
31.1235
31.3992
31.6771
31.9565
32.2364
32.5158
32.7935
33.0685
33.3397
33.606
33.8666
34.1208
34.368
34.6076
34.8393
35.0625
35.2765
35.4809
35.6747
35.8573
36.0275
36.1845
36.3274
36.4553
36.5674
36.6628
36.7408
36.8004
36.8407
36.8607
36.8591
36.8344
36.7851
36.7093
36.6051
36.4703
36.3027
36.1
35.8598
35.5796
35.257
34.8893
34.4737
34.0076
33.4882
32.9126
32.2783
31.5828
30.8241
30.0004
29.1106
28.1544
27.132
21.5637
22.0125
22.4367
22.8365
23.2128
23.5664
23.8986
24.2107
24.5042
24.7808
25.0419
25.2894
25.5246
25.7493
25.9649
26.1731
26.3751
26.5725
26.7667
26.959
27.1506
27.343
27.5371
27.7343
27.9356
28.1418
28.3538
28.5721
28.7973
29.0295
29.2687
29.5146
29.7668
30.0248
30.2882
30.5563
30.8288
31.105
31.3846
31.6669
31.9512
32.2364
32.5213
32.8047
33.0853
33.3616
33.6327
33.8976
34.1556
34.4063
34.6494
34.8845
35.1113
35.3294
35.5381
35.7366
35.924
36.0993
36.2615
36.4095
36.5425
36.6597
36.7604
36.8439
36.9096
36.9567
36.9843
36.9911
36.9758
36.9367
36.8719
36.7795
36.6571
36.5024
36.3132
36.0868
35.8209
35.5127
35.1597
34.7589
34.3073
33.8019
33.2396
32.6171
31.9316
31.1805
30.3615
29.4731
28.5147
27.4864
21.7234
22.1721
22.5943
22.9903
23.3611
23.7078
24.0318
24.3349
24.6187
24.8851
25.1358
25.3727
25.5974
25.8116
26.0169
26.2149
26.4071
26.5949
26.7798
26.9632
27.1463
27.3307
27.5175
27.7079
27.9032
28.1044
28.3124
28.528
28.7516
28.9833
29.2232
29.4707
29.7253
29.9862
30.2527
30.5242
30.8004
31.0808
31.3652
31.653
31.9435
32.2356
32.528
32.8191
33.107
33.3901
33.6673
33.9374
34.1999
34.4546
34.7014
34.9405
35.1716
35.3945
35.6087
35.8132
36.0071
36.1889
36.3576
36.512
36.6511
36.7745
36.8814
36.9716
37.0445
37.0997
37.1365
37.1537
37.1501
37.124
37.0733
36.9958
36.8891
36.7509
36.5785
36.3697
36.1217
35.832
35.4977
35.116
34.6834
34.1966
33.6519
33.0456
32.3739
31.6335
30.8215
29.9356
28.9747
27.9388
21.9207
22.3694
22.789
23.1799
23.5434
23.881
24.1946
24.486
24.7576
25.0112
25.249
25.4728
25.6845
25.8859
26.0787
26.2644
26.4446
26.6207
26.7943
26.9668
27.1396
27.3141
27.4916
27.6737
27.8615
28.0563
28.2593
28.4714
28.6931
28.9246
29.1657
29.4158
29.6737
29.9384
30.2089
30.4845
30.7649
31.05
31.3398
31.6341
31.9323
32.2335
32.5357
32.8368
33.1344
33.4263
33.7108
33.9869
34.2543
34.513
34.7637
35.0067
35.2425
35.4711
35.692
35.9042
36.1062
36.2963
36.4731
36.6351
36.7814
36.9116
37.0254
37.1228
37.2037
37.2681
37.3155
37.3451
37.3557
37.3454
37.3119
37.2528
37.1655
37.0471
36.8953
36.7076
36.4814
36.2141
35.903
35.545
35.1364
34.6735
34.1519
33.5671
32.9142
32.1888
31.3868
30.505
29.5416
28.4963
22.1594
22.6081
23.0242
23.4085
23.7624
24.0883
24.3884
24.6653
24.9215
25.1595
25.3814
25.5895
25.7858
25.9719
26.1498
26.321
26.487
26.6494
26.8097
26.9693
27.1296
27.2922
27.4586
27.6302
27.8088
27.9957
28.1924
28.4001
28.6196
28.8512
29.0946
29.3485
29.6114
29.8814
30.1569
30.437
30.7217
31.0114
31.3068
31.6084
31.9161
32.2287
32.5439
32.8586
33.169
33.472
33.7654
34.048
34.3199
34.582
34.8357
35.0822
35.3227
35.5576
35.7867
36.0085
36.2211
36.4219
36.6086
36.7796
36.9338
37.0711
37.1918
37.2964
37.3855
37.4597
37.5189
37.5628
37.5901
37.5988
37.5863
37.5494
37.4851
37.3904
37.2627
37.0996
36.8989
36.6582
36.3748
36.0455
35.6666
35.2338
34.742
34.1853
33.5578
32.8532
32.0658
31.191
30.2256
29.1688
22.4445
22.8934
23.3047
23.6799
24.0213
24.3319
24.615
24.8737
25.1111
25.3301
25.5332
25.7227
25.9007
26.0692
26.2298
26.3842
26.534
26.6805
26.8253
26.9698
27.1156
27.2641
27.417
27.5761
27.7432
27.9201
28.1088
28.3109
28.5278
28.7601
29.0072
29.2676
29.5381
29.8155
30.0972
30.382
30.6704
30.9637
31.264
31.5731
31.8917
32.219
32.5519
32.8853
33.2133
33.5306
33.8343
34.1233
34.3986
34.6622
34.9168
35.1652
35.4096
35.6515
35.8905
36.1251
36.3518
36.5665
36.7656
36.9469
37.1094
37.2534
37.3801
37.491
37.5876
37.6714
37.7432
37.8031
37.85
37.8816
37.8944
37.8843
37.8472
37.7799
37.6798
37.5447
37.373
37.1626
36.9113
36.6162
36.2733
35.878
35.4241
34.9045
34.3112
33.6357
32.8698
32.0064
31.0403
29.9695
22.7829
23.232
23.6367
23.9994
24.3239
24.6146
24.8759
25.112
25.3265
25.5228
25.7037
25.8716
26.0288
26.177
26.318
26.4534
26.5847
26.7133
26.8405
26.9678
27.0967
27.2288
27.3658
27.5097
27.6625
27.8268
28.0049
28.1995
28.4129
28.6465
28.9001
29.171
29.4539
29.7425
30.0321
30.3211
30.6109
30.9049
31.2076
31.5229
31.8539
32.2003
32.5582
32.9189
33.2717
33.6079
33.9232
34.2173
34.4929
34.7541
35.0058
35.2528
35.4993
35.7481
35.9998
36.2518
36.4985
36.7323
36.9472
37.14
37.3103
37.4594
37.59
37.7049
37.8071
37.8993
37.9835
38.0608
38.1306
38.1902
38.2343
38.2568
38.2518
38.2155
38.1458
38.0414
37.9014
37.7247
37.5098
37.2543
36.9545
36.6053
36.1997
35.7288
35.1819
34.5472
33.8132
32.9686
32.0047
30.9173
23.1846
23.6337
24.0284
24.3733
24.6746
24.9389
25.1725
25.3805
25.5675
25.737
25.8921
26.0354
26.1688
26.2944
26.4135
26.5278
26.6386
26.7471
26.8547
26.9627
27.0725
27.1856
27.3039
27.4295
27.5647
27.7125
27.8764
28.0603
28.2682
28.5034
28.7672
29.0561
29.3607
29.6672
29.9668
30.258
30.5443
30.8328
31.1317
31.4494
31.7926
32.1642
32.5593
32.9629
33.3529
33.7142
34.0415
34.337
34.6068
34.8585
35.1003
35.3399
35.5844
35.8394
36.1073
36.3851
36.6625
36.9242
37.1594
37.3644
37.5403
37.691
37.8212
37.9358
38.0397
38.1372
38.2324
38.328
38.4248
38.5196
38.6044
38.6674
38.7
38.698
38.6605
38.588
38.4812
38.3406
38.1656
37.9549
37.7055
37.4125
37.0682
36.6614
36.1776
35.6009
34.9145
34.1014
33.1461
32.0389
23.6645
24.113
24.4914
24.8093
25.0777
25.3069
25.505
25.6787
25.8328
25.9712
26.097
26.2124
26.3196
26.4201
26.5153
26.6065
26.6949
26.7816
26.8676
26.9542
27.0426
27.1342
27.2308
27.3345
27.4479
27.5744
27.7184
27.8857
28.0831
28.3183
28.597
28.9179
29.2638
29.6008
29.9129
30.2007
30.4738
30.7448
31.0279
31.3381
31.6896
32.0931
32.5471
33.0252
33.4745
33.8683
34.2045
34.4925
34.7455
34.9763
35.1969
35.4188
35.6533
35.9109
36.1993
36.5178
36.848
37.1529
37.414
37.6294
37.8055
37.9508
38.0735
38.181
38.2802
38.3775
38.4794
38.5923
38.7204
38.8623
39.0044
39.1205
39.1967
39.2304
39.2244
39.1827
39.1086
39.0046
38.8717
38.71
38.5181
38.2923
38.0254
37.7037
37.306
36.8113
36.1971
35.4377
34.5051
33.3761
24.2481
24.6926
25.0409
25.3157
25.5367
25.7187
25.8722
26.0043
26.12
26.2229
26.3158
26.4007
26.4792
26.5526
26.6221
26.6886
26.753
26.8161
26.8789
26.9422
27.0072
27.0748
27.1467
27.2247
27.3113
27.4101
27.5261
27.6667
27.8429
28.0696
28.3654
28.7427
29.1789
29.5695
29.8928
30.1639
30.4052
30.6383
30.8843
31.1661
31.5107
31.9483
32.499
33.1282
33.675
34.1043
34.4355
34.6975
34.9151
35.1075
35.2904
35.4786
35.6877
35.9368
36.247
36.6323
37.0686
37.4437
37.733
37.9498
38.1138
38.2418
38.3463
38.437
38.522
38.6097
38.7095
38.8334
38.995
39.2032
39.4407
39.6299
39.7532
39.8186
39.8384
39.8225
39.7779
39.7089
39.6181
39.5074
39.378
39.2301
39.0603
38.854
38.573
38.1926
37.6877
37.0224
36.1458
34.9996
24.9864
25.4098
25.6958
25.8987
26.0509
26.171
26.2694
26.3526
26.4247
26.4883
26.5454
26.5974
26.6454
26.6901
26.7324
26.7728
26.812
26.8504
26.8886
26.9273
26.967
27.0086
27.053
27.1017
27.1564
27.2202
27.2975
27.3959
27.5288
27.7207
28.0155
28.4816
29.159
29.634
29.9472
30.1691
30.3473
30.5122
30.6883
30.9028
31.1968
31.6396
32.3367
33.3489
34.0434
34.4805
34.7652
34.9654
35.1198
35.2511
35.3753
35.5068
35.6635
35.8737
36.1853
36.6721
37.3763
37.8566
38.1551
38.3449
38.4728
38.5654
38.6379
38.6998
38.7589
38.823
38.9035
39.0188
39.2012
39.5005
39.9453
40.233
40.3919
40.4712
40.5023
40.5026
40.4811
40.443
40.3918
40.3305
40.2634
40.1981
40.1464
40.1107
39.9818
39.7518
39.408
38.91
38.1737
37.0522
26.0121
26.3241
26.4698
26.5539
26.6109
26.6536
26.6878
26.7163
26.7408
26.7624
26.7817
26.7992
26.8153
26.8303
26.8445
26.8581
26.8712
26.8841
26.897
26.91
26.9233
26.9374
26.9524
26.969
26.9878
27.01
27.0376
27.0745
27.1291
27.2229
27.4179
27.9157
29.4296
29.9305
30.132
30.2365
30.3075
30.3692
30.4359
30.5239
30.6679
30.9636
31.7195
34.0263
34.7812
35.0749
35.2155
35.2982
35.3564
35.4039
35.4486
35.4975
35.5612
35.6632
35.8703
36.3975
38.0051
38.5301
38.7327
38.8277
38.8814
38.9168
38.9432
38.9655
38.9871
39.0117
39.0462
39.1064
39.2377
39.5871
40.6748
41.0203
41.1437
41.1917
41.2095
41.2125
41.2067
41.1948
41.1788
41.1605
41.1448
41.1452
41.2081
41.5003
41.5349
41.4738
41.349
41.1395
40.7549
39.9049
25.4308
24.058
22.6048
21.0758
19.4764
17.8126
16.0904
14.3165
12.4972
10.639
8.74829
6.8312
4.89381
2.94201
0.981624
25.5141
24.1376
22.6798
21.1455
19.5403
17.8702
16.1417
14.3613
12.5357
10.6712
8.77435
6.85129
4.90805
2.95051
0.984448
25.6817
24.2977
22.8306
21.2855
19.6684
17.9858
16.2444
14.451
12.6125
10.7355
8.82634
6.89132
4.93641
2.96744
0.990074
25.9358
24.5402
23.0586
21.4968
19.8614
18.1595
16.3984
14.5854
12.7275
10.8315
8.90393
6.95102
4.97869
2.99265
0.998452
26.2797
24.8679
23.366
21.7809
20.1202
18.3918
16.6039
14.7641
12.8801
10.9587
9.00659
7.02991
5.03451
3.02592
1.00951
26.7183
25.2848
23.756
22.14
20.446
18.6831
16.8606
14.9867
13.0696
11.1163
9.13352
7.12731
5.10335
3.06692
1.02312
27.2579
25.7962
24.2322
22.5764
20.8398
19.0336
17.1679
15.2522
13.2948
11.3031
9.28357
7.24225
5.18447
3.1152
1.03915
27.9075
26.409
24.7995
23.0927
21.3027
19.4428
17.5248
15.5589
13.5539
11.5172
9.45515
7.37342
5.27692
3.17017
1.05739
28.6787
27.132
25.4634
23.6916
21.8349
19.9095
17.9289
15.9042
13.8442
11.7562
9.64616
7.51912
5.37946
3.23108
1.07759
29.5874
27.9762
26.2295
24.3745
22.435
20.4307
18.3766
16.2842
14.1621
12.0169
9.85384
7.6772
5.49054
3.297
1.09944
30.6556
28.9547
27.1032
25.1409
23.0992
21.001
18.8621
16.6934
14.5026
12.295
10.0748
7.84505
5.60832
3.36684
1.12259
31.9147
30.0829
28.087
25.9859
23.8193
21.6113
19.3767
17.1242
14.8593
12.5854
10.305
8.01961
5.73069
3.43936
1.14661
33.4101
31.3742
29.1749
26.8958
24.5798
22.2475
19.9085
17.5668
15.2245
12.882
10.5397
8.19746
5.8553
3.51318
1.17106
35.2065
32.8277
30.3416
27.8416
25.3559
22.8899
20.4422
18.0097
15.5892
13.1781
10.774
8.37498
5.9797
3.58688
1.19547
37.367
34.3876
31.5211
28.7724
26.1114
23.5131
20.96
18.4399
15.9442
13.4667
11.0027
8.54854
6.10145
3.65907
1.21939
10.5479
11.6429
12.7355
13.8243
14.9078
15.9846
17.0536
18.1142
19.1665
20.2121
21.2554
22.306
23.3842
24.5368
25.8921
10.5617
11.6845
12.8049
13.9215
15.0328
16.1375
17.2343
18.3224
19.4015
20.473
21.5406
22.6133
23.7101
24.8687
26.1572
10.5761
11.7276
12.8768
14.0222
15.1624
16.2958
17.4209
18.5365
19.6417
20.7362
21.8218
22.9035
23.9925
25.1099
26.2838
10.591
11.7722
12.9512
14.1265
15.2965
16.4596
17.6139
18.7577
19.8888
21.0054
22.1054
23.1881
24.2548
25.3114
26.3684
10.6063
11.8183
13.0281
14.2343
15.4353
16.6292
17.814
18.9873
20.1458
21.2855
22.4007
23.4834
24.5237
25.512
26.4474
10.6222
11.8659
13.1075
14.3456
15.5787
16.8049
18.0218
19.2268
20.4156
21.5825
22.7181
23.8076
24.8282
25.7489
26.5458
10.6385
11.9148
13.1892
14.4604
15.7268
16.9867
18.2378
19.4771
20.7003
21.9007
23.067
24.1793
25.2015
26.0714
26.7041
10.6552
11.9649
13.273
14.5783
15.8793
17.1744
18.4617
19.7384
21.0006
22.2423
23.453
24.613
25.6802
26.558
27.0283
10.6722
12.0162
13.3588
14.6989
16.0356
17.3674
18.6926
20.0094
21.3148
22.6049
23.8739
25.1107
26.2899
27.3272
27.8559
10.6896
12.0683
13.446
14.8219
16.1951
17.5646
18.9293
20.2879
21.6391
22.9819
24.3165
25.648
26.9975
28.4489
30.3767
10.7071
12.1212
13.5345
14.9466
16.357
17.7649
19.1699
20.5713
21.969
23.3641
24.7609
26.1723
27.6339
29.2393
31.2128
10.7249
12.1745
13.6237
15.0724
16.5203
17.9671
19.4126
20.8568
22.3003
23.7447
25.1946
26.6612
28.1698
29.7735
31.557
10.7426
12.2279
13.7132
15.1986
16.6841
18.1698
19.6559
21.1426
22.6306
24.1211
25.6163
27.1202
28.6393
30.1821
31.7557
10.7604
12.2812
13.8025
15.3246
16.8476
18.3721
19.8984
21.4271
22.9588
24.4938
26.0315
27.5683
29.0915
30.5687
31.9388
10.778
12.3342
13.8913
15.4496
17.0099
18.5728
20.139
21.7093
23.2842
24.864
26.4469
28.0252
29.5751
31.0291
32.2195
10.7954
12.3866
13.9789
15.5732
17.1703
18.771
20.3765
21.9877
23.6059
25.2317
26.8648
28.5013
30.1247
31.6718
32.8628
10.8125
12.4381
14.0651
15.6947
17.3278
18.9656
20.6096
22.261
23.9218
25.5938
27.28
28.9858
30.7265
32.5613
34.7625
10.8293
12.4885
14.1495
15.8135
17.4817
19.1557
20.8371
22.5275
24.2294
25.9457
27.6811
29.4454
31.2624
33.1956
35.4034
10.8457
12.5376
14.2316
15.9291
17.6315
19.3405
21.0579
22.7857
24.5266
26.2837
28.0615
29.8677
31.717
33.6384
35.68
10.8615
12.5853
14.3113
16.0411
17.7765
19.5191
21.271
23.0345
24.8121
26.6068
28.4217
30.2596
32.1208
33.9971
35.8612
10.8768
12.6312
14.3881
16.1492
17.9161
19.691
21.4759
23.2731
25.0853
26.9153
28.7653
30.6346
32.5135
34.3635
36.0753
10.8915
12.6754
14.4619
16.2529
18.0501
19.8556
21.6717
23.5008
25.3458
27.2095
29.0947
31.0024
32.9256
34.825
36.5139
10.9056
12.7177
14.5326
16.352
18.178
20.0126
21.8581
23.7172
25.5927
27.4882
29.4081
31.3588
33.3535
35.432
37.7703
10.9191
12.7581
14.5999
16.4465
18.2997
20.1617
22.0348
23.9217
25.8253
27.7494
29.6993
31.6841
33.7223
35.8579
38.1938
10.9318
12.7964
14.6639
16.536
18.415
20.3027
22.2016
24.1141
26.0431
27.9921
29.9658
31.9717
34.0229
36.1438
38.3706
10.9439
12.8327
14.7244
16.6208
18.5239
20.4357
22.3586
24.2947
26.2466
28.2171
30.2093
32.227
34.2743
36.3554
38.4708
10.9554
12.867
14.7815
16.7006
18.6264
20.5608
22.5059
24.4638
26.4367
28.4264
30.4346
32.4611
34.5015
36.5424
38.5563
10.9661
12.8992
14.8351
16.7757
18.7227
20.6782
22.644
24.6222
26.6145
28.6224
30.6466
32.6847
34.7276
36.7473
38.6749
10.9762
12.9294
14.8854
16.846
18.8129
20.788
22.7732
24.7702
26.7809
28.8066
30.8482
32.9044
34.9689
37.0155
38.9318
10.9856
12.9577
14.9325
16.9117
18.8971
20.8905
22.8937
24.9084
26.9364
28.9793
31.0389
33.1178
35.2219
37.3734
39.6757
10.9944
12.984
14.9762
16.9728
18.9755
20.9859
23.0059
25.037
27.081
29.1397
31.2156
33.3129
35.4413
37.6256
39.9265
11.0025
13.0084
15.0169
17.0296
19.0482
21.0744
23.1098
25.1561
27.2148
29.2877
31.3768
33.4858
35.6211
37.7961
40.0317
11.0101
13.031
15.0544
17.082
19.1154
21.1562
23.2059
25.2661
27.3383
29.4237
31.5237
33.6396
35.7726
37.9237
40.0922
11.017
13.0517
15.0889
17.1302
19.1772
21.2314
23.2943
25.3674
27.452
29.549
31.6589
33.7808
35.9106
38.0385
40.1452
11.0233
13.0707
15.1205
17.1743
19.2337
21.3002
23.3753
25.4603
27.5566
29.6649
31.7852
33.9157
36.0494
38.167
40.2216
11.029
13.0879
15.1491
17.2143
19.285
21.3627
23.4489
25.545
27.6523
29.7717
31.9038
34.0476
36.1985
38.3384
40.3912
11.0342
13.1033
15.1748
17.2502
19.3311
21.419
23.5152
25.6214
27.739
29.8692
32.0136
34.174
36.3544
38.5695
40.8882
11.0388
13.1171
15.1977
17.2822
19.3721
21.469
23.5743
25.6896
27.8163
29.9563
32.1116
34.2857
36.4855
38.7279
41.0528
11.0428
13.1291
15.2177
17.3102
19.4081
21.5129
23.6261
25.7492
27.884
30.0322
32.196
34.3788
36.5862
38.8281
41.1181
11.0462
13.1394
15.2349
17.3343
19.439
21.5505
23.6705
25.8004
27.9419
30.0966
32.2665
34.4541
36.6621
38.894
41.1506
11.0491
13.1481
15.2493
17.3544
19.4648
21.582
23.7076
25.8431
27.99
30.1499
32.3242
34.5143
36.7208
38.942
41.172
11.0514
13.155
15.2609
17.3706
19.4856
21.6074
23.7375
25.8774
28.0286
30.1925
32.3703
34.5626
36.7684
38.983
41.1936
11.0532
13.1603
15.2697
17.3829
19.5014
21.6266
23.7602
25.9034
28.0579
30.225
32.4057
34.6007
36.8091
39.026
41.2322
11.0544
13.164
15.2758
17.3914
19.5122
21.6398
23.7756
25.9212
28.078
30.2473
32.4306
34.6288
36.8431
39.0756
41.338
11.0551
13.1659
15.2791
17.396
19.5181
21.6469
23.784
25.9308
28.0887
30.2594
32.4443
34.6451
36.8638
39.1036
41.3707
11.0552
13.1663
15.2796
17.3967
19.519
21.648
23.7852
25.9321
28.0902
30.2611
32.4464
34.6482
36.8689
39.1117
41.3789
11.0547
13.165
15.2775
17.3936
19.515
21.6431
23.7793
25.9252
28.0823
30.2521
32.4365
34.6375
36.858
39.1021
41.3741
11.0538
13.1621
15.2726
17.3868
19.5061
21.6321
23.7663
25.91
28.0649
30.2325
32.4144
34.6126
36.83
39.0724
41.3529
11.0523
13.1575
15.265
17.3761
19.4924
21.6152
23.7462
25.8867
28.0383
30.2024
32.3805
34.5737
36.7837
39.0153
41.292
11.0502
13.1514
15.2547
17.3617
19.4737
21.5924
23.719
25.8552
28.0025
30.1621
32.3353
34.5224
36.7218
38.926
41.1039
11.0476
13.1436
15.2418
17.3435
19.4503
21.5636
23.6849
25.8157
27.9575
30.1119
32.2799
34.4618
36.6558
38.8543
41.0373
11.0445
13.1343
15.2262
17.3217
19.4221
21.529
23.6438
25.768
27.9035
30.0516
32.2141
34.3922
36.5859
38.7925
41.0033
11.0409
13.1235
15.2081
17.2962
19.3892
21.4885
23.5957
25.7123
27.84
29.9809
32.1369
34.311
36.5064
38.7269
40.9736
11.0368
13.1111
15.1874
17.2671
19.3516
21.4422
23.5406
25.6483
27.7671
29.899
32.0467
34.2143
36.4088
38.6424
40.9323
11.0322
13.0972
15.1642
17.2345
19.3094
21.3903
23.4788
25.5763
27.6845
29.8056
31.942
34.0983
36.2833
38.518
40.8517
11.0271
13.0819
15.1386
17.1985
19.2628
21.3329
23.4103
25.4963
27.5926
29.7009
31.823
33.9618
36.1226
38.324
40.6507
11.0215
13.0652
15.1107
17.1592
19.2119
21.2702
23.3354
25.4088
27.4919
29.586
31.692
33.8093
35.933
38.0422
40.0449
11.0155
13.0472
15.0805
17.1167
19.157
21.2024
23.2544
25.3142
27.3832
29.4624
31.5524
33.6516
35.7528
37.8337
39.8382
11.0091
13.0279
15.0483
17.0713
19.0981
21.1299
23.1677
25.2129
27.2668
29.3309
31.4059
33.492
35.586
37.6775
39.745
11.0023
13.0075
15.0141
17.0231
19.0357
21.0527
23.0755
25.1051
27.1431
29.1911
31.2512
33.3264
35.4203
37.5373
39.6794
10.9952
12.9859
14.978
16.9723
18.9698
20.9714
22.9781
24.9911
27.0119
29.0424
31.0856
33.1471
35.2378
37.3788
39.6023
10.9877
12.9634
14.9403
16.9192
18.9009
20.8862
22.876
24.8714
26.8736
28.8844
30.9067
32.9469
35.0198
37.1624
39.4629
10.9799
12.94
14.9011
16.8639
18.8292
20.7975
22.7697
24.7466
26.7289
28.7178
30.7149
32.7235
34.7527
36.8357
39.1213
10.9718
12.9158
14.8606
16.8068
18.7551
20.706
22.6599
24.6175
26.5792
28.5451
30.5146
32.4852
34.4477
36.3676
38.0925
10.9636
12.8909
14.8189
16.7482
18.6791
20.612
22.5473
24.4854
26.4262
28.3694
30.313
32.2519
34.1717
36.0343
37.7483
10.9551
12.8655
14.7764
16.6882
18.6014
20.516
22.4325
24.3509
26.2712
28.1928
30.1143
32.0314
33.9347
35.8035
37.6032
10.9465
12.8396
14.7331
16.6273
18.5224
20.4186
22.316
24.2148
26.1148
28.016
29.918
31.8201
33.7212
35.6201
37.5154
10.9377
12.8133
14.6892
16.5655
18.4424
20.32
22.1983
24.0774
25.9573
27.8383
29.7211
31.6088
33.5087
35.4385
37.429
10.9289
12.7868
14.6449
16.5032
18.3618
20.2207
22.0798
23.9391
25.7987
27.6587
29.5205
31.3885
33.2749
35.2141
37.2903
10.92
12.7601
14.6003
16.4405
18.2807
20.1209
21.9609
23.8004
25.6393
27.4775
29.3153
31.1548
33.004
34.8941
36.9661
10.9111
12.7334
14.5556
16.3777
18.1996
20.0211
21.842
23.6618
25.4801
27.2961
29.1084
30.9139
32.704
34.4472
36.0033
10.9022
12.7066
14.5108
16.3148
18.1185
19.9215
21.7235
23.5239
25.3222
27.1169
28.9057
30.6833
32.4361
34.1295
35.6801
10.8933
12.6798
14.4661
16.2521
18.0376
19.8223
21.6058
23.3873
25.1663
26.9414
28.7105
30.4693
32.2089
33.9106
35.5436
10.8844
12.653
14.4215
16.1897
17.9572
19.7238
21.489
23.2523
25.0128
26.7697
28.5219
30.2683
32.0076
33.7388
35.4617
10.8755
12.6264
14.3771
16.1275
17.8772
19.6261
21.3735
23.1188
24.8615
26.6008
28.3369
30.0717
31.8114
33.5722
35.3829
10.8666
12.5998
14.3328
16.0655
17.7978
19.5291
21.259
22.987
24.7121
26.4339
28.1526
29.8711
31.6001
33.3705
35.2586
10.8577
12.5732
14.2886
16.0038
17.7187
19.4329
21.1458
22.8567
24.5648
26.2688
27.9679
29.6628
31.3597
33.0864
34.9701
10.8489
12.5466
14.2445
15.9423
17.64
19.3373
21.0336
22.7283
24.4199
26.1067
27.7858
29.4528
31.0981
32.6929
34.1136
10.84
12.52
14.2002
15.8807
17.5614
19.2421
20.9225
22.6016
24.2781
25.9495
27.6118
29.2573
30.8711
32.4198
33.8295
10.831
12.4932
14.1557
15.8188
17.4826
19.1471
20.8119
22.4765
24.1395
25.7984
27.4489
29.0836
30.6889
32.2428
33.7158
10.8219
12.466
14.1107
15.7563
17.4032
19.0516
20.7014
22.3523
24.0033
25.6527
27.2968
28.9297
30.542
32.1214
33.6582
10.8127
12.4384
14.0649
15.6929
17.3227
18.9549
20.5898
22.2276
23.8681
25.5103
27.1521
28.7897
30.4176
32.0292
33.6213
10.8033
12.4102
14.0182
15.6279
17.2403
18.856
20.476
22.1009
23.7315
25.368
27.01
28.6562
30.304
31.9502
33.5921
10.7936
12.3812
13.97
15.5611
17.1554
18.7541
20.3585
21.97
23.5904
25.2214
26.8645
28.5211
30.1912
31.8736
33.5646
10.7836
12.3512
13.9203
15.4919
17.0674
18.648
20.2358
21.8328
23.4418
25.0661
26.7095
28.3761
30.0695
31.7906
33.5347
10.7732
12.3202
13.8687
15.42
16.9755
18.5369
20.1064
21.6869
23.2822
24.8971
26.5379
28.2123
29.9282
31.6912
33.4978
10.7625
12.288
13.8151
15.3451
16.8794
18.42
19.9692
21.5306
23.1087
24.7099
26.3428
28.0191
29.7537
31.5612
33.4462
10.7514
12.2547
13.7595
15.2671
16.7788
18.2968
19.8234
21.3625
22.919
24.5003
26.1171
27.7853
29.528
31.3769
33.3624
10.7399
12.2203
13.7019
15.186
16.6739
18.1673
19.6688
21.1819
22.7117
24.2657
25.8554
27.4993
29.2283
31.0973
33.2
10.7282
12.1849
13.6426
15.1022
16.5649
18.0321
19.506
20.9896
22.4874
24.0061
25.5559
27.1538
28.831
30.655
32.8146
39.5396
35.7129
32.4933
29.5443
26.7457
24.0423
21.4038
18.8113
16.2525
13.7185
11.203
8.70093
6.20855
3.72265
1.24048
40.2264
36.4953
33.1886
30.1409
27.2556
24.4778
21.7747
19.1252
16.5151
13.9343
11.3754
8.83256
6.30128
3.77778
1.25877
40.5126
36.9823
33.7032
30.6241
27.6902
24.8609
22.1079
19.4113
16.757
14.1347
11.5364
8.95596
6.38848
3.82972
1.27602
40.6563
37.2938
34.0783
31.0056
28.0515
25.1905
22.4014
19.6675
16.9764
14.318
11.6847
9.0702
6.46947
3.87808
1.2921
40.7404
37.5024
34.3533
31.3042
28.3476
25.4697
22.6559
19.8938
17.1725
14.4835
11.8196
9.17471
6.54385
3.92259
1.30692
40.7953
37.6485
34.558
31.5378
28.5885
25.7036
22.8742
20.0911
17.3459
14.6314
11.941
9.26928
6.61142
3.96313
1.32043
40.8337
37.7548
34.713
31.7215
28.784
25.8984
23.0597
20.2616
17.4977
14.7621
12.0492
9.35402
6.67222
3.9997
1.33263
40.8618
37.8344
34.8324
31.8669
28.9427
26.0601
23.2166
20.4079
17.6295
14.8767
12.1447
9.42928
6.72645
4.0324
1.34356
40.8831
37.8954
34.9257
31.9829
29.0719
26.1942
23.3486
20.5327
17.7432
14.9764
12.2284
9.49561
6.77442
4.06141
1.35327
40.8996
37.943
34.9995
32.0761
29.1774
26.3052
23.4595
20.6388
17.8408
15.0627
12.3013
9.55367
6.81657
4.08696
1.36182
40.9126
37.9808
35.0585
32.1515
29.2638
26.3973
23.5525
20.7287
17.9242
15.137
12.3645
9.60419
6.85336
4.10931
1.36932
40.923
38.0109
35.106
32.2129
29.3348
26.4737
23.6304
20.8046
17.9952
15.2006
12.4189
9.6479
6.88531
4.12876
1.37585
40.9313
38.0353
35.1446
32.263
29.3932
26.5372
23.6956
20.8686
18.0555
15.255
12.4656
9.68557
6.91292
4.1456
1.38151
40.9381
38.0551
35.1761
32.3041
29.4416
26.59
23.7503
20.9226
18.1066
15.3013
12.5056
9.7179
6.93667
4.16011
1.38639
40.9436
38.0713
35.202
32.338
29.4815
26.6339
23.796
20.968
18.1498
15.3406
12.5396
9.74554
6.95702
4.17257
1.39058
40.9481
38.0846
35.2232
32.366
29.5147
26.6705
23.8343
21.0062
18.1863
15.374
12.5686
9.76911
6.97441
4.18322
1.39417
40.9519
38.0956
35.2408
32.3892
29.5423
26.7011
23.8663
21.0383
18.217
15.4022
12.5931
9.78914
6.98922
4.19231
1.39723
40.9549
38.1046
35.2553
32.4084
29.5652
26.7265
23.8931
21.0652
18.2429
15.426
12.6139
9.80613
7.0018
4.20003
1.39983
40.9575
38.1121
35.2673
32.4243
29.5842
26.7477
23.9155
21.0878
18.2647
15.446
12.6315
9.82049
7.01245
4.20658
1.40204
40.9596
38.1183
35.2772
32.4375
29.6
26.7654
23.9342
21.1066
18.2829
15.4629
12.6462
9.8326
7.02144
4.21211
1.40391
40.9613
38.1234
35.2855
32.4485
29.6132
26.7801
23.9498
21.1224
18.2982
15.477
12.6586
9.84279
7.029
4.21676
1.40548
40.9627
38.1276
35.2923
32.4576
29.6241
26.7923
23.9627
21.1356
18.3109
15.4888
12.669
9.85132
7.03534
4.22067
1.4068
40.9639
38.1311
35.298
32.4651
29.6331
26.8025
23.9735
21.1465
18.3215
15.4986
12.6777
9.85843
7.04064
4.22393
1.4079
40.9649
38.134
35.3026
32.4713
29.6405
26.8108
23.9824
21.1555
18.3303
15.5068
12.6848
9.86432
7.04502
4.22663
1.40881
40.9657
38.1363
35.3064
32.4763
29.6466
26.8176
23.9896
21.1629
18.3375
15.5134
12.6907
9.86916
7.04863
4.22886
1.40956
40.9663
38.1382
35.3094
32.4804
29.6515
26.8231
23.9955
21.1688
18.3433
15.5188
12.6955
9.87308
7.05155
4.23066
1.41017
40.9668
38.1397
35.3118
32.4836
29.6553
26.8275
24.0001
21.1736
18.3479
15.5231
12.6992
9.87621
7.05388
4.2321
1.41066
40.9672
38.1408
35.3136
32.486
29.6583
26.8308
24.0037
21.1772
18.3514
15.5264
12.7022
9.87862
7.05568
4.23321
1.41104
40.9675
38.1417
35.315
32.4878
29.6605
26.8333
24.0063
21.1799
18.354
15.5289
12.7043
9.8804
7.05701
4.23403
1.41131
40.9677
38.1422
35.3159
32.489
29.6619
26.8349
24.0081
21.1816
18.3558
15.5305
12.7058
9.88159
7.0579
4.23458
1.4115
40.9678
38.1425
35.3163
32.4896
29.6627
26.8357
24.009
21.1826
18.3567
15.5313
12.7065
9.88223
7.05838
4.23488
1.4116
40.9678
38.1425
35.3164
32.4897
29.6627
26.8358
24.0091
21.1827
18.3568
15.5315
12.7067
9.88235
7.05847
4.23494
1.41162
40.9677
38.1423
35.316
32.4892
29.6621
26.8352
24.0084
21.182
18.3562
15.5309
12.7062
9.88194
7.05817
4.23475
1.41156
40.9675
38.1417
35.3152
32.4881
29.6609
26.8337
24.0069
21.1805
18.3548
15.5296
12.705
9.881
7.05748
4.23433
1.41142
40.9672
38.1409
35.3139
32.4864
29.6588
26.8315
24.0045
21.1782
18.3525
15.5275
12.7032
9.87951
7.05638
4.23365
1.41119
40.9669
38.1398
35.3121
32.484
29.656
26.8283
24.0012
21.1748
18.3493
15.5246
12.7006
9.87743
7.05484
4.23271
1.41087
40.9664
38.1383
35.3097
32.4808
29.6522
26.8242
23.9969
21.1705
18.3451
15.5207
12.6973
9.87472
7.05283
4.23148
1.41045
40.9657
38.1364
35.3066
32.4768
29.6474
26.8189
23.9913
21.165
18.3398
15.5159
12.6931
9.87129
7.0503
4.22993
1.40993
40.9649
38.134
35.3027
32.4717
29.6414
26.8123
23.9844
21.1581
18.3333
15.5099
12.6879
9.86709
7.0472
4.22803
1.40929
40.9638
38.1309
35.2979
32.4654
29.634
26.8041
23.976
21.1497
18.3253
15.5027
12.6817
9.862
7.04345
4.22573
1.40852
40.9625
38.1271
35.2918
32.4575
29.6248
26.7942
23.9657
21.1396
18.3158
15.494
12.6742
9.85593
7.03898
4.223
1.4076
40.9609
38.1223
35.2843
32.4478
29.6136
26.782
23.9533
21.1274
18.3043
15.4837
12.6653
9.84873
7.03371
4.21978
1.40652
40.9588
38.1163
35.275
32.4359
29.5999
26.7673
23.9384
21.1129
18.2907
15.4714
12.6548
9.84029
7.02752
4.216
1.40525
40.9562
38.1087
35.2632
32.421
29.5831
26.7496
23.9205
21.0956
18.2746
15.4571
12.6425
9.83043
7.02031
4.21162
1.40378
40.9528
38.0989
35.2483
32.4026
29.5625
26.7281
23.8991
21.0752
18.2557
15.4403
12.6282
9.819
7.01198
4.20655
1.40208
40.9484
38.0861
35.2291
32.3795
29.5374
26.7023
23.8738
21.0511
18.2337
15.4208
12.6117
9.80583
7.0024
4.20073
1.40012
40.9429
38.0686
35.2041
32.3505
29.5067
26.6714
23.8438
21.023
18.2081
15.3983
12.5928
9.79075
6.99145
4.19409
1.3979
40.9367
38.0434
35.1707
32.314
29.4693
26.6347
23.8087
20.9903
18.1786
15.3725
12.5711
9.77357
6.97901
4.18656
1.39538
40.9347
38.003
35.1255
32.2684
29.4244
26.5913
23.7677
20.9526
18.1447
15.343
12.5465
9.75412
6.96496
4.17807
1.39254
40.7642
37.9242
35.0655
32.213
29.3713
26.5407
23.7205
20.9094
18.1062
15.3097
12.5187
9.73225
6.94919
4.16855
1.38936
40.7032
37.8574
35.0004
32.1494
29.3098
26.4824
23.6663
20.8602
18.0626
15.2722
12.4876
9.7078
6.9316
4.15795
1.38581
40.671
37.7975
34.9305
32.0772
29.2392
26.4157
23.6048
20.8047
18.0137
15.2302
12.453
9.68065
6.9121
4.14621
1.38189
40.6419
37.7325
34.8502
31.9936
29.1581
26.3397
23.5353
20.7424
17.9591
15.1836
12.4146
9.65068
6.89062
4.13329
1.37758
40.6006
37.6477
34.7515
31.8947
29.0644
26.2534
23.4573
20.6731
17.8987
15.1323
12.3725
9.61783
6.86712
4.11917
1.37288
40.52
37.5228
34.6248
31.7766
28.9568
26.1563
23.3705
20.5965
17.8323
15.0761
12.3265
9.58205
6.84156
4.10384
1.36776
40.3187
37.3281
34.4628
31.6381
28.8352
26.0484
23.275
20.5127
17.76
15.0151
12.2767
9.54334
6.81394
4.08728
1.36224
39.7127
37.0457
34.272
31.4838
28.7018
25.9308
23.1712
20.422
17.6818
14.9493
12.223
9.50174
6.78428
4.06951
1.35633
39.5058
36.8365
34.0907
31.3246
28.5602
25.8048
23.0598
20.3245
17.598
14.8788
12.1657
9.45731
6.75264
4.05056
1.35002
39.4124
36.6796
33.9229
31.1635
28.4119
25.671
22.941
20.2207
17.5088
14.8039
12.1047
9.41014
6.71907
4.03047
1.34333
39.3466
36.5388
33.7561
30.9965
28.2555
25.5293
22.8151
20.1106
17.4143
14.7246
12.0403
9.36037
6.68367
4.00929
1.33628
39.2693
36.3798
33.5727
30.8159
28.0882
25.3788
22.6819
19.9946
17.3149
14.6413
11.9728
9.30814
6.64654
3.98708
1.32889
39.1297
36.1628
33.3538
30.6144
27.9078
25.219
22.5417
19.8729
17.2109
14.5543
11.9022
9.25364
6.60782
3.96392
1.32118
38.7879
35.8355
33.0857
30.3898
27.7145
25.0507
22.3951
19.7461
17.1027
14.4639
11.8289
9.19708
6.56763
3.93989
1.31318
37.7589
35.3668
32.7798
30.1502
27.5126
24.8762
22.2435
19.6152
16.991
14.3705
11.7533
9.13868
6.52614
3.91509
1.30493
37.4145
35.0329
32.5028
29.9156
27.3094
24.6986
22.0886
19.481
16.8764
14.2747
11.6756
9.07868
6.4835
3.88959
1.29644
37.2692
34.8014
32.2647
29.6937
27.1089
24.5202
21.9315
19.3444
16.7595
14.1768
11.5962
9.01731
6.43988
3.8635
1.28776
37.1811
34.6173
32.05
29.4807
26.9107
24.3412
21.7728
19.2059
16.6407
14.0772
11.5153
8.95478
6.39541
3.83689
1.2789
37.0944
34.4349
31.8362
29.2677
26.7118
24.161
21.6127
19.066
16.5205
13.9763
11.4333
8.89131
6.35024
3.80986
1.2699
36.9554
34.2096
31.6009
29.0453
26.5087
23.9788
21.4512
18.9247
16.3991
13.8743
11.3503
8.82705
6.30449
3.78247
1.26078
36.6309
33.8885
31.3282
28.8093
26.3007
23.7944
21.2885
18.7826
16.2769
13.7715
11.2666
8.76217
6.25826
3.75478
1.25156
35.6677
33.4403
31.0262
28.5657
26.0905
23.6094
21.1254
18.6401
16.1542
13.6682
11.1823
8.69679
6.21165
3.72684
1.24225
35.3439
33.1211
30.7559
28.3319
25.884
23.4259
20.9629
18.4976
16.0313
13.5644
11.0976
8.631
6.1647
3.69868
1.23287
35.2069
32.9004
30.5258
28.1141
25.6842
23.2453
20.8017
18.3557
15.9084
13.4605
11.0126
8.56487
6.11745
3.67033
1.22342
35.1242
32.7265
30.3211
27.9086
25.4903
23.0676
20.6419
18.2143
15.7856
13.3564
10.9273
8.49839
6.0699
3.64177
1.21389
35.0445
32.5574
30.1208
27.7066
25.2989
22.8917
20.4831
18.0733
15.6628
13.2521
10.8415
8.4315
6.022
3.61298
1.20429
34.9192
32.3525
29.9046
27.4995
25.1069
22.7162
20.3249
17.9326
15.5399
13.1473
10.7553
8.36411
5.97367
3.58391
1.19458
34.6294
32.0648
29.6583
27.2834
24.913
22.541
20.167
17.7919
15.4167
13.042
10.6684
8.29604
5.92479
3.55447
1.18475
33.7714
31.6667
29.3894
27.0639
24.7197
22.3667
20.0096
17.651
15.2928
12.9358
10.5805
8.22704
5.87517
3.52457
1.17476
33.4854
31.388
29.1536
26.857
24.5323
22.195
19.8528
17.5097
15.1678
12.8282
10.4912
8.1568
5.82459
3.49405
1.16457
33.3692
31.204
28.9605
26.6691
24.3532
22.0263
19.6963
17.3672
15.041
12.7185
10.4
8.0849
5.77275
3.46276
1.15411
33.3087
31.0741
28.8001
26.498
24.1813
21.8596
19.5389
17.2223
14.9113
12.606
10.3061
8.01086
5.71933
3.4305
1.14332
33.268
30.971
28.6587
26.3367
24.0124
21.6918
19.3783
17.0735
14.7774
12.4896
10.2089
7.9341
5.66394
3.39706
1.13213
33.2339
30.8779
28.5238
26.1766
23.8407
21.5188
19.2115
16.9182
14.6376
12.368
10.1074
7.85403
5.60619
3.3622
1.12048
33.2
30.7831
28.3837
26.0082
23.659
21.3352
19.0346
16.7539
14.49
12.2399
10.0007
7.77003
5.54569
3.32572
1.10829
33.1613
30.6758
28.2265
25.8212
23.4592
21.1354
18.8435
16.5777
14.3326
12.104
9.88795
7.68152
5.48209
3.28741
1.0955
33.1118
30.5429
28.0382
25.6039
23.2326
20.9129
18.6341
16.3868
14.1637
11.9591
9.7684
7.58804
5.4151
3.24714
1.08207
33.0409
30.365
27.8007
25.3425
22.9697
20.6619
18.4025
16.1788
13.9818
11.8044
9.64153
7.48929
5.34456
3.20484
1.06797
32.9241
30.1092
27.4891
25.0213
22.6614
20.377
18.1457
15.9522
13.7859
11.6394
9.50716
7.38522
5.27048
3.16049
1.05321
32.6957
29.7178
27.0714
24.6247
22.3004
20.055
17.8624
15.7064
13.5762
11.4643
9.3655
7.27604
5.19303
3.11423
1.03782
32.152
29.0957
26.5147
24.1427
21.8843
19.6959
17.5535
15.4425
13.3535
11.2799
9.21725
7.16228
5.11258
3.06627
1.02189
10.715
12.1451
13.5758
15.0076
16.4414
17.8781
19.3192
20.7669
22.2245
23.6964
25.1892
26.7129
28.2814
29.9116
31.6003
10.7003
12.101
13.5016
14.9024
16.3035
17.7053
19.1085
20.5139
21.9229
23.3371
24.758
26.1865
27.6196
29.0417
30.4004
10.6857
12.0568
13.4273
14.7967
16.1648
17.5311
18.8953
20.2571
21.6159
22.9706
24.3188
25.6551
26.9683
28.2346
29.4076
10.6712
12.0132
13.3539
14.6923
16.0276
17.3586
18.6842
20.0029
21.3127
22.6103
23.8909
25.1464
26.3635
27.5203
28.5844
10.6572
11.9709
13.2826
14.5909
15.8944
17.1914
18.4799
19.7575
21.0212
22.2666
23.4877
24.6758
25.8184
26.8981
27.8935
10.6438
11.9305
13.2146
14.4943
15.7676
17.0324
18.2861
19.5258
20.7476
21.9468
23.1171
24.2503
25.3355
26.3599
27.3088
10.6312
11.8926
13.1509
14.4039
15.6492
16.8842
18.1061
19.3115
20.4963
21.6556
22.7834
23.8721
24.9132
25.8967
26.8124
10.6197
11.8579
13.0925
14.321
15.5408
16.749
17.9425
19.1176
20.2703
21.3957
22.4882
23.5413
24.548
25.5006
26.3919
10.6093
11.8266
13.04
14.2467
15.4438
16.6284
17.797
18.946
20.0713
21.1683
22.2319
23.2566
24.2364
25.1655
26.0382
10.6002
11.7993
12.9941
14.1818
15.3593
16.5234
17.6708
18.7977
19.9002
20.974
22.0143
23.0164
23.9753
24.8861
25.7447
10.5925
11.7762
12.9553
14.127
15.288
16.4351
17.5649
18.6737
19.7576
20.8127
21.8346
22.819
23.7617
24.6587
25.5064
10.5863
11.7574
12.9239
14.0826
15.2304
16.3639
17.4797
18.5742
19.6437
20.6842
21.6919
22.663
23.5935
24.4801
25.3197
10.5816
11.7432
12.9002
14.0492
15.187
16.3103
17.4157
18.4995
19.5583
20.5882
21.5857
22.5471
23.4689
24.348
25.1819
10.5784
11.7337
12.8842
14.0267
15.1579
16.2744
17.3729
18.4498
19.5015
20.5245
21.5152
22.4703
23.3865
24.2609
25.091
10.5769
11.729
12.8763
14.0155
15.1433
16.2565
17.3515
18.4249
19.4731
20.4927
21.4801
22.4321
23.3455
24.2175
25.0459
33.0332
33.5169
33.7399
33.8666
33.9509
34.0129
34.0616
34.1013
34.1346
34.1631
34.1878
34.2095
34.2286
34.2457
34.2609
34.2745
34.2868
34.2979
34.308
34.3171
34.3253
34.3328
34.3396
34.3458
34.3514
34.3565
34.3611
34.3652
34.369
34.3724
34.3754
34.3782
34.3806
34.3828
34.3847
34.3863
34.3877
34.3889
34.3899
34.3907
34.3913
34.3917
34.3918
34.3919
34.3917
34.3913
34.3907
34.39
34.389
34.3878
34.3864
34.3848
34.3829
34.3808
34.3784
34.3757
34.3727
34.3693
34.3656
34.3615
34.3569
34.3519
34.3464
34.3404
34.3337
34.3264
34.3184
34.3096
34.2999
34.2892
34.2775
34.2646
34.2503
34.2346
34.2172
34.1979
34.1763
34.1523
34.1252
34.0947
34.0598
34.0195
33.9725
33.9164
33.8477
33.76
33.641
33.4619
33.1467
32.4628
31.4555
32.1023
32.5347
32.8373
33.061
33.2344
33.374
33.4895
33.5872
33.6712
33.7443
33.8085
33.8654
33.916
33.9613
34.002
34.0387
34.0718
34.1017
34.1289
34.1535
34.1759
34.1962
34.2146
34.2313
34.2465
34.2602
34.2727
34.2839
34.2941
34.3032
34.3113
34.3186
34.325
34.3307
34.3357
34.3399
34.3435
34.3464
34.3487
34.3505
34.3516
34.3522
34.3522
34.3517
34.3506
34.3489
34.3466
34.3437
34.3402
34.336
34.3311
34.3255
34.3192
34.312
34.3039
34.2949
34.2849
34.2738
34.2615
34.2479
34.233
34.2165
34.1984
34.1785
34.1567
34.1327
34.1063
34.0774
34.0456
34.0106
33.972
33.9295
33.8826
33.8307
33.7732
33.7091
33.6376
33.5573
33.4666
33.3634
33.2448
33.1068
32.9437
32.7467
32.5018
32.1858
31.7583
31.1473
30.2331
30.327
30.9958
31.5157
31.9211
32.2429
32.504
32.7203
32.9027
33.0589
33.1943
33.3128
33.4174
33.5104
33.5933
33.6677
33.7346
33.7949
33.8495
33.8989
33.9436
33.9843
34.0212
34.0547
34.0851
34.1128
34.1378
34.1606
34.1811
34.1997
34.2165
34.2316
34.2451
34.2571
34.2678
34.2771
34.2853
34.2923
34.2982
34.3031
34.3069
34.3098
34.3117
34.3127
34.3128
34.3118
34.31
34.3072
34.3034
34.2986
34.2928
34.2859
34.2778
34.2686
34.258
34.2461
34.2328
34.2179
34.2013
34.1829
34.1626
34.1401
34.1154
34.0882
34.0583
34.0254
33.9893
33.9497
33.9062
33.8583
33.8058
33.748
33.6845
33.6144
33.5372
33.4518
33.3571
33.252
33.1348
33.0035
32.8558
32.6884
32.4973
32.2767
32.0192
31.7139
31.3452
30.8907
30.3181
29.5838
28.6389
29.4381
30.1034
30.6608
31.1246
31.5116
31.8375
32.1147
32.353
32.5599
32.741
32.9008
33.0426
33.169
33.2823
33.3841
33.4759
33.5588
33.6339
33.7019
33.7637
33.8197
33.8707
33.9169
33.959
33.9972
34.0319
34.0633
34.0918
34.1175
34.1407
34.1615
34.1802
34.1969
34.2116
34.2246
34.2359
34.2456
34.2538
34.2605
34.2659
34.2698
34.2725
34.2738
34.2739
34.2726
34.2701
34.2662
34.261
34.2544
34.2463
34.2367
34.2255
34.2127
34.1981
34.1816
34.1632
34.1425
34.1196
34.0941
34.066
34.035
34.0008
33.9632
33.9218
33.8763
33.8264
33.7716
33.7114
33.6454
33.5729
33.4932
33.4055
33.3091
33.2027
33.0854
32.9555
32.8116
32.6515
32.4729
32.2727
32.0471
31.7913
31.4993
31.1629
30.7716
30.3116
29.7651
29.1103
28.3232
27.3836
28.7082
29.3657
29.9402
30.4378
30.8679
31.2404
31.5644
31.8479
32.0973
32.3179
32.5139
32.689
32.846
32.9871
33.1143
33.2293
33.3334
33.4277
33.5134
33.5912
33.6619
33.7262
33.7846
33.8377
33.886
33.9299
33.9696
34.0056
34.0382
34.0675
34.0939
34.1176
34.1386
34.1573
34.1738
34.1881
34.2004
34.2107
34.2193
34.226
34.2311
34.2344
34.2361
34.2362
34.2346
34.2314
34.2265
34.2198
34.2114
34.2012
34.1891
34.1749
34.1587
34.1402
34.1193
34.0959
34.0698
34.0408
34.0086
33.973
33.9337
33.8904
33.8428
33.7904
33.7329
33.6698
33.6005
33.5245
33.4411
33.3496
33.249
33.1386
33.0172
32.8835
32.7362
32.5736
32.3937
32.1943
31.9726
31.7254
31.4485
31.1371
30.7851
30.385
29.9276
29.4018
28.7947
28.0923
27.2814
26.3531
28.0972
28.7472
29.3297
29.8477
30.3065
30.7125
31.072
31.3913
31.6755
31.9293
32.1567
32.361
32.5451
32.7112
32.8615
32.9977
33.1212
33.2334
33.3354
33.4282
33.5126
33.5894
33.6592
33.7228
33.7806
33.833
33.8806
33.9238
33.9628
33.9979
34.0296
34.0579
34.0832
34.1056
34.1253
34.1424
34.1572
34.1696
34.1799
34.188
34.194
34.198
34.2001
34.2002
34.1983
34.1944
34.1885
34.1806
34.1705
34.1582
34.1437
34.1267
34.1072
34.085
34.06
34.0319
34.0006
33.9658
33.9272
33.8845
33.8374
33.7855
33.7285
33.6658
33.5969
33.5214
33.4385
33.3476
33.2479
33.1385
33.0185
32.8868
32.7422
32.5833
32.4084
32.2158
32.0033
31.7685
31.5086
31.22
30.899
30.5406
30.1395
29.6889
29.1815
28.6086
27.9611
27.23
26.408
25.4908
27.582
28.2252
28.8115
29.3423
29.8206
30.2507
30.6371
30.9844
31.2968
31.5782
31.8321
32.0615
32.2692
32.4575
32.6284
32.7836
32.9247
33.0532
33.1701
33.2766
33.3735
33.4618
33.5423
33.6155
33.682
33.7425
33.7974
33.8472
33.8922
33.9328
33.9693
34.002
34.0312
34.057
34.0798
34.0996
34.1166
34.131
34.1428
34.1522
34.1592
34.1638
34.1662
34.1663
34.1641
34.1596
34.1528
34.1436
34.132
34.1178
34.101
34.0814
34.0589
34.0333
34.0044
33.9719
33.9358
33.8955
33.851
33.8017
33.7473
33.6875
33.6216
33.5493
33.4699
33.3828
33.2873
33.1826
33.0678
32.942
32.8042
32.653
32.4872
32.3053
32.1055
31.8859
31.6444
31.3784
31.085
30.7609
30.4024
30.0052
29.5643
29.0743
28.529
27.9221
27.2471
26.4983
25.6711
24.7635
27.1472
27.7848
28.3727
28.9117
29.4036
29.8513
30.258
30.6271
30.962
31.266
31.542
31.7928
32.0208
32.2282
32.4171
32.5891
32.7459
32.8888
33.0191
33.1379
33.2463
33.345
33.435
33.517
33.5916
33.6594
33.7209
33.7767
33.8272
33.8727
33.9137
33.9505
33.9832
34.0123
34.0378
34.0601
34.0792
34.0953
34.1086
34.1191
34.127
34.1322
34.1348
34.1349
34.1325
34.1274
34.1198
34.1095
34.0964
34.0805
34.0616
34.0396
34.0143
33.9855
33.9531
33.9167
33.876
33.8309
33.7808
33.7255
33.6645
33.5973
33.5234
33.4423
33.3533
33.2556
33.1486
33.0314
32.903
32.7623
32.6083
32.4396
32.2548
32.0523
31.8304
31.5871
31.3201
31.0269
30.7049
30.3508
29.9611
29.5321
29.0594
28.5386
27.9647
27.3331
26.639
25.8787
25.0494
24.1501
26.7826
27.4155
28.0039
28.5483
29.0498
29.5104
29.9324
30.3185
30.6713
30.9935
31.2876
31.5562
31.8013
32.0251
32.2294
32.416
32.5864
32.742
32.884
33.0138
33.1322
33.2402
33.3387
33.4284
33.5102
33.5845
33.652
33.7132
33.7686
33.8186
33.8636
33.904
33.9399
33.9718
33.9999
34.0243
34.0453
34.0631
34.0776
34.0892
34.0978
34.1036
34.1065
34.1066
34.1039
34.0983
34.0899
34.0786
34.0642
34.0467
34.026
34.0018
33.974
33.9424
33.9068
33.8668
33.8221
33.7725
33.7176
33.6568
33.5898
33.5161
33.435
33.346
33.2484
33.1413
33.024
32.8956
32.755
32.6012
32.4328
32.2487
32.0472
31.8268
31.5856
31.3216
31.0328
30.7165
30.3703
29.9911
29.5759
29.1211
28.6233
28.0785
27.4831
26.8333
26.1258
25.358
24.5281
23.6356
26.4806
27.1096
27.698
28.246
28.7543
29.2245
29.6581
30.0572
30.424
30.7608
31.0696
31.3526
31.6119
31.8493
32.0666
32.2655
32.4475
32.6139
32.7661
32.9052
33.0323
33.1483
33.2542
33.3508
33.4387
33.5188
33.5915
33.6575
33.7171
33.771
33.8196
33.863
33.9018
33.9362
33.9665
33.9928
34.0155
34.0346
34.0504
34.0628
34.0721
34.0783
34.0815
34.0816
34.0787
34.0727
34.0636
34.0514
34.0359
34.017
33.9946
33.9685
33.9386
33.9045
33.866
33.8229
33.7747
33.7212
33.6619
33.5965
33.5242
33.4447
33.3574
33.2615
33.1563
33.041
32.9148
32.7766
32.6255
32.4602
32.2795
32.082
31.8662
31.6304
31.3728
31.0915
30.7842
30.4487
30.0825
29.6829
29.2469
28.7717
28.2541
27.6909
27.0792
26.416
25.699
24.9262
24.0964
23.2096
26.2358
26.8617
27.4498
28.0002
28.5134
28.9905
29.4328
29.8419
30.2195
30.5676
30.888
31.1826
31.4533
31.7017
31.9297
32.1387
32.3303
32.5057
32.6663
32.8133
32.9476
33.0704
33.1826
33.2848
33.3781
33.4629
33.54
33.61
33.6733
33.7305
33.782
33.8282
33.8693
33.9059
33.938
33.966
33.99
34.0104
34.0271
34.0403
34.0502
34.0568
34.0601
34.0602
34.0571
34.0508
34.0411
34.0281
34.0117
33.9916
33.9678
33.9401
33.9083
33.8721
33.8312
33.7854
33.7343
33.6775
33.6146
33.545
33.4684
33.384
33.2913
33.1896
33.078
32.9558
32.8221
32.6757
32.5157
32.3408
32.1497
31.9411
31.7133
31.4648
31.1936
30.8979
30.5757
30.2245
29.8422
29.4262
28.9739
28.4827
27.9498
27.3727
26.7488
26.0758
25.352
24.5758
23.7466
22.8642
26.0442
26.6676
27.2553
27.8073
28.324
28.8062
29.2548
29.6712
30.057
30.4137
30.7429
31.0465
31.326
31.5831
31.8195
32.0365
32.2356
32.4182
32.5856
32.7388
32.879
33.0072
33.1244
33.2313
33.3287
33.4175
33.4981
33.5714
33.6377
33.6975
33.7514
33.7998
33.8429
33.8811
33.9148
33.9441
33.9693
33.9906
34.0081
34.0219
34.0323
34.0392
34.0427
34.0428
34.0395
34.0329
34.0228
34.0092
33.9919
33.9709
33.946
33.917
33.8837
33.8457
33.8029
33.7549
33.7014
33.6419
33.576
33.5032
33.423
33.3347
33.2376
33.1312
33.0144
32.8866
32.7468
32.5938
32.4266
32.244
32.0446
31.827
31.5897
31.331
31.0491
30.7421
30.408
30.0447
29.6498
29.2212
28.7564
28.253
27.7087
27.1212
26.4884
25.8084
25.0797
24.3014
23.4727
22.5939
25.9028
26.5244
27.1118
27.6648
28.1839
28.6695
29.1226
29.5442
29.9358
30.2986
30.6343
30.9444
31.2304
31.4939
31.7364
31.9593
32.1641
32.3521
32.5245
32.6824
32.827
32.9593
33.0802
33.1906
33.2913
33.383
33.4663
33.542
33.6105
33.6724
33.7282
33.7782
33.8228
33.8623
33.8971
33.9274
33.9535
33.9755
33.9936
34.008
34.0187
34.0258
34.0294
34.0295
34.0262
34.0193
34.0089
33.9948
33.9769
33.9552
33.9294
33.8994
33.8649
33.8257
33.7814
33.7318
33.6764
33.6149
33.5467
33.4714
33.3884
33.2971
33.1968
33.0868
32.9662
32.8341
32.6896
32.5317
32.3591
32.1706
31.965
31.7407
31.4963
31.23
30.9401
30.6247
30.2818
29.9095
29.5055
29.0677
28.5939
28.0818
27.5293
26.9344
26.2954
25.6105
24.8786
24.0988
23.2707
22.3945
25.8096
26.43
27.0171
27.5708
28.0913
28.5791
29.035
29.46
29.8553
30.2221
30.562
30.8763
31.1666
31.4342
31.6808
31.9077
32.1162
32.3077
32.4835
32.6446
32.7921
32.9271
33.0506
33.1633
33.2661
33.3598
33.445
33.5223
33.5923
33.6556
33.7125
33.7636
33.8092
33.8496
33.8852
33.9162
33.9429
33.9654
33.9839
33.9985
34.0095
34.0168
34.0205
34.0206
34.0172
34.0101
33.9994
33.985
33.9668
33.9446
33.9182
33.8875
33.8523
33.8121
33.7669
33.7161
33.6595
33.5966
33.527
33.45
33.3652
33.2719
33.1694
33.0569
32.9337
32.7988
32.6512
32.4899
32.3137
32.1214
31.9116
31.6828
31.4336
31.1623
30.8671
30.5461
30.1975
29.8193
29.4093
28.9655
28.4858
27.968
27.4103
26.8108
26.1678
25.4798
24.7459
23.9652
23.1376
22.263
25.7634
26.3832
26.9701
27.5241
28.0453
28.5342
28.9914
29.4181
29.8151
30.184
30.5259
30.8423
31.1346
31.4044
31.653
31.8818
32.0922
32.2855
32.4629
32.6256
32.7746
32.911
33.0357
33.1496
33.2535
33.3481
33.4342
33.5124
33.5831
33.6471
33.7047
33.7563
33.8024
33.8433
33.8792
33.9106
33.9375
33.9603
33.979
33.9938
34.0049
34.0122
34.016
34.0161
34.0126
34.0055
33.9947
33.9802
33.9617
33.9393
33.9126
33.8816
33.8459
33.8054
33.7596
33.7083
33.6511
33.5875
33.5171
33.4393
33.3535
33.2592
33.1556
33.0419
32.9174
32.7811
32.6319
32.469
32.291
32.0967
31.8848
31.6538
31.4022
31.1284
30.8305
30.5068
30.1554
29.7742
29.3612
28.9145
28.4318
27.9113
27.3511
26.7492
26.1043
25.4149
24.68
23.8989
23.0715
22.1978
30.4363
28.0478
25.7424
23.5252
21.3728
19.2654
17.1894
15.1352
13.0965
11.0685
9.04816
7.03302
5.02139
3.01201
1.00387
28.7416
26.8209
24.8111
22.7864
20.7693
18.7642
16.7699
14.7843
12.805
10.8302
8.85829
6.88833
4.91957
2.95151
0.9838
27.34
25.6827
23.894
22.0397
20.1534
18.2516
16.3415
14.4268
12.5089
10.5886
8.6663
6.74231
4.81696
2.89059
0.963601
26.1781
24.6754
23.0421
21.3243
19.5528
17.7467
15.9175
14.0721
12.2149
10.3488
8.47581
6.59751
4.71526
2.83024
0.943594
25.2031
23.7981
22.2742
20.6622
18.9864
17.2646
15.5093
13.729
11.9296
10.1157
8.29044
6.45654
4.61622
2.77147
0.924109
24.3782
23.0393
21.5941
20.0633
18.4655
16.8158
15.1258
13.4045
11.6587
9.89367
8.11355
6.32184
4.52152
2.71524
0.905465
23.678
22.3861
20.9991
19.5311
17.9962
16.4067
14.7733
13.1043
11.4068
9.6865
7.94809
6.19563
4.43268
2.66246
0.887958
23.0848
21.8278
20.4846
19.0654
17.581
16.0414
14.4559
12.8324
11.1775
9.49723
7.7965
6.07977
4.35102
2.61391
0.871846
22.5859
21.3554
20.0457
18.6646
17.2205
15.7218
14.1764
12.5915
10.9735
9.32819
7.66075
5.97581
4.27765
2.57024
0.85735
22.172
20.9616
19.6777
18.3263
16.9143
15.4485
13.9361
12.3833
10.7965
9.1811
7.54233
5.88496
4.21344
2.53199
0.844648
21.836
20.641
19.3768
18.0484
16.6613
15.2217
13.7357
12.2091
10.6478
9.05721
7.44237
5.80813
4.15908
2.49958
0.833881
21.5727
20.3893
19.1398
17.8287
16.4606
15.041
13.5755
12.0694
10.5283
8.95734
7.36164
5.746
4.11507
2.47333
0.825156
21.3783
20.2031
18.9642
17.6654
16.3111
14.906
13.4555
11.9645
10.4383
8.88206
7.3007
5.69905
4.08178
2.45346
0.818551
21.2502
20.0803
18.8482
17.5573
16.2119
14.8163
13.3755
11.8945
10.3782
8.83172
7.2599
5.66758
4.05946
2.44014
0.814121
21.1865
20.0192
18.7904
17.5035
16.1624
14.7716
13.3356
11.8595
10.3481
8.8065
7.23945
5.65181
4.04827
2.43345
0.811897
)
;

boundaryField
{
    hot
    {
        type            fixedValue;
        value           uniform 10;
    }
    cold
    {
        type            fixedValue;
        value           uniform 0;
    }
    interface_left
    {
        type            fixedValue;
        value           nonuniform List<scalar> 
90
(
26.8927
26.8927
26.8927
26.8927
26.8927
26.8927
26.8927
26.8927
26.8927
32.5427
32.5427
32.5427
32.5427
32.5427
32.5427
32.5427
36.7569
36.7569
36.7569
36.7569
36.7569
36.7569
39.5256
39.5256
39.5256
39.5256
39.5256
39.5256
39.5256
41.1676
41.1676
41.1676
41.1676
41.1676
41.1676
41.1676
42.2725
42.2725
42.2725
42.2725
42.2725
42.2725
42.2725
42.508
42.508
42.508
42.508
42.508
42.508
42.0923
42.0923
42.0923
42.0923
42.0923
42.0923
42.0923
40.7469
40.7469
40.7469
40.7469
40.7469
40.7469
40.7469
38.4516
38.4516
38.4516
38.4516
38.4516
38.4516
38.4516
36.3122
36.3122
36.3122
36.3122
36.3122
36.3122
36.3122
34.4044
34.4044
34.4044
34.4044
34.4044
34.4044
34.4044
34.4044
34.4044
34.4044
34.4044
34.4044
34.4044
)
;
    }
    interface_right
    {
        type            fixedValue;
        value           nonuniform List<scalar> 
90
(
42.366
42.366
42.366
42.366
42.366
42.366
42.366
42.366
42.366
42.366
42.366
42.366
42.366
42.366
42.366
42.366
42.366
42.366
42.366
42.366
42.366
42.366
42.366
42.366
42.366
42.366
42.366
42.366
42.366
42.366
42.366
42.366
42.366
42.366
42.366
42.366
42.366
42.366
42.366
42.366
42.366
42.366
42.366
42.366
42.366
42.366
42.366
42.366
42.508
42.0923
42.0923
42.0923
42.0923
42.0923
42.0923
42.0923
40.7469
40.7469
40.7469
40.7469
40.7469
40.7469
40.7469
38.4516
38.4516
38.4516
38.4516
38.4516
38.4516
38.4516
36.3122
36.3122
36.3122
36.3122
36.3122
36.3122
36.3122
34.4044
34.4044
34.4044
34.4044
34.4044
34.4044
34.4044
34.4044
34.4044
34.4044
34.4044
34.4044
34.4044
)
;
    }
    interface_top
    {
        type            fixedValue;
        value           uniform 34.4044;
    }
    interface_bottom
    {
        type            fixedValue;
        value           nonuniform List<scalar> 
90
(
26.8927
26.8927
26.8927
26.8927
26.8927
26.8927
26.8927
26.8927
26.8927
26.8927
26.8927
26.8927
26.8927
26.8927
26.8927
26.8927
26.8927
26.8927
26.8927
26.8927
26.8927
26.8927
26.8927
26.8927
26.8927
26.8927
26.8927
26.8927
26.8927
26.8927
26.8927
26.8927
30.2843
30.2843
30.2843
30.2843
30.2843
30.2843
30.2843
30.2843
30.2843
30.2843
30.2843
35.4701
35.4701
35.4701
35.4701
35.4701
35.4701
35.4701
35.4701
35.4701
35.4701
35.4701
35.4701
35.4701
39.0853
39.0853
39.0853
39.0853
39.0853
39.0853
39.0853
39.0853
39.0853
39.0853
39.0853
39.0853
39.0853
39.0853
41.5593
41.5593
41.5593
41.5593
41.5593
41.5593
41.5593
41.5593
41.5593
41.5593
41.5593
41.5593
41.5593
42.366
42.366
42.366
42.366
42.366
42.366
42.366
)
;
    }
    defaultFaces
    {
        type            empty;
    }
}


// ************************************************************************* //
