/*--------------------------------*- C++ -*----------------------------------*\
| =========                 |                                                 |
| \\      /  F ield         | OpenFOAM: The Open Source CFD Toolbox           |
|  \\    /   O peration     | Version:  5.x                                   |
|   \\  /    A nd           | Web:      www.OpenFOAM.org                      |
|    \\/     M anipulation  |                                                 |
\*---------------------------------------------------------------------------*/
FoamFile
{
    version     2.0;
    format      ascii;
    class       volScalarField;
    location    "19.3";
    object      gradTy;
}
// * * * * * * * * * * * * * * * * * * * * * * * * * * * * * * * * * * * * * //

dimensions      [0 -1 0 1 0 0 0];

internalField   nonuniform List<scalar> 
6300
(
1001.73
1005.2
1008.64
1012.06
1015.45
1018.78
1022.06
1025.27
1028.41
1031.45
1034.4
1037.24
1039.97
1042.58
1045.06
0.00780439
0.0234099
0.0390044
0.0545716
0.0700786
0.0854702
0.10066
0.115521
0.129874
0.143484
0.156058
0.167246
0.17667
0.183945
0.188733
0.0130102
0.0390288
0.0650379
0.0910172
0.116921
0.142669
0.168126
0.193091
0.217273
0.240283
0.261622
0.280691
0.296819
0.309323
0.31758
0.0182166
0.0546544
0.0910988
0.127535
0.163918
0.200155
0.236082
0.271439
0.305841
0.338749
0.369453
0.397072
0.420591
0.438945
0.451144
0.0234187
0.0702712
0.117163
0.1641
0.211054
0.257941
0.304596
0.35073
0.39589
0.439408
0.480358
0.517541
0.549517
0.574709
0.591605
0.0286052
0.0858469
0.143178
0.200642
0.258249
0.315953
0.373623
0.430987
0.487572
0.542623
0.595019
0.643209
0.685219
0.718765
0.741551
0.0337582
0.101328
0.169055
0.237033
0.305334
0.373987
0.442941
0.512006
0.580772
0.648477
0.713867
0.775041
0.829365
0.873563
0.904111
0.0388565
0.116648
0.194674
0.273092
0.352058
0.431708
0.512132
0.593312
0.675015
0.756629
0.836914
0.913704
0.983616
1.04198
1.08332
0.0438757
0.131729
0.219894
0.308595
0.398085
0.488641
0.580553
0.674077
0.76933
0.866089
0.963434
1.05922
1.14938
1.22741
1.28459
0.0487915
0.146494
0.244568
0.343299
0.443033
0.544203
0.647345
0.753092
0.862116
0.974935
1.09149
1.21031
1.32722
1.43362
1.5156
0.0535856
0.160883
0.268576
0.376986
0.48653
0.597776
0.71151
0.828808
0.951081
1.08001
1.21722
1.36327
1.5155
1.66418
1.78779
0.0582511
0.17487
0.291857
0.409526
0.528309
0.648842
0.77209
0.899522
1.03335
1.17678
1.33407
1.50997
1.70724
1.91976
2.11844
0.062798
0.188482
0.314445
0.440936
0.568319
0.697173
0.82846
0.963809
1.10599
1.25962
1.43223
1.63525
1.88366
2.18909
2.53143
0.0672547
0.201806
0.336493
0.471439
0.606841
0.74305
0.880741
1.02124
1.16712
1.32344
1.49992
1.71506
2.00301
2.42148
3.03745
0.0716664
0.214988
0.358271
0.501471
0.644534
0.78742
0.930192
1.07324
1.21778
1.36703
1.52887
1.722
1.99177
2.4563
3.46623
1047.22
1049.1
1050.88
1052.58
1054.19
1055.71
1057.16
1058.53
1059.82
1061.05
1062.22
1063.34
1064.4
1065.42
1066.4
1067.34
1068.26
1069.16
1070.04
1070.92
1071.78
1072.64
1073.51
1074.38
1075.26
1076.16
1077.06
1077.99
1078.93
1079.89
1080.87
1081.86
1082.87
1083.88
1084.91
1085.94
1086.98
1088.01
1089.03
1090.04
1091.03
1091.99
1092.92
1093.8
1094.63
1095.4
1096.1
1096.72
1097.25
1097.68
1098
1098.2
1098.26
1098.18
1097.93
1097.51
1096.89
1096.07
1095.01
1093.7
1092.12
1090.24
1088.04
1085.49
1082.56
1079.22
1075.43
1071.16
1066.37
1061.01
1055.04
1048.4
1041.04
1032.9
1023.92
1014.04
1003.2
991.315
978.326
964.161
948.747
932.016
913.902
894.343
873.283
850.678
826.491
800.7
773.296
744.287
0.19061
0.190332
0.188068
0.183887
0.177924
0.170365
0.16143
0.151355
0.140377
0.128724
0.116602
0.104193
0.0916556
0.0791227
0.0667077
0.0545075
0.0426089
0.0310933
0.0200422
0.00954191
-0.00031311
-0.0094178
-0.0176564
-0.0249048
-0.0310352
-0.0359242
-0.039463
-0.0415683
-0.0421927
-0.0413311
-0.0390201
-0.0353288
-0.0303417
-0.0241358
-0.0167589
-0.00821629
0.00153023
0.0125486
0.0249107
0.0386618
0.0537927
0.0702248
0.0878137
0.106373
0.125716
0.145699
0.166266
0.187472
0.209487
0.232579
0.257077
0.283333
0.311677
0.342383
0.375651
0.411607
0.450329
0.491881
0.536358
0.583931
0.634865
0.689536
0.748414
0.812037
0.880977
0.955793
1.03699
1.12499
1.22009
1.32248
1.4322
1.54919
1.67325
1.80407
1.94118
2.08393
2.23138
2.38228
2.53492
2.68712
2.83612
2.97864
3.11084
3.22851
3.32725
3.40272
3.45097
3.46878
3.45404
3.40591
0.32083
0.320366
0.316478
0.309294
0.29906
0.286111
0.27084
0.253668
0.23501
0.215256
0.19476
0.173827
0.152717
0.131647
0.110799
0.0903266
0.0703649
0.0510414
0.0324847
0.0148327
-0.00176044
-0.01712
-0.0310496
-0.0433341
-0.0537484
-0.0620706
-0.0681013
-0.0716859
-0.0727354
-0.0712421
-0.0672814
-0.0609965
-0.0525637
-0.0421452
-0.0298427
-0.0156661
0.000470402
0.0187205
0.0392528
0.0621858
0.0875281
0.115143
0.144752
0.175981
0.208442
0.241834
0.276024
0.311096
0.347362
0.385321
0.425591
0.468825
0.515627
0.566483
0.621723
0.681524
0.745953
0.815048
0.888905
0.967763
1.05205
1.14242
1.23969
1.34482
1.45883
1.58271
1.71737
1.86355
2.02177
2.19233
2.37532
2.5706
2.77787
2.99665
3.22623
3.46563
3.71342
3.96763
4.22555
4.4836
4.73723
4.98084
5.2079
5.41107
5.58256
5.71464
5.80015
5.83324
5.80997
5.72879
0.455989
0.455351
0.44966
0.439125
0.424139
0.405235
0.383029
0.358164
0.331264
0.302905
0.273594
0.243763
0.213769
0.183903
0.154402
0.125463
0.0972558
0.0699407
0.0436809
0.0186564
-0.00492532
-0.0268215
-0.0467505
-0.0643946
-0.079411
-0.0914524
-0.100197
-0.105388
-0.106873
-0.104638
-0.098821
-0.0896877
-0.0775744
-0.0627961
-0.0455531
-0.0258648
-0.0035585
0.0216815
0.0502144
0.0823178
0.118069
0.15727
0.199438
0.243893
0.28991
0.336905
0.384594
0.433086
0.482886
0.534822
0.589924
0.649268
0.713829
0.784361
0.861319
0.944866
1.03495
1.13145
1.23434
1.34386
1.46059
1.58546
1.71975
1.86491
2.02255
2.1942
2.38127
2.58486
2.80576
3.04439
3.30082
3.57483
3.86601
4.17375
4.49725
4.83533
5.18631
5.54772
5.91606
6.28654
6.65282
7.00697
7.33944
7.6393
7.89472
8.09366
8.22487
8.27893
8.24937
8.13355
0.598399
0.5976
0.589811
0.575359
0.554857
0.529117
0.499054
0.465598
0.429631
0.391939
0.353194
0.313951
0.274654
0.235652
0.197216
0.159566
0.122884
0.0873423
0.0531212
0.0204264
-0.0104928
-0.0393304
-0.0657155
-0.0892121
-0.10933
-0.125553
-0.137382
-0.144398
-0.146338
-0.143164
-0.135106
-0.122641
-0.106393
-0.0869665
-0.0647547
-0.0398033
-0.0117816
0.0199315
0.0560657
0.0972282
0.143676
0.195154
0.250861
0.309587
0.370001
0.431005
0.492038
0.553223
0.615364
0.679799
0.748183
0.822231
0.903469
0.993017
1.09146
1.19883
1.31474
1.43867
1.57027
1.70962
1.85743
2.015
2.18416
2.36709
2.56612
2.78354
3.02139
3.28127
3.56427
3.87086
4.20102
4.55436
4.93031
5.32821
5.74728
6.18648
6.64419
7.11786
7.60354
8.09552
8.58591
9.06434
9.51796
9.93156
10.2882
10.5702
10.7607
10.845
10.813
10.6601
0.750858
0.749922
0.739568
0.72032
0.693135
0.659245
0.61999
0.576683
0.53052
0.48253
0.433556
0.384265
0.335165
0.286636
0.238953
0.192327
0.146925
0.102901
0.060423
0.0197005
-0.0189953
-0.0553069
-0.0887746
-0.118828
-0.144791
-0.165913
-0.181427
-0.190646
-0.193093
-0.18865
-0.177664
-0.160966
-0.139713
-0.115072
-0.0878249
-0.0580867
-0.025243
0.011893
0.0547551
0.104608
0.162121
0.22703
0.29802
0.372935
0.449324
0.525148
0.599344
0.672068
0.744622
0.819174
0.898372
0.984932
1.08123
1.18896
1.30884
1.44058
1.58308
1.73496
1.89511
2.06329
2.24029
2.42793
2.62883
2.84616
3.0833
3.34356
3.62987
3.94451
4.28888
4.66347
5.06793
5.50144
5.96311
6.45225
6.9684
7.51105
8.07918
8.67076
9.28202
9.90689
10.5363
11.1575
11.7542
12.3059
12.7892
13.1788
13.4494
13.5788
13.5505
13.3572
0.916833
0.91579
0.902119
0.876692
0.841049
0.79708
0.746744
0.691869
0.634036
0.574538
0.514381
0.454313
0.394868
0.336412
0.279186
0.223345
0.169001
0.116253
0.0652209
0.0160808
-0.0309044
-0.0753505
-0.116721
-0.154301
-0.18719
-0.214315
-0.234502
-0.246608
-0.249735
-0.243519
-0.228411
-0.205811
-0.177876
-0.146895
-0.114446
-0.080806
-0.04485
-0.00435712
0.0434113
0.100993
0.16995
0.250184
0.339561
0.434193
0.529492
0.621665
0.708798
0.791183
0.871029
0.951884
1.03799
1.13363
1.24258
1.36743
1.50916
1.66685
1.83797
2.01934
2.20843
2.40428
2.60786
2.82177
3.04987
3.29673
3.56722
3.8661
4.19759
4.56493
4.97001
5.41308
5.89302
6.40797
6.95635
7.53742
8.15138
8.7989
9.48042
10.1953
10.9409
11.7118
12.4983
13.2861
14.055
14.7787
15.4251
15.9585
16.3415
16.5395
16.5258
16.2872
1.10094
1.09981
1.08156
1.04773
1.00091
0.944027
0.879972
0.811248
0.739887
0.667438
0.595024
0.523415
0.453104
0.384379
0.317385
0.252173
0.188748
0.127103
0.0672667
0.00933226
-0.0464934
-0.0998446
-0.150144
-0.196549
-0.237904
-0.272722
-0.299228
-0.31551
-0.319841
-0.311205
-0.289956
-0.258349
-0.220436
-0.180846
-0.142795
-0.106876
-0.0710073
-0.0311043
0.0179139
0.0809704
0.161517
0.260142
0.373507
0.49446
0.614128
0.7254
0.82505
0.91391
0.995934
1.07699
1.1638
1.26313
1.38096
1.52155
1.68646
1.87373
2.07803
2.29255
2.51193
2.7341
2.96047
3.19512
3.44381
3.71318
4.01017
4.3416
4.71359
5.13095
5.59632
6.10952
6.66759
7.26629
7.9024
8.57511
9.28591
10.0377
10.8335
11.6754
12.5634
13.4938
14.4584
15.4419
16.4209
17.3624
18.2238
18.9546
19.4997
19.8048
19.8247
19.5346
1.30967
1.30843
1.28335
1.23743
1.17516
1.10122
1.01983
0.934321
0.847192
0.760174
0.674397
0.59054
0.508951
0.429754
0.352921
0.278336
0.205837
0.135263
0.0664878
-0.000535733
-0.0657258
-0.128811
-0.189251
-0.246141
-0.2981
-0.343167
-0.378743
-0.401686
-0.408685
-0.397119
-0.366484
-0.320038
-0.26548
-0.212652
-0.168146
-0.13295
-0.103048
-0.0710557
-0.0278823
0.0356736
0.126958
0.248777
0.396425
0.55647
0.710742
0.845757
0.956718
1.04636
1.12211
1.19366
1.27144
1.36585
1.4864
1.6405
1.83141
2.05591
2.30323
2.55861
2.81123
3.05769
3.301
3.54808
3.80779
4.08965
4.40335
4.75848
5.16406
5.62763
6.15358
6.74111
7.38344
8.0705
8.79554
9.55773
10.3612
11.2128
12.1199
13.089
14.1243
15.2266
16.3908
17.6038
18.8406
20.0612
21.2101
22.2177
23.0033
23.4804
23.5696
23.2208
1.55294
1.55129
1.51506
1.45062
1.36613
1.26912
1.16556
1.05968
0.954286
0.851067
0.750952
0.654344
0.561303
0.471675
0.385177
0.301452
0.220118
0.140798
0.0631539
-0.013073
-0.0880155
-0.161609
-0.233491
-0.302852
-0.368238
-0.427291
-0.476463
-0.510833
-0.52427
-0.510506
-0.46579
-0.393422
-0.308047
-0.232494
-0.180108
-0.151422
-0.138112
-0.12712
-0.103043
-0.0495711
0.0484024
0.200186
0.401451
0.626748
0.835037
1.00069
1.11903
1.19877
1.25431
1.30129
1.35511
1.43088
1.54348
1.70636
1.92796
2.20513
2.51677
2.82855
3.11931
3.38576
3.63599
3.88279
4.13979
4.42018
4.7368
5.10262
5.53092
6.0344
6.62204
7.2937
8.03474
8.81992
9.63504
10.4807
11.3671
12.3078
13.3169
14.407
15.5888
16.8699
18.2528
19.7312
21.2831
22.8633
24.3997
25.8003
26.951
27.7143
27.9451
27.5328
1.84742
1.84385
1.78733
1.69265
1.5751
1.44648
1.31468
1.18443
1.05833
0.93759
0.82256
0.713115
0.608848
0.509203
0.413555
0.321246
0.231622
0.144044
0.0579094
-0.0273265
-0.112111
-0.196733
-0.281216
-0.36514
-0.447347
-0.525489
-0.595347
-0.649965
-0.678871
-0.668309
-0.60476
-0.485385
-0.336323
-0.218824
-0.157793
-0.147603
-0.169684
-0.20186
-0.220362
-0.198724
-0.107468
0.0805054
0.372033
0.721671
1.02087
1.22393
1.33705
1.3862
1.39902
1.39926
1.40735
1.44309
1.52835
1.68785
1.94467
2.3049
2.7303
3.12893
3.46257
3.73734
3.97613
4.20301
4.4383
4.69876
4.99963
5.35698
5.78976
6.32017
6.96973
7.74656
8.62269
9.5264
10.4307
11.3454
12.2949
13.3046
14.3974
15.5933
16.9105
18.3667
19.9775
21.753
23.6852
25.7285
27.7848
29.7429
31.4565
32.7154
33.2467
32.7855
2.22503
2.21268
2.11451
1.96759
1.79995
1.62835
1.46145
1.30312
1.1546
1.01581
0.886062
0.764371
0.64968
0.540926
0.437074
0.337131
0.24014
0.145177
0.0513374
-0.0422592
-0.136466
-0.23208
-0.329766
-0.429913
-0.532322
-0.635625
-0.736179
-0.826128
-0.890304
-0.902415
-0.824123
-0.620102
-0.319152
-0.123842
-0.0622734
-0.0973191
-0.186737
-0.296312
-0.395502
-0.448148
-0.402631
-0.188318
0.258906
0.889184
1.34513
1.57663
1.64713
1.62589
1.56178
1.48585
1.4197
1.38394
1.40625
1.52916
1.81239
2.31078
2.98229
3.52281
3.89054
4.14066
4.33331
4.511
4.70045
4.91907
5.18102
5.50263
5.90791
6.43424
7.13405
8.05631
9.17081
10.232
11.211
12.16
13.1357
14.1815
15.3293
16.6046
18.0321
19.6404
21.465
23.5488
25.9271
28.5749
31.311
34.0375
36.6166
38.7638
39.9772
39.5805
2.75991
2.70505
2.51181
2.27228
2.03046
1.80338
1.59582
1.4076
1.23676
1.08096
0.93789
0.805485
0.681908
0.565536
0.454916
0.348719
0.245699
0.144653
0.0443838
-0.0563406
-0.158821
-0.264461
-0.374789
-0.491438
-0.616018
-0.749722
-0.892283
-1.0394
-1.1767
-1.26669
-1.22453
-0.89439
-0.14987
0.163715
0.17235
0.0312486
-0.17477
-0.405724
-0.637672
-0.838929
-0.940862
-0.792538
-0.117837
1.30769
1.99253
2.16109
2.08927
1.92723
1.7415
1.55829
1.38825
1.2411
1.13926
1.13953
1.37025
2.06728
3.42283
4.16541
4.48774
4.62665
4.71193
4.80197
4.92051
5.07687
5.27641
5.52769
5.85163
6.29844
6.97793
8.08911
9.79559
11.0556
12.0347
12.9359
13.8752
14.9116
16.0774
17.3964
18.8933
20.6023
22.5791
24.9203
27.7806
31.2941
34.8505
38.5439
42.3983
46.1565
49.026
49.3078
3.67277
3.39648
2.97568
2.58017
2.23965
1.95026
1.70235
1.48703
1.29729
1.12778
0.974386
0.833913
0.70379
0.581899
0.466428
0.355776
0.248463
0.143066
0.0381428
-0.0678319
-0.176558
-0.290021
-0.410636
-0.541464
-0.686489
-0.850973
-1.04173
-1.26669
-1.53113
-1.82115
-2.03949
-1.76529
0.640028
0.890458
0.62265
0.253362
-0.126817
-0.513609
-0.923928
-1.37261
-1.83933
-2.15461
-1.57566
2.79281
3.38339
3.09173
2.66131
2.26274
1.91766
1.61181
1.32393
1.03311
0.725355
0.418159
0.256728
0.87563
4.74608
5.41321
5.34905
5.1899
5.0837
5.05195
5.08617
5.17256
5.29736
5.44821
5.61853
5.82765
6.20029
7.26475
11.0633
12.2837
12.9705
13.6568
14.475
15.4551
16.6051
17.9322
19.449
21.1784
23.1686
25.5444
28.6936
33.9512
38.1928
42.8184
48.3184
54.829
61.8008
66.0777
5.81504
4.29585
3.40302
2.80877
2.37509
2.03731
1.76183
1.52953
1.3286
1.1513
0.992202
0.847363
0.713753
0.588952
0.470944
0.35797
0.248422
0.140749
0.0333761
-0.0753964
-0.187508
-0.305306
-0.431798
-0.571061
-0.728949
-0.91439
-1.14193
-1.43711
-1.84868
-2.47881
-3.56366
-5.70495
4.5329
2.3634
1.21903
0.491119
-0.069368
-0.587626
-1.15494
-1.8803
-2.95584
-4.8043
-8.49037
9.71797
6.04454
4.22202
3.1874
2.5211
2.03722
1.6394
1.26378
0.849436
0.310618
-0.513123
-1.98047
-4.99828
10.682
7.71387
6.347
5.67673
5.34813
5.20678
5.17659
5.21283
5.28068
5.34061
5.32948
5.12131
4.42633
2.50318
16.0435
14.28
13.9067
14.1877
14.8414
15.7537
16.8775
18.1947
19.6981
21.3788
23.2027
25.0545
26.5701
38.0712
40.9817
45.8332
52.7827
62.8367
78.4559
105.645
710.635
671.705
630.649
587.589
542.665
496.034
447.861
398.317
347.575
295.804
243.174
189.847
135.985
81.7419
27.2724
3.31692
3.17582
2.99661
2.78676
2.55438
2.30728
2.05234
1.79509
1.5396
1.28847
1.04305
0.803621
0.56964
0.339955
0.113006
5.57698
5.33531
5.02834
4.66962
4.27365
3.85419
3.42315
2.98991
2.56117
2.14113
1.73178
1.33333
0.944634
0.563558
0.187304
7.91311
7.5601
7.11182
6.58975
6.01642
5.4127
4.79616
4.1802
3.57404
2.98309
2.40959
1.85327
1.312
0.782334
0.259952
10.3618
9.88017
9.26909
8.56116
7.78956
6.98404
6.16859
5.36069
4.57168
3.80758
3.07019
2.35814
1.66775
0.99382
0.330117
12.9666
12.3297
11.5232
10.5962
9.59663
8.56532
7.53346
6.5223
5.54441
4.60535
3.70545
2.84132
2.00704
1.19506
0.396811
15.7822
14.9487
13.8978
12.7038
11.4354
10.1471
8.87762
7.65066
6.47831
5.36395
4.30491
3.29463
2.32403
1.38257
0.458868
18.8801
17.785
16.4154
14.8858
13.2939
11.7102
10.1792
8.7244
7.35425
6.06721
4.85562
3.70823
2.61185
1.5523
0.51496
22.3589
20.8955
19.0926
17.1301
15.1439
13.2203
11.4044
9.71347
8.14706
6.69503
5.34212
4.07082
2.86283
1.69981
0.563629
26.3608
24.3453
21.9295
19.3977
16.9312
14.6224
12.5047
10.5779
8.82544
7.22369
5.74701
4.37009
3.06882
1.82046
0.603374
31.0998
28.1954
24.8824
21.6001
18.5609
15.8335
13.4138
11.2679
9.35306
7.62727
6.05213
4.59368
3.2219
1.90985
0.632776
36.9039
32.4539
27.8044
23.5593
19.8789
16.7368
14.0491
11.7266
9.69162
7.88015
6.24052
4.73059
3.31523
1.96424
0.650655
44.2378
36.9115
30.3217
24.9533
20.6585
17.1856
14.3189
11.8979
9.8066
7.96116
6.29919
4.77291
3.34417
1.98121
0.656257
53.367
40.6326
31.6175
25.2737
20.6161
17.028
14.1431
11.7393
9.67572
7.85864
6.22217
4.71766
3.30731
1.96016
0.64942
61.3641
40.6342
30.2418
23.9076
19.5041
16.1671
13.4861
11.2403
9.29832
7.57549
6.01315
4.56823
3.20724
1.90268
0.630678
0.0757154
0.227091
0.378277
0.529078
0.679178
0.828101
0.975152
1.11942
1.25988
1.39586
1.52835
1.66322
1.81922
2.04721
2.47732
0.0794352
0.238226
0.396742
0.55468
0.711529
0.86644
1.01803
1.16409
1.30118
1.42403
1.52466
1.59042
1.59748
1.48115
0.993562
0.0832081
0.249544
0.415598
0.581024
0.74521
0.907069
1.06472
1.21496
1.35233
1.46759
1.54514
1.55837
1.46137
1.17288
0.551131
0.0870341
0.261053
0.434878
0.608218
0.780491
0.950599
1.11654
1.27473
1.41878
1.53731
1.61025
1.60281
1.45818
1.09604
0.442373
0.0908917
0.272688
0.454484
0.636138
0.817259
0.997003
1.17372
1.34429
1.5029
1.63867
1.73115
1.74245
1.60602
1.22161
0.494075
0.0947376
0.284315
0.474175
0.664414
0.854968
1.04549
1.23513
1.4221
1.60284
1.77005
1.9084
1.9846
1.92605
1.58543
0.726745
0.0985094
0.295739
0.493591
0.692455
0.892682
1.09457
1.29836
1.50421
1.71211
1.92142
2.12881
2.32021
2.44194
2.30896
1.37245
0.102132
0.30672
0.51229
0.719533
0.929222
1.14231
1.36013
1.58485
1.82035
2.07407
2.36029
2.70412
3.13466
3.59043
3.27396
0.105526
0.31701
0.529812
0.744894
0.963382
1.18674
1.41709
1.65795
1.91587
2.20407
2.55172
3.02775
3.80976
5.4081
9.50277
0.108617
0.326376
0.545736
0.767868
0.994139
1.22628
1.46671
1.71919
1.99029
2.29274
2.65392
3.1388
3.91785
5.49205
9.53593
0.111341
0.334621
0.559717
0.787946
1.02079
1.26004
1.50792
1.76746
2.04288
2.34054
2.67016
3.04549
3.47366
3.8608
3.38424
0.113648
0.341593
0.571509
0.804795
1.04298
1.28777
1.54102
1.80464
2.07998
2.36609
2.65459
2.91541
3.05785
2.82925
1.60182
0.115501
0.347186
0.580943
0.818221
1.06056
1.30958
1.56688
1.83364
2.10956
2.38992
2.65815
2.86746
2.89963
2.49123
1.19175
0.116876
0.351332
0.587917
0.828111
1.07347
1.32561
1.58612
1.85623
2.13598
2.42211
2.70257
2.94243
3.0473
2.77194
1.53445
0.117759
0.353988
0.592368
0.834393
1.08164
1.3358
1.59866
1.87206
2.15792
2.45819
2.77513
3.11106
3.45893
3.72073
3.14893
0.118145
0.355141
0.594272
0.837026
1.08499
1.33992
1.60382
1.8792
2.16978
2.48261
2.83444
3.27129
3.93026
5.24832
8.73975
0.118038
0.354802
0.593644
0.836017
1.08348
1.33778
1.60098
1.87573
2.16613
2.47987
2.83464
3.27719
3.94377
5.26646
8.75038
0.117451
0.353008
0.590547
0.83145
1.0772
1.32944
1.59006
1.86134
2.1462
2.44857
2.7738
3.12742
3.50154
3.7836
3.19037
0.116406
0.349829
0.585098
0.823495
1.06638
1.31525
1.57171
1.83749
2.11405
2.40132
2.69318
2.96334
3.12315
2.90847
1.64939
0.114934
0.345358
0.57746
0.812398
1.05139
1.29575
1.54685
1.80609
2.07441
2.35081
2.62756
2.8758
3.00473
2.75853
1.52483
0.113074
0.339713
0.567837
0.798462
1.03265
1.27152
1.51631
1.76835
2.0291
2.3
2.58169
2.87101
3.14676
3.29428
2.66132
0.110868
0.333027
0.556462
0.782034
1.01062
1.24316
1.48068
1.7245
1.9767
2.24163
2.53045
2.87555
3.37776
4.37195
7.05446
0.108364
0.325445
0.543587
0.763488
0.985835
1.21131
1.44065
1.67478
1.91539
2.16659
2.44009
2.7709
3.26701
4.27705
7.01286
0.10561
0.317118
0.529476
0.743224
0.958846
1.17675
1.39725
1.62051
1.84666
2.07601
2.30988
2.55137
2.79929
2.98358
2.51576
0.102655
0.30819
0.514387
0.721637
0.930247
1.14037
1.3519
1.56421
1.77564
1.98223
2.17432
2.32731
2.37568
2.14288
1.18781
0.0995404
0.298794
0.498551
0.699086
0.900571
1.10299
1.30597
1.50847
1.70795
1.89846
2.06584
2.17583
2.14727
1.80368
0.84631
0.0963025
0.28904
0.48216
0.675857
0.870225
1.06518
1.26035
1.45479
1.64642
1.83071
1.99717
2.12051
2.13758
1.89067
1.01538
0.0929695
0.279013
0.465355
0.652144
0.839446
1.02721
1.21521
1.40301
1.58996
1.77529
1.95839
2.13891
2.31116
2.41399
1.98685
0.0895611
0.26877
0.448226
0.628056
0.808326
0.989041
1.17017
1.35178
1.53458
1.72136
1.92136
2.16299
2.53288
3.30528
5.42113
0.0860898
0.258347
0.430826
0.603645
0.776878
0.950565
1.12475
1.29969
1.47639
1.65821
1.85537
2.09795
2.47501
3.26353
5.40542
0.0825623
0.247762
0.413178
0.578928
0.745095
0.911716
1.07879
1.24635
1.4146
1.58434
1.75779
1.93947
2.13133
2.28183
1.93599
0.0789802
0.237019
0.395284
0.553907
0.712978
0.872527
1.03247
1.1925
1.35173
1.50784
1.65445
1.77386
1.81632
1.64476
0.915204
0.0753417
0.226111
0.377132
0.528558
0.680508
0.83304
0.986069
1.13917
1.291
1.43789
1.56996
1.66162
1.64988
1.39514
0.658875
0.0716412
0.21502
0.358688
0.50283
0.647616
0.793185
0.939593
1.08668
1.23367
1.37819
1.51348
1.62115
1.65216
1.47987
0.806336
0.0678713
0.203723
0.339905
0.47664
0.614163
0.752726
0.892622
1.03422
1.17802
1.32486
1.47614
1.63385
1.79559
1.91264
1.60596
0.0640232
0.192191
0.320727
0.44989
0.57997
0.711322
0.844447
0.98019
1.12023
1.26841
1.43432
1.64369
1.97
2.63961
4.42305
0.0600887
0.180397
0.301103
0.422491
0.544879
0.668668
0.794432
0.923148
1.05675
1.1996
1.36226
1.57229
1.90596
2.593
4.40539
0.0560612
0.168321
0.280998
0.394383
0.5088
0.624624
0.742346
0.862682
0.986828
1.11698
1.25729
1.41497
1.59646
1.76481
1.54858
0.0519364
0.15595
0.260391
0.365549
0.471729
0.579247
0.688425
0.799547
0.912702
1.02726
1.14023
1.24107
1.29605
1.20365
0.692349
0.0477118
0.143279
0.239276
0.335993
0.433714
0.5327
0.633135
0.734979
0.837572
0.938617
1.03154
1.09897
1.09795
0.933336
0.442633
0.0433859
0.130303
0.217655
0.305731
0.394808
0.48513
0.576848
0.669866
0.763492
0.855587
0.940533
1.00437
1.01344
0.889444
0.466906
0.0389577
0.11702
0.195524
0.274762
0.355024
0.436578
0.51964
0.604309
0.69045
0.777497
0.864157
0.947772
1.02131
1.05284
0.846214
0.0344261
0.103427
0.172875
0.243075
0.314333
0.386965
0.461299
0.537708
0.616749
0.699647
0.789874
0.898132
1.05831
1.3816
2.2573
0.0297898
0.0895188
0.149699
0.210643
0.272677
0.336159
0.401502
0.469259
0.540343
0.616679
0.703046
0.812403
0.982002
1.32669
2.23678
0.0250484
0.0752935
0.125988
0.177446
0.230007
0.284049
0.340018
0.398484
0.460268
0.526718
0.60023
0.684811
0.784068
0.879091
0.780057
0.0202029
0.0607528
0.10174
0.143476
0.186299
0.230591
0.276788
0.32539
0.376933
0.43183
0.489705
0.547001
0.589043
0.566224
0.337943
0.0152564
0.0459051
0.0769687
0.108745
0.141564
0.175801
0.211878
0.25024
0.291253
0.334855
0.379559
0.419761
0.439036
0.396013
0.206655
0.0102144
0.0307669
0.0516977
0.0732836
0.095838
0.119726
0.14537
0.173237
0.203761
0.237099
0.272525
0.307028
0.332277
0.327405
0.230877
0.00508571
0.0153635
0.0259683
0.0371448
0.0491798
0.0624229
0.0773086
0.094379
0.114301
0.137879
0.166121
0.200698
0.246418
0.322425
0.508713
-0.000117475
-0.000268816
-0.00016122
0.000405759
0.00167804
0.00397384
0.00772284
0.0135298
0.0222885
0.035408
0.0553068
0.0866117
0.139509
0.240836
0.476337
-0.00537927
-0.0160825
-0.0266122
-0.0368262
-0.0465382
-0.0554886
-0.0632974
-0.0693773
-0.0727641
-0.0717835
-0.0634366
-0.0424834
-0.00104917
0.0660475
0.122957
-0.0106799
-0.0320179
-0.0532844
-0.0744093
-0.095286
-0.115747
-0.135522
-0.15416
-0.170858
-0.184101
-0.190942
-0.185811
-0.159442
-0.10168
-0.0201422
-0.0159958
-0.0480038
-0.0800562
-0.112167
-0.144325
-0.176483
-0.208538
-0.240293
-0.271356
-0.300869
-0.326767
-0.343895
-0.339641
-0.285928
-0.134597
-0.0213006
-0.0639595
-0.106788
-0.149892
-0.193364
-0.237291
-0.281763
-0.326907
-0.372933
-0.420148
-0.468684
-0.516833
-0.554186
-0.537969
-0.330904
-0.0265655
-0.0797972
-0.13333
-0.187361
-0.242087
-0.29772
-0.354522
-0.41291
-0.473683
-0.53851
-0.610865
-0.69727
-0.80593
-0.922541
-0.843
-0.0317603
-0.0954257
-0.159525
-0.224347
-0.290181
-0.357335
-0.426178
-0.497256
-0.571617
-0.65164
-0.743282
-0.862249
-1.05215
-1.44332
-2.47069
-0.0368542
-0.110752
-0.185218
-0.260627
-0.337355
-0.415775
-0.496277
-0.57932
-0.665614
-0.756698
-0.856717
-0.977966
-1.15857
-1.52229
-2.50096
-0.0418163
-0.125684
-0.210253
-0.295991
-0.383351
-0.472766
-0.564607
-0.65912
-0.75628
-0.855544
-0.955399
-1.05245
-1.13783
-1.1742
-0.942045
-0.0466152
-0.140126
-0.234476
-0.330224
-0.427917
-0.528066
-0.631076
-0.737073
-0.845477
-0.95397
-1.05601
-1.13503
-1.1511
-1.01258
-0.530295
-0.0512191
-0.153983
-0.257725
-0.363103
-0.470773
-0.581374
-0.695463
-0.813345
-0.934602
-1.05686
-1.17261
-1.26132
-1.2717
-1.08967
-0.520142
-0.0555962
-0.167159
-0.279836
-0.394385
-0.511588
-0.632252
-0.757207
-0.887262
-1.02302
-1.16426
-1.30796
-1.44198
-1.52591
-1.43583
-0.836898
-0.0597156
-0.179558
-0.300642
-0.423821
-0.549993
-0.680142
-0.815401
-0.957207
-1.10761
-1.26994
-1.45
-1.65741
-1.90094
-2.13534
-1.90007
-0.0635484
-0.191093
-0.31999
-0.451172
-0.585631
-0.724473
-0.869036
-1.02117
-1.18391
-1.36329
-1.57302
-1.84774
-2.28227
-3.16099
-5.43882
-0.0670693
-0.201686
-0.337745
-0.47624
-0.618217
-0.764823
-0.917405
-1.07774
-1.24864
-1.43553
-1.6509
-1.92705
-2.35511
-3.21497
-5.4595
-0.0702572
-0.211274
-0.353805
-0.498884
-0.647579
-0.801013
-0.960377
-1.12696
-1.30224
-1.48797
-1.68655
-1.90085
-2.12805
-2.30732
-1.96769
-0.0730952
-0.219807
-0.36809
-0.519008
-0.673642
-0.833074
-0.99832
-1.17014
-1.34855
-1.53146
-1.71125
-1.86566
-1.93423
-1.75997
-0.972912
-0.0755697
-0.227246
-0.38054
-0.536544
-0.696363
-0.861085
-1.03168
-1.20873
-1.39171
-1.57709
-1.75355
-1.89005
-1.90903
-1.63814
-0.782815
-0.0776699
-0.233559
-0.391101
-0.551422
-0.71567
-0.885005
-1.06054
-1.24318
-1.43318
-1.62891
-1.82358
-1.99601
-2.08508
-1.92216
-1.08597
-0.0793875
-0.238718
-0.399727
-0.563565
-0.731434
-0.904606
-1.08445
-1.27251
-1.47064
-1.68143
-1.90902
-2.15982
-2.43611
-2.67368
-2.31671
-0.0807177
-0.242709
-0.406381
-0.5729
-0.743505
-0.919559
-1.10265
-1.29482
-1.49928
-1.72225
-1.97833
-2.30588
-2.814
-3.83804
-6.51718
-0.0816606
-0.245528
-0.411051
-0.579387
-0.751781
-0.929615
-1.11451
-1.30858
-1.51503
-1.74005
-1.99797
-2.3265
-2.83357
-3.85297
-6.52301
-0.0822225
-0.247194
-0.413761
-0.583048
-0.756266
-0.934752
-1.12
-1.31371
-1.51787
-1.73498
-1.96854
-2.22309
-2.4973
-2.72155
-2.33599
-0.0824176
-0.247746
-0.414575
-0.583969
-0.757083
-0.935179
-1.11959
-1.31155
-1.51167
-1.71847
-1.9245
-2.10601
-2.19568
-2.01357
-1.1256
-0.0822684
-0.247252
-0.413601
-0.582296
-0.754426
-0.931206
-1.11393
-1.30372
-1.50082
-1.70246
-1.89745
-2.05267
-2.08276
-1.79574
-0.861897
-0.0818071
-0.245807
-0.410989
-0.578227
-0.748529
-0.923092
-1.10333
-1.29079
-1.48678
-1.69104
-1.89798
-2.08618
-2.19003
-2.02706
-1.14675
-0.0810763
-0.243535
-0.406941
-0.57202
-0.739661
-0.911022
-1.08769
-1.27191
-1.46697
-1.67773
-1.91151
-2.17822
-2.48254
-2.75651
-2.41297
-0.0801311
-0.240602
-0.401724
-0.564023
-0.728195
-0.895253
-1.06679
-1.24549
-1.43622
-1.64842
-1.90212
-2.24411
-2.7961
-3.91472
-6.79193
-0.0790393
-0.237211
-0.395681
-0.554715
-0.714713
-0.876357
-1.04089
-1.2107
-1.39053
-1.59025
-1.83139
-2.16413
-2.71613
-3.85161
-6.76683
-0.0778807
-0.233609
-0.389239
-0.544726
-0.700075
-0.85544
-1.01131
-1.16892
-1.331
-1.50328
-1.69701
-1.93185
-2.2309
-2.5525
-2.32918
-0.0767436
-0.230068
-0.382889
-0.53482
-0.685412
-0.834154
-0.980509
-1.124
-1.26435
-1.4014
-1.53406
-1.65495
-1.72998
-1.63176
-0.971393
-0.0757176
-0.226872
-0.377147
-0.525832
-0.672019
-0.814509
-0.951673
-1.08126
-1.19997
-1.30252
-1.37924
-1.40987
-1.34932
-1.10138
-0.50415
-0.0748847
-0.224281
-0.3725
-0.518566
-0.66118
-0.798543
-0.928082
-1.04604
-1.14678
-1.22157
-1.2564
-1.22809
-1.09877
-0.813553
-0.322358
-0.0743091
-0.2225
-0.369341
-0.513683
-0.653972
-0.787992
-0.912513
-1.02275
-1.11158
-1.16836
-1.1774
-1.1164
-0.956462
-0.668745
-0.247171
-0.0740277
-0.221652
-0.367906
-0.511602
-0.6511
-0.784021
-0.906841
-1.01431
-1.0986
-1.14826
-1.14702
-1.07339
-0.902869
-0.616878
-0.222511
-0.0740435
-0.221749
-0.368236
-0.512423
-0.652781
-0.787047
-0.911814
-1.02193
-1.10965
-1.16347
-1.16689
-1.09765
-0.929438
-0.640254
-0.233023
-0.0743215
-0.222687
-0.370153
-0.51589
-0.658676
-0.796651
-0.926939
-1.04509
-1.14421
-1.21366
-1.23719
-1.19059
-1.03999
-0.745587
-0.284375
-0.0747901
-0.224242
-0.37326
-0.52139
-0.667896
-0.811574
-0.950474
-1.08144
-1.19934
-1.2957
-1.35616
-1.35571
-1.25037
-0.96674
-0.410399
-0.0753456
-0.22609
-0.376973
-0.528004
-0.679061
-0.829796
-0.979496
-1.12684
-1.26941
-1.40264
-1.51738
-1.59363
-1.58453
-1.37724
-0.720079
-0.0758614
-0.227836
-0.38057
-0.534585
-0.690432
-0.848716
-1.01014
-1.17553
-1.34592
-1.52238
-1.70528
-1.89077
-2.05628
-2.1001
-1.57352
-0.0761998
-0.229046
-0.383265
-0.539877
-0.700091
-0.86544
-1.03799
-1.22073
-1.41817
-1.63758
-1.89131
-2.20171
-2.61253
-3.21892
-4.24667
43.3548
32.2837
25.6079
21.028
17.5812
14.8211
12.5144
10.5251
8.76664
7.17997
5.72211
4.36019
3.06774
1.82244
0.604488
15.8355
20.6179
19.6238
17.4937
15.2888
13.2419
11.3836
9.69559
8.15026
6.72079
5.38343
4.11744
2.90456
1.72839
0.573762
6.9887
12.9635
14.4284
14.0111
12.8868
11.5318
10.1345
8.76699
7.45338
6.19764
4.99517
3.83778
2.71587
1.61937
0.5381
3.69924
8.44094
10.54
11.0196
10.6449
9.85092
8.86469
7.80093
6.71628
5.63747
4.57558
3.53348
2.50954
1.49977
0.498914
2.25475
5.7535
7.77622
8.62134
8.6941
8.30351
7.64868
6.84935
5.97512
5.06551
4.14225
3.21654
2.29335
1.37398
0.457621
1.51216
4.09107
5.83016
6.75939
7.06504
6.93956
6.533
5.94975
5.2585
4.50303
3.71061
2.89783
2.07449
1.24609
0.415551
1.0789
3.01181
4.44649
5.33045
5.73535
5.77078
5.53998
5.12513
4.58646
3.96618
3.29308
2.58646
1.85914
1.11967
0.373873
0.8018
2.27853
3.44525
4.23415
4.66221
4.78685
4.67476
4.38648
3.97109
3.466
2.89881
2.28944
1.65223
0.997635
0.333548
0.612801
1.76054
2.70638
3.38841
3.79977
3.96729
3.93187
3.73609
3.41797
3.00895
2.53382
2.01174
1.45739
0.882186
0.295312
0.477873
1.38273
2.1507
2.73061
3.10666
3.28864
3.30034
3.17063
2.92798
2.59778
2.20143
1.75644
1.27703
0.774836
0.25968
0.378282
1.09998
1.72561
2.21436
2.54831
2.72822
2.76699
2.68359
2.49879
2.23255
1.9028
1.52504
1.11249
0.676483
0.226965
0.302905
0.883932
1.39556
1.80561
2.09692
2.26582
2.31846
2.26695
2.12613
1.91141
1.6375
1.31778
0.964228
0.587512
0.197312
0.244735
0.716076
1.13606
1.47931
1.73054
1.88414
1.94226
1.91232
1.80478
1.63138
1.404
1.13402
0.832049
0.507902
0.170731
0.199153
0.583886
0.929826
1.21691
1.43194
1.56876
1.62719
1.61158
1.52917
1.38882
1.20007
0.972465
0.715268
0.437333
0.14713
0.162998
0.478633
0.764467
1.00453
1.18766
1.3078
1.36355
1.35722
1.29377
1.17988
1.02312
0.831457
0.612886
0.375281
0.126347
0.134036
0.394074
0.630889
0.831693
0.987115
1.09156
1.14301
1.14251
1.09341
1.0007
0.870409
0.709131
0.523717
0.321096
0.108174
0.110651
0.325643
0.522315
0.690367
0.821967
0.912105
0.958552
0.961544
0.923319
0.847615
0.739212
0.603561
0.446497
0.274061
0.0923816
0.0916478
0.269931
0.433616
0.574351
0.685609
0.76299
0.804265
0.809199
0.779254
0.717233
0.626935
0.512857
0.37995
0.233445
0.0787297
0.0761251
0.224356
0.360851
0.478804
0.572774
0.638946
0.67521
0.681072
0.65746
0.606483
0.531169
0.435227
0.322845
0.198529
0.0669832
0.0633932
0.186931
0.300961
0.39991
0.479239
0.535669
0.567266
0.573409
0.554667
0.512632
0.449727
0.369012
0.274025
0.168632
0.0569175
0.0529173
0.156107
0.251543
0.334638
0.401604
0.449635
0.476997
0.483023
0.468046
0.433273
0.380649
0.312707
0.232429
0.143126
0.048324
0.044278
0.130667
0.210693
0.280566
0.337116
0.377952
0.40154
0.407222
0.39517
0.366309
0.322208
0.264966
0.1971
0.121437
0.0410124
0.0371435
0.109644
0.176893
0.235744
0.28354
0.318245
0.338517
0.343733
0.333965
0.309926
0.27289
0.224602
0.167186
0.103053
0.0348118
0.0312496
0.092267
0.148925
0.198598
0.239054
0.268559
0.285949
0.290649
0.28267
0.262568
0.231384
0.190575
0.141936
0.0875222
0.0295711
0.0263847
0.0779168
0.125807
0.167852
0.20217
0.227286
0.24219
0.246367
0.239792
0.222903
0.19656
0.161984
0.120696
0.0744472
0.0251573
0.0223789
0.0660956
0.106746
0.142472
0.171677
0.193103
0.20588
0.209551
0.204074
0.189803
0.167454
0.138055
0.102899
0.063484
0.0214551
0.019096
0.0564033
0.0911045
0.121618
0.146584
0.164924
0.175891
0.179086
0.174462
0.162313
0.143241
0.118122
0.0880589
0.0543357
0.0183646
0.0164273
0.0485203
0.0783704
0.104617
0.12609
0.141865
0.151299
0.154049
0.150075
0.139629
0.123227
0.101621
0.0757602
0.0467481
0.0158003
0.0142872
0.0421946
0.0681379
0.0909298
0.109553
0.123209
0.131347
0.133679
0.130182
0.121079
0.106825
0.0880744
0.0656495
0.0405045
0.0136892
0.0126104
0.0372322
0.0600934
0.0801363
0.0964644
0.108383
0.115425
0.117358
0.114179
0.106105
0.0935449
0.0770787
0.0574269
0.0354203
0.0119691
0.0113492
0.0334921
0.0540052
0.0719217
0.0864364
0.0969429
0.10305
0.104584
0.101576
0.0942451
0.0829764
0.0682944
0.050839
0.031339
0.0105869
0.0104738
0.0308831
0.0497195
0.0660682
0.0791907
0.0885561
0.0938496
0.0949625
0.0919724
0.0851185
0.0747769
0.0614351
0.0456702
0.0281267
0.00949729
0.00997217
0.0293659
0.0471606
0.0624541
0.0745525
0.0829955
0.0875507
0.0881888
0.0850504
0.0784126
0.0686595
0.0562576
0.0417356
0.0256682
0.00866113
0.00985264
0.0289584
0.0463375
0.0610573
0.0724512
0.0801329
0.0839701
0.0840357
0.0805567
0.0738684
0.0643801
0.0525511
0.0388735
0.0238616
0.00804369
0.0101492
0.0297492
0.0473599
0.0619688
0.072926
0.0799382
0.0830065
0.0823421
0.0782896
0.0712665
0.0617246
0.050127
0.036937
0.022614
0.0076132
0.0109305
0.0319207
0.0504656
0.0654145
0.0761382
0.0824802
0.0846326
0.0829991
0.078083
0.0704116
0.0604947
0.0488071
0.0357861
0.0218365
0.00733916
0.0123161
0.0357895
0.0560667
0.0717924
0.082391
0.0879293
0.0888853
0.0859331
0.0797871
0.0711135
0.0604922
0.0484115
0.0352789
0.0214385
0.00719053
0.0145059
0.0418765
0.0648268
0.0817285
0.0921552
0.0965575
0.0958495
0.0910824
0.083244
0.0731652
0.0615006
0.0487443
0.0352616
0.0213226
0.007134
0.0178348
0.0510317
0.0777851
0.096158
0.1061
0.108731
0.105629
0.0983622
0.0882538
0.0763154
0.0632644
0.0495793
0.0355594
0.0213791
0.00713219
0.0228804
0.0646595
0.09656
0.116439
0.125118
0.124881
0.118298
0.107613
0.0945321
0.0802354
0.0654658
0.0506442
0.0359666
0.0214806
0.0071421
0.03069
0.0851448
0.123679
0.144491
0.150322
0.145433
0.133811
0.118523
0.101653
0.0844811
0.0677006
0.0516066
0.0362388
0.0214783
0.00711383
0.0433074
0.116682
0.1631
0.182941
0.182965
0.17065
0.151863
0.130526
0.10898
0.0884528
0.0694559
0.0520622
0.0360871
0.0211997
0.00699
0.0651175
0.166934
0.220971
0.23514
0.224172
0.200352
0.171674
0.142669
0.115596
0.091359
0.0700951
0.0515302
0.035178
0.0204489
0.00670617
0.10666
0.250357
0.30652
0.304782
0.274298
0.233416
0.191698
0.15346
0.120238
0.0921972
0.0688573
0.0494589
0.0331396
0.0190118
0.00619237
0.196548
0.394559
0.432266
0.39437
0.331637
0.26705
0.209295
0.160755
0.121274
0.0897667
0.0648792
0.0452468
0.0295771
0.0166647
0.00537621
0.421903
0.650067
0.610501
0.501182
0.390254
0.295931
0.220479
0.16175
0.116767
0.0827339
0.0572482
0.03828
0.0240977
0.0131886
0.00418728
1.07477
1.09147
0.837148
0.609088
0.437321
0.311692
0.220037
0.153188
0.104647
0.0697603
0.0450875
0.0279868
0.0163431
0.00838632
0.00256264
3.20873
1.72105
1.04552
0.677875
0.452326
0.303842
0.202355
0.1319
0.0830373
0.0496882
0.0276646
0.013901
0.00602605
0.0021014
0.00045259
3.51948
1.78658
1.04002
0.64796
0.413793
0.263337
0.163106
0.095608
0.0506461
0.0217459
0.00450158
-0.00427673
-0.00703631
-0.00576519
-0.00217428
1.46277
1.16707
0.788294
0.50837
0.317103
0.187937
0.10111
0.0436554
0.00709339
-0.0142958
-0.0245443
-0.0266369
-0.0228997
-0.0152439
-0.00532766
0.49688
0.605188
0.467888
0.307185
0.177266
0.0831186
0.0187056
-0.0228152
-0.0470024
-0.0580789
-0.0592573
-0.0530479
-0.0414859
-0.0262933
-0.00899461
0.14586
0.213839
0.163706
0.084599
0.0125697
-0.0423638
-0.0796064
-0.10133
-0.110208
-0.108739
-0.0991037
-0.0831779
-0.0625948
-0.0388062
-0.0131413
-0.0497947
-0.0955064
-0.120373
-0.142917
-0.164015
-0.180144
-0.188704
-0.188772
-0.180603
-0.165074
-0.14332
-0.116544
-0.0859308
-0.0526227
-0.0177172
-0.282868
-0.419336
-0.406075
-0.371449
-0.34406
-0.323188
-0.303703
-0.281937
-0.256113
-0.225735
-0.191026
-0.152575
-0.111139
-0.0675487
-0.0226606
-0.814045
-0.847145
-0.706618
-0.594961
-0.519583
-0.465271
-0.420291
-0.377924
-0.334787
-0.289404
-0.241332
-0.190679
-0.137844
-0.083376
-0.0279047
-2.45285
-1.39553
-0.987107
-0.79328
-0.680478
-0.600874
-0.535063
-0.474445
-0.415022
-0.35494
-0.29343
-0.230299
-0.165681
-0.0999
-0.0333836
-2.49026
-1.49327
-1.11857
-0.935327
-0.818316
-0.726893
-0.646225
-0.570136
-0.495713
-0.421469
-0.346652
-0.270949
-0.194327
-0.116934
-0.0390364
-0.936357
-1.15884
-1.11706
-1.03137
-0.938381
-0.845437
-0.754198
-0.664664
-0.576278
-0.488393
-0.400488
-0.312237
-0.223506
-0.134318
-0.0448105
-0.528434
-1.00793
-1.14604
-1.13247
-1.05841
-0.962788
-0.860976
-0.758389
-0.65649
-0.555327
-0.454562
-0.353856
-0.253
-0.151922
-0.0506633
-0.521457
-1.09407
-1.28035
-1.27555
-1.1934
-1.08443
-0.968283
-0.851626
-0.736184
-0.621981
-0.50859
-0.395577
-0.282646
-0.16965
-0.0565628
-0.841071
-1.44849
-1.54734
-1.47234
-1.34699
-1.21105
-1.07593
-0.944009
-0.81501
-0.688067
-0.56235
-0.437238
-0.312335
-0.187438
-0.0624886
-1.90701
-2.15605
-1.93503
-1.70409
-1.50791
-1.33709
-1.18135
-1.03435
-0.892399
-0.753294
-0.615685
-0.478748
-0.342015
-0.205262
-0.0684327
-5.4486
-3.19
-2.32957
-1.91166
-1.6512
-1.45262
-1.28069
-1.12118
-0.967803
-0.817474
-0.668546
-0.520113
-0.371705
-0.223136
-0.074401
-5.47233
-3.25296
-2.41676
-2.00988
-1.75149
-1.54964
-1.37137
-1.20373
-1.04108
-0.880675
-0.721057
-0.561453
-0.401503
-0.241123
-0.0804147
-1.98393
-2.35534
-2.20578
-2.00495
-1.81249
-1.63026
-1.45465
-1.2828
-1.11279
-0.943318
-0.773551
-0.603027
-0.431594
-0.259335
-0.0865117
-0.99304
-1.81945
-2.03039
-1.99417
-1.86637
-1.70626
-1.53528
-1.36057
-1.18411
-1.00616
-0.826561
-0.645228
-0.462252
-0.277936
-0.0927464
-0.80746
-1.71093
-2.02659
-2.04697
-1.94265
-1.7898
-1.61849
-1.43955
-1.25645
-1.07012
-0.880769
-0.68856
-0.493836
-0.29714
-0.0991904
-1.11593
-2.01061
-2.22783
-2.18632
-2.05261
-1.88613
-1.70697
-1.52139
-1.33103
-1.13618
-0.936951
-0.733632
-0.526782
-0.317212
-0.105932
-2.35297
-2.7807
-2.6087
-2.38968
-2.18529
-1.99125
-1.7999
-1.60654
-1.4087
-1.20526
-0.995963
-0.781148
-0.56161
-0.338469
-0.113078
-6.56097
-3.96723
-3.02218
-2.58284
-2.31075
-2.09447
-1.89419
-1.69477
-1.49024
-1.2784
-1.0588
-0.831937
-0.598932
-0.361284
-0.120754
-6.57585
-4.00878
-3.08442
-2.65982
-2.39742
-2.18654
-1.98786
-1.78653
-1.57685
-1.35692
-1.12665
-0.886984
-0.639472
-0.386097
-0.129106
-2.39976
-2.90948
-2.79956
-2.62414
-2.44827
-2.27011
-2.08334
-1.88406
-1.67056
-1.4426
-1.20103
-0.947469
-0.684076
-0.413418
-0.138306
-1.20264
-2.24046
-2.56013
-2.58873
-2.50068
-2.35964
-2.18748
-1.99146
-1.77428
-1.53772
-1.28373
-1.01477
-0.73372
-0.443826
-0.148545
-0.955128
-2.07011
-2.52282
-2.63428
-2.58987
-2.47075
-2.30816
-2.11351
-1.89146
-1.64493
-1.37682
-1.09045
-0.789499
-0.477972
-0.160039
-1.25988
-2.35965
-2.72246
-2.78802
-2.73092
-2.61202
-2.45108
-2.25457
-2.02561
-1.7671
-1.48259
-1.17624
-0.852617
-0.516563
-0.173021
-2.5507
-3.16093
-3.12847
-3.02692
-2.91484
-2.78246
-2.61867
-2.41816
-2.18025
-1.90731
-1.60352
-1.274
-0.924361
-0.56035
-0.187737
-6.96036
-4.4085
-3.5824
-3.2731
-3.11283
-2.97468
-2.81174
-2.60768
-2.35919
-2.06894
-1.74229
-1.38573
-1.00608
-0.610106
-0.20444
-6.97393
-4.45754
-3.67739
-3.41574
-3.29543
-3.18407
-3.03334
-2.82803
-2.56712
-2.25583
-1.90182
-1.51349
-1.09912
-0.666589
-0.223372
-2.58562
-3.3008
-3.41226
-3.4602
-3.47177
-3.42078
-3.29283
-3.08696
-2.81003
-2.47236
-2.08518
-1.65932
-1.20475
-0.730491
-0.244753
-1.29175
-2.56328
-3.1912
-3.52988
-3.69152
-3.71092
-3.60641
-3.39521
-3.09509
-2.72326
-2.29537
-1.82507
-1.32406
-0.802356
-0.268747
-0.908962
-2.27266
-3.17098
-3.72248
-4.01003
-4.08706
-3.99405
-3.7652
-3.42994
-3.01308
-2.53499
-2.01213
-1.45772
-0.882483
-0.295437
-0.841597
-2.30521
-3.39159
-4.09835
-4.47469
-4.58127
-4.47601
-4.20907
-3.82144
-3.34539
-2.80569
-2.22109
-1.60582
-0.970807
-0.324781
-0.926713
-2.5997
-3.87579
-4.70365
-5.12666
-5.22255
-5.07022
-4.73673
-4.27434
-3.72191
-3.10754
-2.45134
-1.76763
-1.06677
-0.356577
-1.13713
-3.1698
-4.67124
-5.59005
-6.00579
-6.03615
-5.7902
-5.3539
-4.78978
-4.14142
-3.43844
-2.70068
-1.94133
-1.16921
-0.390425
-1.51531
-4.10878
-5.87129
-6.82575
-7.15255
-7.04156
-6.64232
-6.0598
-5.3637
-4.59886
-3.79349
-2.965
-2.12388
-1.27627
-0.425705
-2.19706
-5.62481
-7.63246
-8.49726
-8.60335
-8.24712
-7.62163
-6.84452
-5.98535
-5.08444
-4.16459
-3.23808
-2.31092
-1.38539
-0.461567
-3.54991
-8.127
-10.1873
-10.6956
-10.3753
-9.63966
-8.70618
-7.68617
-6.63595
-5.58317
-4.5403
-3.51159
-2.49683
-1.4933
-0.496948
-6.65464
-12.3769
-13.8199
-13.4692
-12.4355
-11.1696
-9.85077
-8.54876
-7.28831
-6.07501
-4.90616
-3.77542
-2.67493
-1.59623
-0.530619
-15.0281
-19.5986
-18.6979
-16.7171
-14.6571
-12.7363
-10.9836
-9.38244
-7.90789
-6.53597
-5.24554
-4.01823
-2.8379
-1.69005
-0.561254
-41.0998
-30.6197
-24.3259
-20.0199
-16.7819
-14.1863
-12.0112
-10.1282
-8.45618
-6.94032
-5.54107
-4.2284
-2.97831
-1.77062
-0.587521
-0.0761849
-0.229192
-0.384163
-0.542592
-0.706295
-0.877629
-1.05985
-1.25771
-1.47854
-1.73433
-2.04608
-2.45371
-3.04176
-4.01857
-5.99711
-0.0755724
-0.227514
-0.381912
-0.540637
-0.705955
-0.88079
-1.06912
-1.27664
-1.51181
-1.78784
-2.12611
-2.56246
-3.1574
-4.00791
-5.2178
-0.0741594
-0.223369
-0.375317
-0.532066
-0.696073
-0.870424
-1.05917
-1.26784
-1.50413
-1.779
-2.10803
-2.51245
-3.01725
-3.63777
-4.3281
-0.0718529
-0.216475
-0.363905
-0.51622
-0.675826
-0.845631
-1.02927
-1.23134
-1.45776
-1.71591
-2.01451
-2.36198
-2.76129
-3.19771
-3.61341
-0.0686268
-0.206763
-0.347594
-0.493066
-0.645358
-0.806981
-0.98087
-1.17044
-1.37956
-1.61228
-1.872
-2.1594
-2.46809
-2.7781
-3.04746
-0.0645147
-0.19435
-0.32663
-0.463075
-0.605539
-0.756038
-0.916748
-1.08992
-1.2777
-1.48162
-1.70181
-1.93531
-2.17341
-2.39897
-2.58499
-0.0595947
-0.179485
-0.301489
-0.427054
-0.557671
-0.69486
-0.840108
-0.994727
-1.15959
-1.33467
-1.51841
-1.70664
-1.89128
-2.05945
-2.19419
-0.0539717
-0.162499
-0.272778
-0.385971
-0.503222
-0.62561
-0.754062
-0.889203
-1.0311
-1.17891
-1.33042
-1.4815
-1.6255
-1.75327
-1.85402
-0.0477617
-0.143753
-0.24114
-0.340822
-0.443633
-0.550295
-0.661322
-0.776883
-0.896606
-1.01931
-1.14274
-1.26327
-1.3758
-1.47389
-1.5506
-0.0410803
-0.123602
-0.207196
-0.292529
-0.380187
-0.47062
-0.564058
-0.660409
-0.759102
-0.858923
-0.95785
-1.05296
-1.14042
-1.21576
-1.27442
-0.0340345
-0.102372
-0.1715
-0.241897
-0.313955
-0.387933
-0.463891
-0.541607
-0.62048
-0.699419
-0.776762
-0.850254
-0.917115
-0.974255
-1.01866
-0.0267175
-0.0803423
-0.134524
-0.189589
-0.245787
-0.303254
-0.361961
-0.421657
-0.481805
-0.541521
-0.599532
-0.654189
-0.703541
-0.745497
-0.778079
-0.0192082
-0.0577498
-0.0966563
-0.136135
-0.176335
-0.21732
-0.25903
-0.30125
-0.343566
-0.385333
-0.425664
-0.463439
-0.497375
-0.526129
-0.548455
-0.0115724
-0.034788
-0.0582089
-0.0819491
-0.106087
-0.130646
-0.155577
-0.180738
-0.205868
-0.23058
-0.254348
-0.276529
-0.296394
-0.313193
-0.32624
-1002.77
-1008.29
-1013.79
-1019.25
-1024.65
-1029.99
-1035.23
-1040.37
-1045.39
-1050.26
-1054.98
-1059.53
-1063.89
-1068.05
-1072
-10.273
-7.5992
-6.0484
-5.03221
-4.30338
-3.74636
-3.30143
-2.93479
-2.62582
-2.36114
-2.1316
-1.93068
-1.75358
-1.59666
-1.4571
-1.33266
-1.22152
-1.1222
-1.03348
-0.954334
-0.883892
-0.821422
-0.766298
-0.717988
-0.676037
-0.640062
-0.609739
-0.5848
-0.565026
-0.550245
-0.540328
-0.535188
-0.534775
-0.53908
-0.548129
-0.561988
-0.58076
-0.604585
-0.633642
-0.668153
-0.708379
-0.754627
-0.807248
-0.866644
-0.933268
-1.00763
-1.09029
-1.1819
-1.28314
-1.39479
-1.51771
-1.65285
-1.80125
-1.96404
-2.14249
-2.33799
-2.55205
-2.78636
-3.04275
-3.32324
-3.63009
-3.96574
-4.33293
-4.73467
-5.17431
-5.65558
-6.18263
-6.76013
-7.39332
-8.08814
-8.85136
-9.69074
-10.6153
-11.6354
-12.7635
-14.0144
-15.4061
-16.9605
-18.7056
-20.677
-22.9216
-25.5031
-28.5106
-32.0748
-36.3968
-41.8064
-48.8866
-58.7656
-73.8581
-99.9122
-6.42778
-5.98739
-5.28393
-4.62384
-4.06141
-3.59044
-3.19418
-2.85725
-2.56758
-2.31609
-2.09594
-1.90194
-1.73009
-1.57726
-1.44094
-1.3191
-1.2101
-1.11255
-1.02532
-0.947419
-0.878039
-0.816472
-0.762119
-0.714464
-0.67307
-0.637563
-0.607629
-0.583006
-0.563482
-0.548889
-0.5391
-0.534031
-0.533634
-0.537901
-0.546858
-0.56057
-0.57914
-0.602706
-0.631447
-0.665581
-0.705367
-0.751107
-0.803151
-0.861895
-0.927787
-1.00133
-1.08308
-1.17368
-1.2738
-1.38422
-1.50578
-1.63942
-1.78617
-1.94715
-2.12361
-2.31691
-2.52856
-2.76021
-3.01368
-3.29096
-3.59425
-3.92597
-4.28882
-4.68574
-5.12001
-5.59529
-6.11563
-6.68556
-7.3102
-7.99528
-8.74732
-9.57377
-10.4832
-11.4855
-12.5923
-13.8174
-15.1771
-16.6916
-18.3854
-20.2892
-22.4422
-24.895
-27.7144
-30.989
-34.8362
-39.4062
-44.8619
-51.2633
-58.0788
-62.313
-4.8004
-4.75414
-4.45677
-4.07463
-3.68756
-3.32677
-3.00138
-2.71155
-2.45428
-2.22582
-2.02255
-1.84125
-1.67918
-1.53403
-1.40386
-1.28703
-1.18215
-1.08803
-1.00368
-0.928226
-0.860923
-0.801129
-0.748289
-0.701926
-0.661628
-0.627044
-0.597877
-0.57388
-0.554849
-0.540626
-0.531091
-0.526162
-0.525796
-0.529985
-0.538757
-0.552177
-0.570345
-0.593397
-0.621508
-0.654892
-0.693802
-0.738534
-0.78943
-0.846876
-0.911311
-0.983227
-1.06317
-1.15176
-1.24966
-1.35762
-1.47648
-1.60714
-1.75061
-1.90799
-2.08048
-2.26943
-2.47629
-2.70267
-2.95034
-3.22122
-3.51747
-3.84141
-4.19565
-4.58302
-5.00668
-5.47011
-5.9772
-6.53223
-7.14003
-7.80597
-8.53611
-9.3373
-10.2173
-11.1851
-12.2508
-13.4263
-14.7254
-16.1645
-17.7625
-19.5424
-21.5308
-23.7591
-26.2628
-29.0783
-32.2348
-35.7302
-39.4753
-43.1644
-46.0165
-46.4051
-3.85778
-3.88233
-3.75153
-3.53241
-3.27574
-3.01204
-2.75731
-2.51889
-2.29945
-2.09926
-1.91749
-1.75284
-1.60389
-1.46924
-1.3476
-1.23777
-1.13871
-1.04949
-0.969269
-0.897331
-0.833034
-0.775815
-0.725181
-0.680703
-0.64201
-0.608779
-0.580739
-0.55766
-0.539355
-0.525675
-0.516511
-0.511787
-0.511464
-0.515536
-0.524033
-0.537016
-0.554585
-0.576873
-0.604048
-0.636316
-0.673924
-0.717158
-0.766347
-0.821866
-0.884137
-0.953635
-1.03089
-1.11649
-1.21109
-1.31542
-1.43026
-1.5565
-1.6951
-1.84712
-2.01373
-2.19622
-2.39597
-2.61454
-2.85362
-3.11505
-3.40086
-3.7133
-4.05482
-4.4281
-4.83612
-5.28214
-5.76976
-6.30298
-6.88618
-7.52425
-8.22263
-8.98736
-9.82517
-10.7436
-11.7511
-12.8572
-14.0723
-15.4083
-16.878
-18.4952
-20.2739
-22.2268
-24.362
-26.6768
-29.145
-31.6947
-34.1693
-36.2704
-37.5013
-37.2068
-3.19936
-3.23387
-3.17317
-3.04392
-2.87375
-2.68411
-2.48947
-2.29865
-2.11664
-1.94594
-1.78754
-1.64161
-1.5078
-1.38553
-1.2741
-1.17281
-1.08092
-0.997781
-0.922751
-0.855257
-0.794779
-0.740846
-0.693039
-0.650987
-0.614362
-0.58288
-0.556297
-0.534408
-0.517044
-0.50407
-0.495386
-0.490925
-0.490654
-0.494568
-0.502698
-0.515106
-0.531886
-0.553166
-0.579107
-0.609908
-0.645802
-0.687064
-0.734006
-0.786988
-0.846412
-0.91273
-0.986447
-1.06813
-1.15839
-1.25792
-1.36748
-1.4879
-1.62011
-1.7651
-1.92399
-2.09799
-2.28842
-2.49674
-2.72455
-2.97359
-3.24577
-3.54317
-3.86808
-4.22301
-4.61068
-5.03409
-5.49652
-6.00156
-6.55313
-7.15553
-7.81344
-8.53198
-9.31672
-10.1737
-11.1094
-12.1308
-13.245
-14.4593
-15.7808
-17.2152
-18.7659
-20.4316
-22.2024
-24.054
-25.9377
-27.767
-29.4008
-30.6292
-31.1824
-30.8001
-2.6899
-2.72233
-2.69333
-2.61421
-2.49962
-2.36325
-2.21597
-2.06561
-1.91743
-1.77477
-1.63955
-1.51282
-1.39499
-1.2861
-1.18595
-1.09421
-1.01048
-0.934329
-0.865318
-0.803023
-0.747043
-0.697004
-0.652563
-0.613409
-0.579264
-0.549884
-0.525057
-0.504604
-0.488374
-0.476251
-0.468145
-0.463999
-0.463784
-0.467499
-0.475175
-0.486871
-0.502679
-0.522718
-0.547142
-0.576137
-0.609924
-0.648762
-0.692944
-0.742808
-0.798733
-0.861143
-0.930515
-1.00737
-1.0923
-1.18595
-1.28903
-1.40232
-1.52667
-1.66304
-1.81246
-1.97606
-2.15507
-2.35086
-2.56489
-2.79879
-3.05431
-3.33338
-3.63809
-3.97071
-4.33372
-4.72981
-5.16188
-5.6331
-6.14685
-6.70681
-7.31688
-7.98121
-8.70418
-9.49034
-10.3443
-11.2706
-12.2733
-13.3561
-14.5209
-15.7676
-17.0922
-18.4848
-19.9264
-21.3848
-22.8084
-24.1208
-25.2159
-25.9602
-26.2108
-25.8575
-2.27117
-2.29935
-2.28577
-2.23565
-2.15697
-2.05822
-1.94702
-1.82953
-1.71042
-1.59299
-1.47949
-1.37137
-1.26947
-1.17425
-1.08585
-1.00425
-0.929301
-0.860771
-0.798392
-0.741879
-0.69094
-0.645291
-0.604665
-0.568811
-0.5375
-0.51053
-0.48772
-0.468918
-0.453995
-0.442851
-0.435409
-0.43162
-0.431461
-0.434935
-0.442071
-0.452928
-0.467588
-0.486167
-0.508806
-0.535678
-0.566988
-0.602975
-0.643913
-0.690113
-0.741927
-0.799747
-0.864013
-0.935212
-1.01388
-1.10062
-1.19609
-1.301
-1.41615
-1.54241
-1.68072
-1.83214
-1.99778
-2.17889
-2.37683
-2.59305
-2.82916
-3.08688
-3.36811
-3.67486
-4.00934
-4.3739
-4.77107
-5.20356
-5.67424
-6.18612
-6.74235
-7.34617
-8.00084
-8.70953
-9.47519
-10.3003
-11.1867
-12.1348
-13.1433
-14.208
-15.3207
-16.4675
-17.6266
-18.7656
-19.8393
-20.7875
-21.5361
-22.0022
-22.1084
-21.8042
-1.91251
-1.93637
-1.93069
-1.89809
-1.84309
-1.77098
-1.68698
-1.59568
-1.50086
-1.40544
-1.31158
-1.22084
-1.13425
-1.05246
-0.97587
-0.904638
-0.838797
-0.778279
-0.722952
-0.672641
-0.627153
-0.586285
-0.549836
-0.517612
-0.489432
-0.465131
-0.444561
-0.427595
-0.414127
-0.404072
-0.397366
-0.393968
-0.393862
-0.397052
-0.403568
-0.413463
-0.426815
-0.443729
-0.464333
-0.488787
-0.517277
-0.55002
-0.587265
-0.629296
-0.676432
-0.72903
-0.787488
-0.852249
-0.923803
-1.00269
-1.0895
-1.1849
-1.28959
-1.40437
-1.53008
-1.66768
-1.81817
-1.98267
-2.16238
-2.35863
-2.57282
-2.8065
-3.06131
-3.33904
-3.64158
-3.97097
-4.32935
-4.71898
-5.14222
-5.60149
-6.09923
-6.63785
-7.21963
-7.8466
-8.52037
-9.24187
-10.0111
-10.8265
-11.6846
-12.5791
-13.5001
-14.4325
-15.3555
-16.2404
-17.0508
-17.7417
-18.2628
-18.5624
-18.5968
-18.3411
-1.59579
-1.61568
-1.61412
-1.59252
-1.55357
-1.50062
-1.4372
-1.36667
-1.29192
-1.21539
-1.13897
-1.06411
-0.99188
-0.923001
-0.857963
-0.797056
-0.740428
-0.688118
-0.640092
-0.596267
-0.556524
-0.52073
-0.488739
-0.460409
-0.435599
-0.41418
-0.396035
-0.381061
-0.369171
-0.360297
-0.354386
-0.351407
-0.351346
-0.354212
-0.360031
-0.368852
-0.380747
-0.395808
-0.414151
-0.435918
-0.461275
-0.490415
-0.523561
-0.560964
-0.602907
-0.649708
-0.701721
-0.75934
-0.822997
-0.893174
-0.970396
-1.05524
-1.14835
-1.25041
-1.36217
-1.48448
-1.61821
-1.76436
-1.92397
-2.09819
-2.28826
-2.4955
-2.72134
-2.9673
-3.23499
-3.52611
-3.84244
-4.18582
-4.55814
-4.96128
-5.39706
-5.86718
-6.37315
-6.91608
-7.49659
-8.11453
-8.76869
-9.45643
-10.1732
-10.912
-11.6626
-12.411
-13.1388
-13.8226
-14.4339
-14.9405
-15.3081
-15.5041
-15.503
-15.2912
-1.30944
-1.32572
-1.32624
-1.3118
-1.28405
-1.24516
-1.19754
-1.14357
-1.08543
-1.02504
-0.963976
-0.903492
-0.844559
-0.78789
-0.733993
-0.683206
-0.635734
-0.591683
-0.551084
-0.513914
-0.480115
-0.449603
-0.42228
-0.398045
-0.376794
-0.358428
-0.342857
-0.330001
-0.31979
-0.312172
-0.307104
-0.304562
-0.304538
-0.307039
-0.312092
-0.319739
-0.330042
-0.343083
-0.358962
-0.377803
-0.399749
-0.424968
-0.453651
-0.486017
-0.52231
-0.562805
-0.607808
-0.657658
-0.71273
-0.773437
-0.840233
-0.913618
-0.994137
-1.08239
-1.17902
-1.28474
-1.40031
-1.52658
-1.66444
-1.81486
-1.97889
-2.15765
-2.35232
-2.56419
-2.79457
-3.04485
-3.31648
-3.61091
-3.9296
-4.27397
-4.64532
-5.04481
-5.47332
-5.93134
-6.41881
-6.93492
-7.47784
-8.04446
-8.63001
-9.22763
-9.82804
-10.4191
-10.9855
-11.5088
-11.9677
-12.3393
-12.6004
-12.7298
-12.7122
-12.5398
-1.04546
-1.05844
-1.05986
-1.05021
-1.03054
-1.00226
-0.966995
-0.926431
-0.88217
-0.835655
-0.788132
-0.74063
-0.69397
-0.648786
-0.605546
-0.564583
-0.526118
-0.490284
-0.457146
-0.426721
-0.398986
-0.373897
-0.351393
-0.331402
-0.313852
-0.298671
-0.285792
-0.275152
-0.266701
-0.260397
-0.256208
-0.254117
-0.254119
-0.25622
-0.260444
-0.266828
-0.275423
-0.286298
-0.299538
-0.315245
-0.333539
-0.35456
-0.378468
-0.405444
-0.435692
-0.46944
-0.506944
-0.548486
-0.594376
-0.644959
-0.700612
-0.761749
-0.828822
-0.902326
-0.982799
-1.07083
-1.16704
-1.27213
-1.38683
-1.51195
-1.64833
-1.79689
-1.95858
-2.13443
-2.3255
-2.53288
-2.7577
-3.00108
-3.2641
-3.5478
-3.85308
-4.18066
-4.53102
-4.90421
-5.2998
-5.71668
-6.15286
-6.60525
-7.0694
-7.53928
-8.00699
-8.4626
-8.89409
-9.2875
-9.62732
-9.89737
-10.0819
-10.1674
-10.1441
-10.0074
-0.797919
-0.807809
-0.809439
-0.803108
-0.789469
-0.769448
-0.744132
-0.714675
-0.682207
-0.647779
-0.612319
-0.576618
-0.541324
-0.506951
-0.473893
-0.442439
-0.412792
-0.385081
-0.359385
-0.335734
-0.314132
-0.294556
-0.276972
-0.261333
-0.247589
-0.235692
-0.225592
-0.217246
-0.210615
-0.20567
-0.202387
-0.200756
-0.200771
-0.202441
-0.205784
-0.210829
-0.217619
-0.226207
-0.23666
-0.24906
-0.263502
-0.280095
-0.298966
-0.320258
-0.344132
-0.370768
-0.400366
-0.43315
-0.469364
-0.509279
-0.553193
-0.601429
-0.654345
-0.712329
-0.775802
-0.845222
-0.921087
-1.00393
-1.09434
-1.19292
-1.30034
-1.4173
-1.54454
-1.68285
-1.83303
-1.99589
-2.17229
-2.36304
-2.56891
-2.79063
-3.02879
-3.28382
-3.5559
-3.84489
-4.15021
-4.47073
-4.80461
-5.14915
-5.50063
-5.85412
-6.20342
-6.5409
-6.85761
-7.14342
-7.38742
-7.5785
-7.70621
-7.76176
-7.739
-7.6353
-0.562141
-0.569103
-0.570516
-0.566556
-0.557624
-0.544299
-0.527272
-0.507293
-0.48511
-0.461432
-0.4369
-0.412067
-0.3874
-0.363274
-0.339983
-0.317749
-0.296731
-0.277037
-0.258735
-0.241859
-0.22642
-0.212411
-0.199812
-0.188597
-0.178734
-0.17019
-0.162933
-0.156935
-0.152169
-0.148615
-0.146259
-0.145091
-0.14511
-0.146322
-0.148741
-0.152389
-0.157295
-0.1635
-0.171051
-0.180007
-0.190437
-0.202421
-0.216049
-0.231425
-0.248666
-0.2679
-0.289273
-0.312946
-0.339094
-0.367914
-0.399619
-0.434443
-0.472642
-0.514497
-0.560309
-0.610409
-0.665152
-0.724922
-0.790133
-0.861226
-0.938672
-1.02297
-1.11465
-1.21425
-1.32234
-1.43949
-1.56629
-1.70327
-1.85098
-2.00986
-2.18028
-2.36248
-2.55649
-2.7621
-2.97879
-3.20559
-3.44106
-3.68312
-3.92898
-4.17507
-4.4169
-4.64916
-4.86566
-5.05959
-5.22372
-5.35088
-5.43442
-5.46887
-5.45048
-5.37771
-0.334274
-0.338415
-0.339353
-0.337186
-0.332131
-0.324505
-0.314692
-0.303114
-0.290196
-0.276349
-0.261945
-0.247313
-0.232732
-0.21843
-0.204589
-0.191346
-0.178803
-0.16703
-0.156073
-0.145957
-0.136693
-0.128279
-0.120706
-0.11396
-0.108025
-0.102881
-0.0985107
-0.0948975
-0.0920266
-0.0898861
-0.0884675
-0.0877661
-0.0877812
-0.0885167
-0.0899808
-0.092187
-0.0951536
-0.0989045
-0.103469
-0.108883
-0.115187
-0.12243
-0.130667
-0.13996
-0.15038
-0.162004
-0.174921
-0.189227
-0.205029
-0.222445
-0.241604
-0.262647
-0.285728
-0.311016
-0.338694
-0.368959
-0.402027
-0.438127
-0.477508
-0.520434
-0.567188
-0.618068
-0.673385
-0.733466
-0.798645
-0.869259
-0.945644
-1.02812
-1.11699
-1.2125
-1.31486
-1.42416
-1.54041
-1.66342
-1.79283
-1.92802
-2.06805
-2.21164
-2.35707
-2.50215
-2.64422
-2.78012
-2.90626
-3.01868
-3.1133
-3.18608
-3.23333
-3.25207
-3.24026
-3.19709
-1075.41
-1078.36
-1081.15
-1083.77
-1086.24
-1088.55
-1090.71
-1092.72
-1094.58
-1096.31
-1097.9
-1099.37
-1100.72
-1101.97
-1103.1
-1104.14
-1105.09
-1105.95
-1106.73
-1107.43
-1108.06
-1108.63
-1109.13
-1109.57
-1109.96
-1110.29
-1110.57
-1110.8
-1110.98
-1111.12
-1111.21
-1111.26
-1111.26
-1111.22
-1111.13
-1111
-1110.82
-1110.59
-1110.32
-1109.99
-1109.6
-1109.16
-1108.66
-1108.1
-1107.47
-1106.76
-1105.97
-1105.1
-1104.14
-1103.08
-1101.91
-1100.63
-1099.22
-1097.68
-1095.98
-1094.13
-1092.1
-1089.89
-1087.46
-1084.82
-1081.92
-1078.76
-1075.32
-1071.55
-1067.45
-1062.97
-1058.08
-1052.76
-1046.95
-1040.63
-1033.74
-1026.24
-1018.08
-1009.2
-999.546
-989.06
-977.68
-965.338
-951.969
-937.506
-921.88
-905.026
-886.881
-867.386
-846.487
-824.142
-800.317
-774.988
-748.148
-719.801
-58.0879
-38.4771
-28.6685
-22.7023
-18.559
-15.4182
-12.8908
-10.768
-8.92618
-7.28587
-5.79256
-4.40644
-3.09677
-1.83839
-0.609575
-50.4007
-38.4114
-29.9227
-23.9527
-19.571
-16.1941
-13.4757
-11.206
-9.25245
-7.52689
-5.96782
-4.53004
-3.1786
-1.88501
-0.624711
-41.707
-34.8448
-28.6582
-23.6147
-19.5779
-16.3113
-13.6118
-11.3278
-9.35065
-7.60138
-6.02176
-4.56727
-3.20257
-1.89832
-0.62897
-34.7502
-30.6026
-26.2506
-22.2697
-18.8146
-15.8615
-13.3321
-11.1429
-9.22089
-7.5062
-5.95055
-4.5147
-3.16607
-1.87673
-0.621812
-29.2611
-26.5646
-23.4716
-20.399
-17.5491
-14.9878
-12.7121
-10.6907
-8.88377
-7.25195
-5.75952
-4.3749
-3.07026
-1.8207
-0.603362
-24.7894
-22.9229
-20.672
-18.3054
-15.9949
-13.8283
-11.8379
-10.0241
-8.37149
-6.85828
-5.46064
-4.1551
-2.91936
-1.73242
-0.574297
-21.0187
-19.6655
-17.9881
-16.1556
-14.2966
-12.4927
-10.787
-9.19605
-7.71981
-6.34902
-5.06962
-3.86547
-2.71967
-1.61532
-0.535699
-17.7442
-16.7323
-15.4591
-14.0321
-12.5431
-11.0588
-9.6214
-8.2533
-6.96266
-5.74832
-4.60336
-3.51746
-2.47851
-1.47347
-0.488879
-14.8302
-14.0603
-13.084
-11.9706
-10.7848
-9.57793
-8.38648
-7.23305
-6.12918
-5.07825
-4.078
-3.12249
-2.20343
-1.31117
-0.435228
-12.183
-11.5947
-10.8457
-9.98165
-9.04748
-8.08163
-7.11351
-6.16322
-5.24274
-4.35746
-3.50789
-2.69105
-1.90156
-1.13253
-0.376092
-9.73472
-9.2899
-8.72246
-8.06273
-7.3418
-6.58758
-5.82266
-5.06357
-4.32106
-3.60094
-2.90504
-2.23223
-1.57923
-0.941277
-0.312699
-7.43372
-7.10768
-6.69145
-6.205
-5.66939
-5.10421
-4.52597
-3.94731
-3.37698
-2.82017
-2.27909
-1.7536
-1.24183
-0.74065
-0.246127
-5.23885
-5.01564
-4.73063
-4.39642
-4.02654
-3.63389
-3.22966
-2.8227
-2.41937
-2.02366
-1.63753
-1.26125
-0.893839
-0.533364
-0.177287
-3.11569
-2.98538
-2.81899
-2.62349
-2.40643
-2.17514
-1.93607
-1.69446
-1.45412
-1.21757
-0.986103
-0.760033
-0.5389
-0.321674
-0.10694
-686.985
-649.101
-609.219
-567.451
-523.929
-478.799
-432.215
-384.337
-335.329
-285.349
-234.557
-183.107
-131.15
-78.8328
-26.3014
)
;

boundaryField
{
    hot
    {
        type            calculated;
        value           nonuniform List<scalar> 
120
(
1001.73
0.00780439
0.0130102
0.0182166
0.0234187
0.0286052
0.0337582
0.0388565
0.0438757
0.0487915
0.0535856
0.0582511
0.062798
0.0672547
0.0716664
0.0757154
0.0794352
0.0832081
0.0870341
0.0908917
0.0947376
0.0985094
0.102132
0.105526
0.108617
0.111341
0.113648
0.115501
0.116876
0.117759
0.118145
0.118038
0.117451
0.116406
0.114934
0.113074
0.110868
0.108364
0.10561
0.102655
0.0995404
0.0963025
0.0929695
0.0895611
0.0860898
0.0825623
0.0789802
0.0753417
0.0716412
0.0678713
0.0640232
0.0600887
0.0560612
0.0519364
0.0477118
0.0433859
0.0389577
0.0344261
0.0297898
0.0250484
0.0202029
0.0152564
0.0102144
0.00508571
-0.000117475
-0.00537927
-0.0106799
-0.0159958
-0.0213006
-0.0265655
-0.0317603
-0.0368542
-0.0418163
-0.0466152
-0.0512191
-0.0555962
-0.0597156
-0.0635484
-0.0670693
-0.0702572
-0.0730952
-0.0755697
-0.0776699
-0.0793875
-0.0807177
-0.0816606
-0.0822225
-0.0824176
-0.0822684
-0.0818071
-0.0810763
-0.0801311
-0.0790393
-0.0778807
-0.0767436
-0.0757176
-0.0748847
-0.0743091
-0.0740277
-0.0740435
-0.0743215
-0.0747901
-0.0753456
-0.0758614
-0.0761998
-0.0761849
-0.0755724
-0.0741594
-0.0718529
-0.0686268
-0.0645147
-0.0595947
-0.0539717
-0.0477617
-0.0410803
-0.0340345
-0.0267175
-0.0192082
-0.0115724
-1002.77
)
;
    }
    cold
    {
        type            calculated;
        value           nonuniform List<scalar> 
120
(
27.2724
0.113006
0.187304
0.259952
0.330117
0.396811
0.458868
0.51496
0.563629
0.603374
0.632776
0.650655
0.656257
0.64942
0.630678
0.604488
0.573762
0.5381
0.498914
0.457621
0.415551
0.373873
0.333548
0.295312
0.25968
0.226965
0.197312
0.170731
0.14713
0.126347
0.108174
0.0923816
0.0787297
0.0669832
0.0569175
0.048324
0.0410124
0.0348118
0.0295711
0.0251573
0.0214551
0.0183646
0.0158003
0.0136892
0.0119691
0.0105869
0.00949729
0.00866113
0.00804369
0.0076132
0.00733916
0.00719053
0.007134
0.00713219
0.0071421
0.00711383
0.00699
0.00670617
0.00619237
0.00537621
0.00418728
0.00256264
0.00045259
-0.00217428
-0.00532766
-0.00899461
-0.0131413
-0.0177172
-0.0226606
-0.0279047
-0.0333836
-0.0390364
-0.0448105
-0.0506633
-0.0565628
-0.0624886
-0.0684327
-0.074401
-0.0804147
-0.0865117
-0.0927464
-0.0991904
-0.105932
-0.113078
-0.120754
-0.129106
-0.138306
-0.148545
-0.160039
-0.173021
-0.187737
-0.20444
-0.223372
-0.244753
-0.268747
-0.295437
-0.324781
-0.356577
-0.390425
-0.425705
-0.461567
-0.496948
-0.530619
-0.561254
-0.587521
-0.609575
-0.624711
-0.62897
-0.621812
-0.603362
-0.574297
-0.535699
-0.488879
-0.435228
-0.376092
-0.312699
-0.246127
-0.177287
-0.10694
-26.3014
)
;
    }
    interface_left
    {
        type            calculated;
        value           nonuniform List<scalar> 
90
(
2.47732
0.993562
0.551131
0.442373
0.494075
0.726745
1.37245
3.27396
9.50277
9.53593
3.38424
1.60182
1.19175
1.53445
3.14893
8.73975
8.75038
3.19037
1.64939
1.52483
2.66132
7.05446
7.01286
2.51576
1.18781
0.84631
1.01538
1.98685
5.42113
5.40542
1.93599
0.915204
0.658875
0.806336
1.60596
4.42305
4.40539
1.54858
0.692349
0.442633
0.466906
0.846214
2.2573
2.23678
0.780057
0.337943
0.206655
0.230877
0.508713
0.476337
0.122957
-0.0201422
-0.134597
-0.330904
-0.843
-2.47069
-2.50096
-0.942045
-0.530295
-0.520142
-0.836898
-1.90007
-5.43882
-5.4595
-1.96769
-0.972912
-0.782815
-1.08597
-2.31671
-6.51718
-6.52301
-2.33599
-1.1256
-0.861897
-1.14675
-2.41297
-6.79193
-6.76683
-2.32918
-0.971393
-0.50415
-0.322358
-0.247171
-0.222511
-0.233023
-0.284375
-0.410399
-0.720079
-1.57352
-4.24667
)
;
    }
    interface_right
    {
        type            calculated;
        value           nonuniform List<scalar> 
90
(
43.3548
15.8355
6.9887
3.69924
2.25475
1.51216
1.0789
0.8018
0.612801
0.477873
0.378282
0.302905
0.244735
0.199153
0.162998
0.134036
0.110651
0.0916478
0.0761251
0.0633932
0.0529173
0.044278
0.0371435
0.0312496
0.0263847
0.0223789
0.019096
0.0164273
0.0142872
0.0126104
0.0113492
0.0104738
0.00997217
0.00985264
0.0101492
0.0109305
0.0123161
0.0145059
0.0178348
0.0228804
0.03069
0.0433074
0.0651175
0.10666
0.196548
0.421903
1.07477
3.20873
3.51948
1.46277
0.49688
0.14586
-0.0497947
-0.282868
-0.814045
-2.45285
-2.49026
-0.936357
-0.528434
-0.521457
-0.841071
-1.90701
-5.4486
-5.47233
-1.98393
-0.99304
-0.80746
-1.11593
-2.35297
-6.56097
-6.57585
-2.39976
-1.20264
-0.955128
-1.25988
-2.5507
-6.96036
-6.97393
-2.58562
-1.29175
-0.908962
-0.841597
-0.926713
-1.13713
-1.51531
-2.19706
-3.54991
-6.65464
-15.0281
-41.0998
)
;
    }
    interface_top
    {
        type            calculated;
        value           nonuniform List<scalar> 
90
(
-13.0573
-8.48345
-6.37346
-5.17407
-4.3764
-3.78929
-3.32918
-2.95393
-2.63961
-2.37137
-2.13934
-1.9366
-1.75814
-1.60018
-1.45979
-1.33467
-1.22299
-1.12322
-1.03413
-0.954662
-0.883952
-0.821253
-0.765935
-0.717459
-0.675368
-0.639275
-0.608854
-0.583835
-0.563999
-0.549171
-0.539222
-0.534063
-0.533647
-0.537961
-0.547033
-0.560929
-0.579752
-0.603641
-0.632778
-0.667383
-0.70772
-0.754094
-0.80686
-0.86642
-0.933228
-1.00779
-1.09069
-1.18254
-1.28406
-1.39603
-1.51929
-1.65481
-1.80361
-1.96686
-2.14582
-2.34186
-2.55653
-2.7915
-3.04862
-3.32993
-3.63766
-3.9743
-4.34258
-4.74554
-5.18653
-5.6693
-6.19804
-6.77744
-7.41279
-8.11007
-8.87612
-9.71877
-10.6471
-11.6718
-12.8053
-14.0628
-15.4626
-17.0274
-18.7859
-20.7749
-23.0438
-25.6599
-28.7196
-32.3679
-36.838
-42.5413
-50.2937
-61.9622
-82.518
-127.136
)
;
    }
    interface_bottom
    {
        type            calculated;
        value           nonuniform List<scalar> 
90
(
7.36439
4.78844
3.58445
2.88814
2.41603
2.06138
1.77734
1.54012
1.33611
1.15671
0.996106
0.850129
0.715617
0.590068
0.471411
0.357845
0.247725
0.139471
0.0314684
-0.0780275
-0.191022
-0.309966
-0.43804
-0.579635
-0.741223
-0.933075
-1.17299
-1.49536
-1.97569
-2.80494
-4.53624
-8.9652
7.7795
3.32107
1.5274
0.594906
-0.0446769
-0.611036
-1.23777
-2.08992
-3.51964
-6.51075
-14.2372
15.4656
7.75207
4.78763
3.40027
2.61026
2.07396
1.64577
1.24137
0.780797
0.135667
-0.989316
-3.4309
-9.89521
15.5921
9.17792
6.83768
5.86764
5.43514
5.25163
5.19995
5.22044
5.2694
5.29432
5.198
4.74377
3.24817
-1.51268
20.1116
15.5112
14.3393
14.3773
14.9502
15.8334
16.946
18.2571
19.7499
21.3947
23.0919
24.4894
24.3257
40.8479
42.1802
46.8506
54.3557
66.2392
87.5826
134.287
)
;
    }
    defaultFaces
    {
        type            empty;
    }
}


// ************************************************************************* //
