/*--------------------------------*- C++ -*----------------------------------*\
| =========                 |                                                 |
| \\      /  F ield         | OpenFOAM: The Open Source CFD Toolbox           |
|  \\    /   O peration     | Version:  5.x                                   |
|   \\  /    A nd           | Web:      www.OpenFOAM.org                      |
|    \\/     M anipulation  |                                                 |
\*---------------------------------------------------------------------------*/
FoamFile
{
    version     2.0;
    format      ascii;
    class       volScalarField;
    location    "11.2";
    object      T;
}
// * * * * * * * * * * * * * * * * * * * * * * * * * * * * * * * * * * * * * //

dimensions      [0 0 0 1 0 0 0];

internalField   nonuniform List<scalar> 
6300
(
10.4989
11.4952
12.4871
13.4716
14.4458
15.4066
16.3511
17.2765
18.1797
19.0581
19.9089
20.7298
21.5184
22.273
22.9919
10.5004
11.4996
12.4944
13.4818
14.4589
15.4226
16.37
17.2982
18.2042
19.0852
19.9385
20.7615
21.552
22.3079
23.0279
10.5033
11.5083
12.509
13.5022
14.4851
15.4547
16.4079
17.3417
18.2533
19.1396
19.9978
20.8252
21.6195
22.3784
23.1003
10.5076
11.5214
12.5308
13.5328
14.5245
15.5028
16.4647
17.4072
18.3272
19.2216
20.0874
20.9216
21.7217
22.4852
23.2102
10.5134
11.5388
12.5599
13.5736
14.577
15.567
16.5407
17.4949
18.4263
19.3318
20.208
21.0517
21.86
22.63
23.3594
10.5207
11.5606
12.5961
13.6244
14.6426
15.6474
16.636
17.6049
18.551
19.4707
20.3605
21.2168
22.0359
22.8146
23.5501
10.5293
11.5865
12.6395
13.6854
14.7212
15.7439
16.7504
17.7375
18.7016
19.6392
20.5461
21.4184
22.2517
23.042
23.7854
10.5394
11.6167
12.6899
13.7562
14.8126
15.8562
16.884
17.8926
18.8785
19.8377
20.7659
21.6584
22.51
23.3154
24.0696
10.5508
11.6509
12.7471
13.8366
14.9166
15.9842
17.0365
18.0701
19.0816
20.0667
21.021
21.9388
22.814
23.6394
24.4082
10.5635
11.6891
12.8109
13.9263
15.0327
16.1273
17.2072
18.2694
19.3104
20.3262
21.3119
22.2613
23.1669
24.0194
24.8086
10.5774
11.731
12.881
14.0249
15.1603
16.2846
17.3953
18.4895
19.5641
20.6153
21.6385
22.6271
23.5723
24.462
25.2808
10.5925
11.7765
12.957
14.1318
15.2987
16.4554
17.5996
18.7289
19.8407
20.932
21.999
23.0356
24.0326
24.9748
25.839
10.6088
11.8252
13.0385
14.2465
15.4471
16.6384
17.8183
18.9852
20.1373
21.2727
22.3892
23.4832
24.5471
25.5648
26.5035
10.626
11.8771
13.1252
14.3683
15.6046
16.8323
18.0498
19.256
20.45
21.6316
22.8014
23.9601
25.107
26.2332
27.3028
10.6443
11.9319
13.2167
14.4967
15.7704
17.036
18.2923
19.5385
20.7745
22.0018
23.224
24.4483
25.687
26.9573
28.2642
23.6174
24.1604
24.6776
25.1694
25.6362
26.0788
26.4982
26.8954
27.2719
27.629
27.9683
28.2913
28.5998
28.8952
29.1794
29.454
29.7205
29.9807
30.2359
30.4878
30.7376
30.9868
31.2367
31.4882
31.7426
32.0006
32.263
32.5304
32.8033
33.082
33.3665
33.6568
33.9527
34.2541
34.5603
34.8711
35.1858
35.5037
35.8242
36.1464
36.4694
36.7924
37.1142
37.4338
37.7502
38.0624
38.3692
38.6699
38.9634
39.249
39.5258
39.7931
40.0501
40.2959
40.5299
40.751
40.9585
41.1512
41.3283
41.4888
41.6316
41.7557
41.8599
41.9432
42.0044
42.042
42.0549
42.0412
41.9995
41.9278
41.8242
41.6864
41.5122
41.2992
41.0449
40.7466
40.4018
40.0076
39.5613
39.0602
38.5015
37.8826
37.2009
36.4542
35.6405
34.7581
33.8058
32.7831
31.6897
30.5263
23.6538
24.1968
24.7136
25.2046
25.6703
26.1115
26.5292
26.9246
27.299
27.6539
27.9908
28.3115
28.6175
28.9106
29.1924
29.4646
29.7289
29.9868
30.2398
30.4896
30.7376
30.985
31.2331
31.4832
31.7362
31.9932
32.2547
32.5215
32.794
33.0725
33.357
33.6475
33.9439
34.2458
34.5527
34.8643
35.1799
35.4989
35.8205
36.144
36.4684
36.7927
37.116
37.4372
37.7551
38.0687
38.3769
38.6788
38.9735
39.2602
39.5382
39.8065
40.0647
40.3117
40.5469
40.7693
40.9781
41.1723
41.3509
41.5128
41.6571
41.7827
41.8886
41.9736
42.0367
42.0764
42.0914
42.0803
42.0412
41.9724
41.8718
41.7373
41.5666
41.3572
41.1067
40.8123
40.4714
40.0812
39.6389
39.1417
38.5869
37.9716
37.2932
36.5494
35.7381
34.8574
33.9062
32.8836
31.7895
30.6244
23.7271
24.27
24.7861
25.2755
25.739
26.1773
26.5916
26.9831
27.3533
27.7037
28.036
28.3518
28.653
28.9412
29.2183
29.4857
29.7454
29.9988
30.2476
30.4932
30.7372
30.981
31.2258
31.4729
31.7233
31.978
32.2378
32.5033
32.775
33.0531
33.3377
33.6288
33.926
34.229
34.5373
34.8505
35.168
35.489
35.8129
36.1389
36.4661
36.7934
37.1197
37.4439
37.7649
38.0813
38.3923
38.6967
38.9938
39.2828
39.5628
39.8334
40.0937
40.3432
40.5808
40.8059
41.0174
41.2144
41.3959
41.5607
41.708
41.8367
41.9458
42.0343
42.101
42.1447
42.1642
42.1579
42.1242
42.0612
41.9668
41.839
41.6752
41.4731
41.2301
40.9435
40.6105
40.2284
39.7942
39.305
38.7579
38.15
37.4784
36.7406
35.9342
35.0572
34.1081
33.0859
31.9904
30.822
23.8383
24.3813
24.8961
25.3832
25.8431
26.277
26.686
27.0715
27.4352
27.7787
28.1039
28.4124
28.7063
28.9872
29.2569
29.5173
29.7699
30.0165
30.2588
30.4982
30.7363
30.9745
31.2143
31.4567
31.7031
31.9545
32.2116
32.4752
32.7456
33.0233
33.3081
33.6
33.8985
34.2033
34.5138
34.8294
35.1496
35.4738
35.8011
36.131
36.4623
36.7941
37.1252
37.4541
37.7797
38.1006
38.4157
38.7239
39.0245
39.3167
39.5999
39.8736
40.1372
40.3901
40.6315
40.8605
41.0762
41.2775
41.4633
41.6326
41.7843
41.9175
42.0313
42.1248
42.1969
42.2466
42.2726
42.2736
42.2479
42.1936
42.1086
41.9908
41.8376
41.6465
41.4148
41.14
40.819
40.4491
40.0272
39.5502
39.0151
38.4187
37.7577
37.0294
36.2308
35.3596
34.414
33.3926
32.295
31.1216
23.9894
24.5323
25.0454
25.5291
25.9841
26.4117
26.8133
27.1906
27.5453
27.8794
28.1948
28.4934
28.7773
29.0483
29.3082
29.5589
29.8021
30.0397
30.2731
30.5041
30.7342
30.9649
31.1977
31.4339
31.6748
31.9215
32.175
32.436
32.7049
32.982
33.2673
33.5605
33.861
34.1683
34.4817
34.8006
35.1245
35.4527
35.7846
36.1196
36.4567
36.7947
37.1323
37.4679
37.8
38.127
38.4477
38.7609
39.0658
39.3621
39.6492
39.9269
40.1947
40.4521
40.6985
40.9329
41.1543
41.3614
41.553
41.7281
41.8857
42.0248
42.1446
42.2445
42.3236
42.381
42.4157
42.4263
42.4112
42.3687
42.2964
42.192
42.053
41.8767
41.6604
41.4013
41.0966
40.7432
40.338
39.8778
39.3593
38.7788
38.1328
37.4179
36.6306
35.7681
34.8277
33.8078
32.7076
31.5274
24.1827
24.7256
25.2363
25.7154
26.1638
26.5831
26.9749
27.3412
27.6842
28.0061
28.3089
28.5948
28.866
29.1243
29.3718
29.6103
29.8417
30.0677
30.29
30.5102
30.7301
30.9513
31.1752
31.4033
31.6371
31.8778
32.1266
32.3842
32.6512
32.9279
33.214
33.5092
33.8125
34.1233
34.4405
34.7635
35.0918
35.4249
35.7625
36.1039
36.4484
36.7946
37.141
37.4856
37.8263
38.1613
38.4889
38.8082
39.1184
39.4193
39.7108
39.9929
40.2657
40.5287
40.7814
41.0227
41.2514
41.466
41.6651
41.8475
42.0121
42.1582
42.2852
42.3926
42.4799
42.5466
42.5918
42.6144
42.6127
42.585
42.5287
42.4415
42.3205
42.163
41.9661
41.727
41.4427
41.1103
40.7266
40.2881
39.7911
39.2318
38.6059
37.9093
37.1376
36.2872
35.3546
34.3374
33.2343
32.0454
24.4215
24.9645
25.4722
25.9451
26.3848
26.7931
27.1723
27.5246
27.8528
28.1592
28.4464
28.7166
28.9721
29.215
29.4474
29.6711
29.888
30.1
30.3087
30.5159
30.7234
30.9326
31.1455
31.3636
31.5884
31.8216
32.0643
32.3177
32.5826
32.859
33.1467
33.4449
33.7524
34.0677
34.3897
34.7176
35.051
35.3896
35.7336
36.0827
36.4363
36.7931
37.151
37.5074
37.8595
38.2047
38.541
38.8673
39.1831
39.4886
39.7844
40.0711
40.3493
40.6188
40.8791
41.1292
41.3673
41.5914
41.7998
41.991
42.1638
42.3177
42.4525
42.5681
42.6645
42.7417
42.799
42.8358
42.8503
42.8407
42.8043
42.7381
42.6392
42.5045
42.3311
42.1161
41.8567
41.55
41.1926
40.7811
40.3114
39.7792
39.1795
38.5072
37.7568
36.9233
36.0021
34.9895
33.8835
32.6836
24.7105
25.2536
25.7571
26.222
26.6503
27.0444
27.4073
27.7421
28.0518
28.3393
28.6074
28.8587
29.0955
29.32
29.5345
29.7407
29.9406
30.136
30.3287
30.5204
30.7128
30.9079
31.1073
31.313
31.5267
31.7504
31.9856
32.2338
32.4961
32.7727
33.0632
33.3662
33.6797
34.0014
34.3294
34.6628
35.0013
35.3454
35.696
36.0537
36.4184
36.7886
37.1618
37.5341
37.9013
38.2595
38.6062
38.94
39.2611
39.5705
39.8697
40.1604
40.4438
40.7205
40.9903
41.2515
41.5017
41.7381
41.958
42.1594
42.3412
42.5032
42.6458
42.7696
42.8753
42.9636
43.0345
43.0875
43.1213
43.1335
43.121
43.0804
43.0079
42.9003
42.7544
42.5677
42.3375
42.0609
41.735
41.3563
40.9204
40.4223
39.8564
39.216
38.4944
37.6844
36.7798
35.775
34.6665
33.4534
25.0557
25.599
26.0969
26.5509
26.964
27.3397
27.6821
27.9949
28.2819
28.5465
28.7918
29.0207
29.2355
29.4387
29.6324
29.8184
29.9987
30.175
30.3491
30.5227
30.6976
30.8758
31.0591
31.2497
31.4497
31.6614
31.8871
32.1287
32.3879
32.6654
32.9606
33.2713
33.594
33.9247
34.2603
34.5993
34.9422
35.2907
35.6471
36.0136
36.3911
36.7787
37.1726
37.567
37.9547
38.3298
38.6885
39.0298
39.3547
39.6657
39.9659
40.2586
40.5464
40.831
41.1123
41.3881
41.6546
41.907
42.1412
42.3544
42.5456
42.7153
42.8647
42.9956
43.1098
43.209
43.2942
43.3655
43.4217
43.4602
43.4768
43.4669
43.4257
43.3495
43.2352
43.0805
42.8833
42.6414
42.3522
42.0123
41.6173
41.1618
40.6389
40.0406
39.3577
38.5807
37.7003
36.7084
35.599
34.3699
25.4655
26.0091
26.499
26.938
27.3307
27.6824
27.9985
28.2839
28.5433
28.7805
28.9991
29.2018
29.3915
29.5703
29.7403
29.9035
30.0615
30.2162
30.3691
30.5221
30.6768
30.8353
30.9995
31.1719
31.3549
31.5514
31.7645
31.9972
32.2523
32.5315
32.8344
33.1579
33.4957
33.8399
34.1851
34.5292
34.8739
35.2233
35.5824
35.9563
36.3482
36.7583
37.1816
37.6081
38.025
38.4222
38.7946
39.1418
39.4669
39.7749
40.0715
40.3624
40.6524
40.9449
41.2406
41.5367
41.8263
42.1008
42.3531
42.5796
42.7797
42.955
43.1087
43.244
43.3644
43.4731
43.5724
43.6637
43.7462
43.8167
43.8694
43.8968
43.8925
43.8519
43.7725
43.6529
43.492
43.2886
43.0409
42.7461
42.4
41.9968
41.5286
40.9854
40.3551
39.6245
38.7802
37.8096
36.7027
35.4545
25.9519
26.4956
26.9735
27.391
27.7556
28.0755
28.358
28.6096
28.8357
29.0406
29.228
29.401
29.5621
29.7135
29.8572
29.9949
30.1283
30.2588
30.3882
30.5179
30.6497
30.7854
30.9272
31.0776
31.2395
31.4165
31.6126
31.8325
32.0811
32.3623
32.6776
33.023
33.3868
33.7527
34.1101
34.457
34.7978
35.1406
35.4952
35.8717
36.278
36.7175
37.1846
37.6616
38.1224
38.549
38.9354
39.2842
39.6024
39.8992
40.184
40.4659
40.7533
41.0528
41.3671
41.6929
42.0182
42.325
42.6008
42.8412
43.0477
43.2246
43.3775
43.5123
43.6344
43.749
43.8607
43.9729
44.0863
44.1974
44.2968
44.371
44.4098
44.4086
44.3662
44.2831
44.1603
43.9981
43.796
43.5521
43.2633
42.9238
42.5249
42.0543
41.4955
40.8306
40.0405
39.1058
38.0087
36.7379
26.533
27.0761
27.5344
27.9192
28.2441
28.5215
28.7612
28.9713
29.1576
29.325
29.4769
29.6164
29.7457
29.8669
29.9818
30.0917
30.1981
30.3023
30.4057
30.5097
30.6158
30.7258
30.8416
30.9658
31.1015
31.253
31.4253
31.6254
31.8616
32.143
32.4764
32.8602
33.2739
33.6767
34.0492
34.3925
34.7175
35.0396
35.3755
35.7429
36.1588
36.6359
37.1722
37.737
38.2675
38.7325
39.1292
39.4692
39.7675
40.0394
40.2991
40.5601
40.8355
41.1377
41.4757
41.8486
42.2352
42.5922
42.8979
43.1503
43.3567
43.5271
43.671
43.7972
43.9135
44.0275
44.1469
44.2787
44.4281
44.5934
44.759
44.8943
44.9833
45.0231
45.0168
44.9691
44.8838
44.7635
44.6094
44.4215
44.198
43.9347
43.6232
43.2485
42.7871
42.2154
41.5077
40.6344
39.5633
38.2677
27.2397
27.7781
28.2001
28.5327
28.8003
29.0207
29.2064
29.3661
29.5061
29.6305
29.7428
29.8453
29.9401
30.0286
30.1124
30.1925
30.27
30.346
30.4215
30.4976
30.5755
30.6566
30.7428
30.8362
30.94
31.0582
31.1971
31.3654
31.5762
31.8476
32.2016
32.6534
33.1756
33.6429
34.0294
34.3529
34.6403
34.9174
35.2092
35.5429
35.9504
36.4674
37.1177
37.8605
38.5059
39.0126
39.4035
39.7126
39.9692
40.1958
40.4111
40.6321
40.8776
41.1695
41.5325
41.9832
42.4933
42.9319
43.2703
43.524
43.7161
43.8661
43.9886
44.0948
44.1944
44.2969
44.4134
44.5577
44.7456
44.9873
45.2631
45.4828
45.6261
45.7023
45.7256
45.7076
45.656
45.5758
45.4701
45.3406
45.1884
45.0133
44.8112
44.5659
44.2362
43.7946
43.2118
42.4465
41.4399
40.125
28.1339
28.6469
28.9935
29.2392
29.4235
29.5688
29.6879
29.7886
29.8758
29.9527
30.0217
30.0845
30.1423
30.1963
30.2473
30.296
30.3432
30.3894
30.4354
30.4818
30.5295
30.5793
30.6326
30.6909
30.7565
30.8328
30.9253
31.0431
31.2023
31.4321
31.7852
32.3438
33.1555
33.7244
34.0992
34.3643
34.5767
34.7728
34.9816
35.2355
35.583
36.1058
36.9286
38.123
38.9425
39.4583
39.7943
40.0305
40.2124
40.3672
40.5133
40.6677
40.8514
41.0974
41.4618
42.0305
42.853
43.4142
43.7631
43.985
44.1347
44.2431
44.3279
44.4005
44.4695
44.5445
44.6382
44.7722
44.9838
45.3308
45.8462
46.1796
46.3639
46.456
46.4923
46.4927
46.4677
46.4234
46.3634
46.2908
46.2102
46.1292
46.0596
46.0032
45.8451
45.5752
45.1774
44.6044
43.7591
42.4732
29.3765
29.7546
29.9311
30.033
30.102
30.1537
30.1951
30.2296
30.2593
30.2853
30.3086
30.3298
30.3492
30.3674
30.3845
30.4009
30.4167
30.4322
30.4476
30.4632
30.4793
30.4961
30.5142
30.534
30.5566
30.5831
30.6162
30.6603
30.7257
30.8381
31.0718
31.6686
33.4838
34.0843
34.3256
34.4506
34.5353
34.6087
34.6877
34.7919
34.962
35.311
36.2029
38.9243
39.815
40.1615
40.3274
40.4249
40.4935
40.5495
40.6021
40.6595
40.734
40.8534
41.0953
41.7109
43.5876
44.2005
44.4372
44.5483
44.6111
44.6525
44.6834
44.7095
44.7347
44.7634
44.8035
44.8734
45.0256
45.4303
46.6895
47.0897
47.2326
47.2884
47.309
47.3125
47.3057
47.2919
47.2729
47.2511
47.231
47.2271
47.2873
47.5853
47.6132
47.5386
47.3937
47.1526
46.7113
45.7374
29.1707
27.5955
25.9282
24.174
22.3392
20.4305
18.455
16.4202
14.3335
12.2022
10.0336
7.83483
5.61278
3.37423
1.12583
29.2661
27.6866
26.014
24.2538
22.4123
20.4965
18.5138
16.4716
14.3775
12.239
10.0634
7.85782
5.62907
3.38395
1.12907
29.458
27.87
26.1867
24.414
22.5589
20.6287
18.6312
16.5742
14.4655
12.3126
10.1229
7.90364
5.66154
3.40333
1.13551
29.7489
28.1476
26.4477
24.6559
22.7798
20.8276
18.8076
16.728
14.5971
12.4225
10.2117
7.97196
5.70993
3.43218
1.1451
30.1427
28.5227
26.7996
24.9811
23.076
21.0935
19.0427
16.9326
14.7717
12.5681
10.3292
8.06226
5.77381
3.47026
1.15775
30.6447
28.9999
27.2459
25.3921
23.4489
21.4269
19.3365
17.1874
14.9886
12.7485
10.4745
8.17374
5.8526
3.51719
1.17333
31.2625
29.5853
27.791
25.8916
23.8997
21.828
19.6883
17.4912
15.2464
12.9622
10.6463
8.30529
5.94545
3.57245
1.19167
32.006
30.2867
28.4403
26.4826
24.4295
22.2964
20.0967
17.8422
15.5429
13.2073
10.8426
8.45541
6.05126
3.63537
1.21255
32.8886
31.1141
29.2001
27.1679
25.0385
22.8305
20.5592
18.2374
15.8752
13.4808
11.0612
8.62217
6.16862
3.70508
1.23567
33.9285
32.0801
30.0768
27.9494
25.7253
23.427
21.0716
18.6723
16.239
13.7792
11.2989
8.80309
6.29575
3.78052
1.26068
35.1508
33.1999
31.0767
28.8265
26.4855
24.0797
21.6272
19.1406
16.6287
14.0975
11.5518
8.99519
6.43056
3.86046
1.28717
36.5913
34.4908
32.2023
29.7935
27.3095
24.7781
22.2161
19.6337
17.0369
14.4299
11.8152
9.19497
6.57061
3.94345
1.31466
38.3024
35.9684
33.4473
30.8347
28.1799
25.5062
22.8247
20.1403
17.4549
14.7693
12.0839
9.39853
6.71322
4.02794
1.34265
40.3578
37.6317
34.7824
31.9172
29.068
26.2413
23.4355
20.6471
17.8723
15.1082
12.352
9.6017
6.8556
4.11229
1.37059
42.8303
39.4169
36.1323
32.9824
29.9327
26.9546
24.0282
21.1394
18.2786
15.4385
12.6138
9.80034
6.99493
4.1949
1.39797
10.6618
11.9846
13.3047
14.6202
15.9295
17.2311
18.5236
19.8063
21.0796
22.3453
23.6089
24.8819
26.189
27.5867
29.2303
10.6784
12.0344
13.3877
14.7366
16.0793
17.4144
18.7403
20.0561
21.3618
22.6587
23.9518
25.2519
26.5819
27.9876
29.551
10.6956
12.086
13.4737
14.8571
16.2343
17.6038
18.9637
20.3126
21.6495
22.9745
24.2894
25.6005
26.9217
28.2782
29.7039
10.7134
12.1393
13.5626
14.9817
16.3946
17.7995
19.1944
20.5771
21.9453
23.2967
24.6291
25.9417
27.2364
28.5202
29.8057
10.7317
12.1943
13.6544
15.1103
16.5602
18.002
19.4333
20.8513
22.2524
23.6315
24.9821
26.2949
27.5581
28.7603
29.9002
10.7506
12.2509
13.749
15.243
16.7312
18.2115
19.6812
21.137
22.5742
23.9858
25.3609
26.6819
27.9216
29.0431
30.0176
10.7699
12.3091
13.8462
15.3796
16.9075
18.428
19.9384
21.4352
22.9134
24.365
25.7767
27.1249
28.3665
29.4274
30.2063
10.7898
12.3688
13.9459
15.5197
17.0888
18.6512
20.2046
21.746
23.2706
24.7715
26.2362
27.6412
28.9364
30.0068
30.5923
10.81
12.4296
14.0477
15.663
17.2744
18.8804
20.479
22.0679
23.644
25.2025
26.7365
28.2331
29.6618
30.9222
31.5776
10.8306
12.4915
14.1512
15.8089
17.4636
19.1143
20.7598
22.3985
24.029
25.6501
27.2623
28.8717
30.5034
32.2572
34.5788
10.8514
12.5541
14.256
15.9566
17.6554
19.3517
21.0448
22.7343
24.42
26.1034
27.7895
29.4941
31.2595
33.1972
35.5739
10.8724
12.6171
14.3615
16.1054
17.8486
19.5909
21.3321
23.0723
24.8123
26.5541
28.3034
30.0736
31.8953
33.8314
35.9831
10.8934
12.6802
14.4673
16.2546
18.0423
19.8305
21.6197
23.4101
25.2027
26.9992
28.8022
30.6167
32.4508
34.3153
36.2185
10.9143
12.7432
14.5727
16.4032
18.2352
20.0693
21.9059
23.7459
25.5901
27.439
29.2923
31.1456
32.9846
34.7715
36.4345
10.9351
12.8056
14.6772
16.5506
18.4265
20.3058
22.1895
24.0785
25.9737
27.8754
29.7816
31.6837
33.5538
35.3128
36.7641
10.9556
12.8673
14.7804
16.696
18.6152
20.5391
22.4689
24.4062
26.3522
28.308
30.2733
32.2434
34.1994
36.0671
37.5183
10.9757
12.9278
14.8817
16.8388
18.8003
20.7678
22.7429
24.7274
26.7234
28.7334
30.7609
32.8122
34.9055
37.1099
39.7442
10.9954
12.987
14.9807
16.9782
18.981
20.9909
23.0099
25.0401
27.0843
29.1461
31.2312
33.3511
35.5336
37.8531
40.4951
11.0146
13.0445
15.077
17.1137
19.1565
21.2074
23.2686
25.3426
27.4325
29.5421
31.6768
33.8456
36.0658
38.3716
40.819
11.0331
13.1002
15.1701
17.2447
19.3261
21.4163
23.5179
25.6336
27.7664
29.9199
32.0979
34.3037
36.5379
38.7907
41.0307
11.051
13.1539
15.2599
17.3709
19.4892
21.6171
23.7571
25.9122
28.0855
30.2802
32.499
34.7414
36.996
39.2179
41.2801
11.0681
13.2054
15.3459
17.4918
19.6453
21.8089
23.9854
26.1776
28.389
30.623
32.883
35.1699
37.4759
39.7551
41.7902
11.0845
13.2547
15.4281
17.6071
19.7941
21.9916
24.2023
26.4293
28.6763
30.9472
33.2474
35.5845
37.9735
40.4608
43.2506
11.1001
13.3015
15.5062
17.7167
19.9353
22.1646
24.4073
26.6667
28.9462
31.2504
33.5856
35.9622
38.4018
40.9555
43.7426
11.1149
13.3459
15.5802
17.8204
20.0688
22.3279
24.6004
26.8895
29.1984
31.5315
33.8942
36.2953
38.7501
41.2871
43.9479
11.1289
13.3877
15.6501
17.9182
20.1944
22.4814
24.7816
27.0979
29.4334
31.7913
34.1754
36.5901
39.0405
41.5316
44.0638
11.142
13.4272
15.7157
18.01
20.3124
22.6253
24.9511
27.2925
29.6521
32.0321
34.4346
36.8594
39.3018
41.7465
44.1619
11.1543
13.4641
15.7772
18.096
20.4228
22.7598
25.1094
27.474
29.8559
32.2568
34.6775
37.1156
39.5606
41.9808
44.2973
11.1658
13.4986
15.8346
18.1762
20.5257
22.8851
25.2568
27.643
30.0458
32.467
34.9075
37.3662
39.8357
42.2861
44.5893
11.1765
13.5306
15.888
18.2508
20.6213
23.0015
25.3936
27.7999
30.2223
32.663
35.1241
37.6085
40.1231
42.6926
45.4343
11.1864
13.5603
15.9374
18.3199
20.7097
23.1092
25.5202
27.945
30.3856
32.8442
35.3237
37.8291
40.3713
42.9784
45.719
11.1955
13.5877
15.983
18.3835
20.7913
23.2084
25.6368
28.0785
30.5356
33.0101
35.5046
38.0232
40.5735
43.1706
45.838
11.2039
13.6128
16.0247
18.4418
20.866
23.2993
25.7436
28.2009
30.6729
33.1614
35.668
38.1944
40.7421
43.3128
45.9055
11.2115
13.6356
16.0627
18.4949
20.934
23.3821
25.841
28.3125
30.7982
33.2995
35.8169
38.3497
40.894
43.4388
45.9636
11.2184
13.6562
16.0971
18.5428
20.9955
23.457
25.9291
28.4136
30.912
33.4255
35.9543
38.4963
41.0444
43.5777
46.0457
11.2246
13.6747
16.1278
18.5858
21.0506
23.5241
26.0082
28.5045
31.0148
33.5402
36.0816
38.6379
41.2042
43.761
46.2265
11.23
13.691
16.1549
18.6237
21.0992
23.5834
26.0782
28.5852
31.1063
33.6432
36.1976
38.7716
41.3695
44.0065
46.7553
11.2347
13.7052
16.1785
18.6567
21.1416
23.6351
26.1391
28.6555
31.1862
33.7333
36.2993
38.8879
41.5067
44.1734
46.9299
11.2387
13.7172
16.1985
18.6847
21.1775
23.679
26.1909
28.7153
31.2541
33.8096
36.3844
38.9823
41.6097
44.2769
46.9982
11.2421
13.7271
16.2151
18.7078
21.2072
23.7152
26.2336
28.7645
31.3098
33.8717
36.4526
39.0555
41.6839
44.342
47.0305
11.2447
13.735
16.2281
18.726
21.2306
23.7437
26.2672
28.8031
31.3534
33.9199
36.5048
39.1099
41.7367
44.3847
47.0493
11.2466
13.7407
16.2377
18.7394
21.2477
23.7645
26.2917
28.8312
31.3849
33.9547
36.5421
39.1484
41.7737
44.415
47.0637
11.2478
13.7444
16.2437
18.7479
21.2585
23.7777
26.3072
28.8489
31.4047
33.9764
36.5654
39.1729
41.7985
44.439
47.0827
11.2483
13.746
16.2464
18.7515
21.2632
23.7833
26.3137
28.8563
31.4129
33.9853
36.5752
39.1839
41.8121
44.4598
47.1295
11.2482
13.7455
16.2456
18.7503
21.2616
23.7813
26.3112
28.8533
31.4094
33.9814
36.5711
39.1804
41.8111
44.4644
47.1409
11.2473
13.743
16.2414
18.7444
21.2539
23.7718
26.2999
28.84
31.3942
33.9644
36.5526
39.1613
41.7933
44.4518
47.1376
11.2458
13.7384
16.2337
18.7337
21.2401
23.7548
26.2796
28.8165
31.3673
33.9341
36.5191
39.1251
41.7563
44.4191
47.1212
11.2436
13.7318
16.2228
18.7183
21.2202
23.7303
26.2505
28.7827
31.3287
33.8905
36.4702
39.0706
41.6964
44.3582
47.0802
11.2408
13.7232
16.2084
18.6981
21.1942
23.6984
26.2126
28.7387
31.2784
33.8337
36.4061
38.9975
41.6107
44.2544
46.9719
11.2373
13.7127
16.1908
18.6734
21.1622
23.6592
26.166
28.6847
31.2168
33.7642
36.3281
38.9085
41.5027
44.0982
46.6424
11.2331
13.7001
16.1698
18.644
21.1243
23.6126
26.1108
28.6207
31.1441
33.6827
36.2377
38.809
41.393
43.9768
46.5272
11.2283
13.6857
16.1457
18.61
21.0805
23.5589
26.047
28.5467
31.0601
33.589
36.1352
38.7
41.2825
43.8774
46.4711
11.2228
13.6693
16.1183
18.5716
21.0309
23.4979
25.9746
28.4628
30.9647
33.4826
36.0191
38.5777
41.1625
43.778
46.4258
11.2167
13.651
16.0878
18.5288
20.9756
23.4299
25.8937
28.3689
30.8577
33.3626
35.887
38.4364
41.0201
43.6552
46.366
11.2101
13.631
16.0543
18.4816
20.9146
23.355
25.8045
28.2651
30.7388
33.2283
35.7368
38.2704
40.8413
43.4788
46.2526
11.2028
13.6092
16.0178
18.4303
20.8483
23.2733
25.7071
28.1515
30.6084
33.08
35.5686
38.0778
40.6152
43.2069
45.9717
11.195
13.5856
15.9785
18.375
20.7767
23.1852
25.602
28.0288
30.4673
32.9192
35.3853
37.8647
40.3506
42.8139
45.1269
11.1866
13.5605
15.9365
18.3159
20.7002
23.0909
25.4894
27.8974
30.3164
32.7478
35.192
37.6464
40.1008
42.5243
44.8392
11.1777
13.5339
15.8919
18.2531
20.619
22.9907
25.3698
27.7578
30.1564
32.567
34.9908
37.4273
39.8716
42.3092
44.7103
11.1684
13.5058
15.8449
18.187
20.5333
22.885
25.2436
27.6104
29.9874
32.3764
34.7801
37.2019
39.6463
42.1185
44.621
11.1586
13.4764
15.7957
18.1178
20.4436
22.7743
25.1111
27.4556
29.8094
32.175
34.5562
36.9601
39.4008
41.9059
44.5178
11.1484
13.4458
15.7446
18.0457
20.3501
22.6589
24.973
27.2938
29.6228
31.9622
34.3159
36.6919
39.1097
41.6181
44.3333
11.1379
13.4142
15.6916
17.9711
20.2534
22.5394
24.8299
27.1258
29.4284
31.7389
34.0593
36.394
38.755
41.1859
43.8829
11.1271
13.3816
15.6371
17.8943
20.1538
22.4163
24.6825
26.9529
29.228
31.508
33.7922
36.0772
38.3509
40.5681
42.5284
11.116
13.3482
15.5813
17.8157
20.0519
22.2905
24.5318
26.7761
29.0237
31.2737
33.5239
35.7674
37.9853
40.1279
42.0749
11.1047
13.3143
15.5244
17.7356
19.9482
22.1624
24.3785
26.5968
28.8171
31.0387
33.2596
35.4747
37.6713
39.8227
41.8835
11.0932
13.2798
15.4668
17.6544
19.843
22.0326
24.2235
26.4156
28.6091
30.8036
32.9988
35.194
37.3881
39.5796
41.7672
11.0816
13.2449
15.4085
17.5724
19.7368
21.9017
24.0671
26.2331
28.3998
30.5675
32.7374
34.9135
37.106
39.3385
41.6524
11.0699
13.2098
15.3498
17.4898
19.6299
21.77
23.91
26.0498
28.1894
30.3292
32.4711
34.6209
36.7953
39.0401
41.4678
11.0582
13.1746
15.2909
17.407
19.5229
21.6382
23.7527
25.8662
27.9783
30.089
32.1988
34.3106
36.435
38.614
41.0356
11.0465
13.1394
15.232
17.3243
19.4159
21.5065
23.5958
25.6831
27.7679
29.8489
31.9246
33.9908
36.0361
38.0187
39.7517
11.0348
13.1042
15.1733
17.2418
19.3094
21.3756
23.4398
25.5015
27.5595
29.6121
31.6563
33.685
35.6802
37.5959
39.3209
11.0231
13.0692
15.1149
17.1598
19.2036
21.2456
23.2854
25.322
27.3543
29.3807
31.3984
33.4018
35.3789
37.305
39.1392
11.0115
13.0344
15.0569
17.0784
19.0987
21.1171
23.1328
25.1451
27.1529
29.1549
31.1498
33.1362
35.1124
37.0772
39.0304
11
12.9999
14.9993
16.9978
18.9949
20.99
22.9823
24.971
26.955
28.9336
30.9067
32.8771
34.8533
36.8567
38.9259
10.9886
12.9657
14.9423
16.918
18.8923
20.8646
22.8341
24.7997
26.7605
28.7155
30.6651
32.6134
34.5746
36.5899
38.7612
10.9773
12.9317
14.8857
16.839
18.7909
20.741
22.6882
24.6315
26.5695
28.5007
30.4239
32.3402
34.2578
36.2142
38.3785
10.966
12.898
14.8297
16.7607
18.6907
20.619
22.5447
24.4666
26.3829
28.291
30.1872
32.0655
33.9136
35.6935
37.2413
10.9548
12.8644
14.7739
16.683
18.5914
20.4985
22.4036
24.3054
26.2016
28.0891
29.9623
31.8113
33.6163
35.3333
36.8648
10.9436
12.8309
14.7183
16.6056
18.4927
20.3793
22.2646
24.1475
26.0261
27.8968
29.7538
31.5872
33.3794
35.1014
36.7148
10.9324
12.7974
14.6626
16.5282
18.3942
20.2606
22.1269
23.9925
25.8556
27.7135
29.5613
31.3912
33.1909
34.9444
36.6398
10.9211
12.7635
14.6065
16.4503
18.2953
20.1417
21.9896
23.8387
25.6883
27.5368
29.3809
31.2157
33.0338
34.8272
36.5925
10.9097
12.7293
14.5497
16.3715
18.1952
20.0216
21.8511
23.6844
25.5216
27.3626
29.2066
31.0513
32.8934
34.7291
36.5561
10.898
12.6944
14.4918
16.2911
18.0932
19.8991
21.7098
23.5269
25.3518
27.1861
29.0312
30.8882
32.757
34.6363
36.5228
10.8861
12.6587
14.4326
16.2088
17.9884
19.7728
21.5639
23.3638
25.1752
27.0017
28.8473
30.7164
32.6129
34.5381
36.4874
10.8738
12.622
14.3716
16.1239
17.88
19.6418
21.4116
23.1923
24.9879
26.8037
28.6466
30.5251
32.4482
34.4226
36.4447
10.8613
12.5843
14.3088
16.0361
17.7675
19.5051
21.2514
23.0101
24.7861
26.5865
28.4208
30.3023
32.2476
34.2735
36.3856
10.8483
12.5455
14.244
15.9453
17.6506
19.3621
21.0824
22.8156
24.5672
26.3453
28.1619
30.0349
31.9904
34.0641
36.2906
10.8351
12.5056
14.1773
15.8515
17.5293
19.2127
20.9043
22.608
24.3295
26.077
27.8635
29.7097
31.6506
33.748
36.1075
10.8215
12.4647
14.1089
15.755
17.4039
19.0573
20.7176
22.3879
24.0733
25.7812
27.5232
29.3183
31.2018
33.2495
35.674
45.3174
40.9339
37.2451
33.8658
30.6586
27.5603
24.5361
21.5645
18.6314
15.7267
12.843
9.97474
7.11751
4.26767
1.42209
46.1036
41.8294
38.0409
34.5487
31.2422
28.0587
24.9606
21.9238
18.932
15.9737
13.0403
10.1254
7.22364
4.33078
1.44303
46.4313
42.3868
38.6299
35.1017
31.7396
28.4972
25.3419
22.2512
19.2088
16.203
13.2246
10.2666
7.32344
4.39022
1.46278
46.5957
42.7434
39.0591
35.5384
32.1532
28.8744
25.6778
22.5445
19.4599
16.4128
13.3943
10.3974
7.41614
4.44556
1.48118
46.692
42.9822
39.3739
35.8801
32.4921
29.1939
25.9692
22.8034
19.6844
16.6022
13.5487
10.517
7.50126
4.4965
1.49813
46.7547
43.1494
39.6082
36.1475
32.7677
29.4616
26.2189
23.0292
19.8829
16.7714
13.6877
10.6252
7.57859
4.5429
1.5136
46.7987
43.271
39.7856
36.3577
32.9915
29.6846
26.4313
23.2244
20.0566
16.921
13.8114
10.7222
7.64817
4.58475
1.52756
46.8309
43.3621
39.9223
36.5241
33.1731
29.8697
26.6108
23.3918
20.2074
17.0522
13.9208
10.8083
7.71022
4.62217
1.54007
46.8553
43.4319
40.0291
36.6569
33.321
30.0231
26.7619
23.5347
20.3375
17.1663
14.0166
10.8842
7.76511
4.65537
1.55117
46.8742
43.4864
40.1135
36.7636
33.4417
30.1501
26.8888
23.656
20.4492
17.265
14.1
10.9506
7.81334
4.68459
1.56096
46.8891
43.5296
40.181
36.8498
33.5405
30.2555
26.9952
23.7588
20.5446
17.35
14.1723
11.0084
7.85543
4.71017
1.56954
46.9009
43.5641
40.2354
36.92
33.6217
30.3429
27.0843
23.8457
20.6258
17.4228
14.2345
11.0584
7.89198
4.73241
1.57701
46.9105
43.592
40.2795
36.9773
33.6886
30.4155
27.1589
23.9189
20.6947
17.485
14.2879
11.1015
7.92354
4.75167
1.58348
46.9182
43.6147
40.3156
37.0244
33.7439
30.4759
27.2214
23.9806
20.7531
17.5379
14.3336
11.1385
7.95069
4.76826
1.58906
46.9245
43.6332
40.3451
37.0631
33.7896
30.5261
27.2736
24.0325
20.8025
17.5829
14.3725
11.17
7.97395
4.78249
1.59385
46.9297
43.6483
40.3694
37.0951
33.8274
30.5679
27.3173
24.0761
20.8442
17.6209
14.4056
11.197
7.9938
4.79465
1.59794
46.9339
43.6608
40.3894
37.1215
33.8589
30.6027
27.3539
24.1127
20.8792
17.6531
14.4336
11.2198
8.01069
4.80502
1.60144
46.9374
43.6711
40.4059
37.1434
33.885
30.6317
27.3844
24.1434
20.9087
17.6802
14.4572
11.2392
8.02502
4.81381
1.6044
46.9403
43.6796
40.4196
37.1615
33.9066
30.6559
27.4099
24.169
20.9335
17.703
14.4772
11.2555
8.03712
4.82125
1.60691
46.9427
43.6867
40.4309
37.1765
33.9246
30.6759
27.4311
24.1904
20.9542
17.7221
14.4939
11.2692
8.04731
4.82752
1.60903
46.9446
43.6925
40.4402
37.1889
33.9394
30.6925
27.4487
24.2083
20.9714
17.738
14.5079
11.2807
8.05585
4.83277
1.6108
46.9462
43.6972
40.4479
37.1991
33.9517
30.7062
27.4632
24.223
20.9857
17.7513
14.5196
11.2903
8.06296
4.83716
1.61228
46.9476
43.7011
40.4541
37.2075
33.9617
30.7175
27.4752
24.2352
20.9975
17.7622
14.5292
11.2982
8.06885
4.84078
1.6135
46.9486
43.7042
40.4592
37.2142
33.9699
30.7267
27.485
24.2451
21.0071
17.7712
14.5371
11.3047
8.07367
4.84375
1.61451
46.9495
43.7068
40.4633
37.2197
33.9764
30.734
27.4928
24.253
21.0149
17.7783
14.5434
11.3099
8.07755
4.84615
1.61532
46.9501
43.7087
40.4665
37.2239
33.9815
30.7397
27.4989
24.2592
21.0209
17.784
14.5484
11.314
8.08062
4.84804
1.61596
46.9507
43.7102
40.4689
37.2271
33.9854
30.7441
27.5035
24.264
21.0255
17.7883
14.5522
11.3171
8.08294
4.84948
1.61644
46.951
43.7113
40.4705
37.2293
33.9881
30.7472
27.5068
24.2673
21.0288
17.7913
14.5549
11.3193
8.08461
4.8505
1.61679
46.9512
43.7119
40.4716
37.2307
33.9898
30.749
27.5088
24.2694
21.0308
17.7932
14.5565
11.3207
8.08565
4.85115
1.61701
46.9513
43.7121
40.472
37.2313
33.9904
30.7498
27.5097
24.2702
21.0317
17.794
14.5573
11.3213
8.08611
4.85144
1.61711
46.9512
43.712
40.4717
37.231
33.9901
30.7494
27.5093
24.2699
21.0314
17.7938
14.5571
11.3212
8.08601
4.85137
1.61708
46.9511
43.7115
40.4709
37.2298
33.9888
30.748
27.5078
24.2684
21.03
17.7925
14.5559
11.3203
8.08533
4.85096
1.61695
46.9507
43.7105
40.4694
37.2278
33.9864
30.7454
27.505
24.2657
21.0273
17.7901
14.5539
11.3186
8.08408
4.85019
1.61669
46.9503
43.7091
40.4671
37.2249
33.9829
30.7415
27.501
24.2616
21.0234
17.7865
14.5508
11.3161
8.08222
4.84905
1.6163
46.9496
43.7072
40.464
37.2208
33.9781
30.7362
27.4954
24.2561
21.0182
17.7817
14.5466
11.3126
8.07971
4.84751
1.61578
46.9488
43.7047
40.46
37.2156
33.9718
30.7293
27.4883
24.249
21.0114
17.7755
14.5412
11.3083
8.07649
4.84555
1.61512
46.9477
43.7015
40.4549
37.2089
33.964
30.7207
27.4793
24.2401
21.0029
17.7678
14.5345
11.3029
8.0725
4.8431
1.6143
46.9463
43.6974
40.4485
37.2005
33.9541
30.7099
27.4682
24.2291
20.9925
17.7584
14.5264
11.2963
8.06765
4.84014
1.6133
46.9445
43.6923
40.4404
37.19
33.9419
30.6967
27.4546
24.2158
20.98
17.747
14.5166
11.2884
8.06185
4.83659
1.61211
46.9423
43.6858
40.4303
37.177
33.9269
30.6806
27.4382
24.1997
20.9649
17.7335
14.505
11.279
8.05498
4.8324
1.6107
46.9395
43.6777
40.4176
37.1609
33.9085
30.661
27.4183
24.1805
20.947
17.7174
14.4913
11.268
8.04693
4.8275
1.60906
46.9358
43.6672
40.4016
37.1408
33.8859
30.6372
27.3946
24.1576
20.9258
17.6986
14.4753
11.2551
8.03756
4.8218
1.60714
46.931
43.6537
40.3812
37.1157
33.8582
30.6085
27.3661
24.1306
20.901
17.6766
14.4566
11.2403
8.02674
4.81523
1.60494
46.9245
43.6357
40.3549
37.0843
33.8242
30.5739
27.3324
24.0988
20.872
17.6511
14.4352
11.2232
8.01434
4.80771
1.60242
46.9151
43.6111
40.3205
37.0447
33.7825
30.5324
27.2925
24.0617
20.8385
17.6218
14.4106
11.2037
8.00021
4.79916
1.59956
46.9005
43.5761
40.2748
36.9947
33.7317
30.4829
27.2458
24.0187
20.7999
17.5883
14.3825
11.1815
7.98421
4.78949
1.59632
46.8742
43.5239
40.2136
36.9318
33.6704
30.4246
27.1916
23.9692
20.756
17.5503
14.3509
11.1566
7.96623
4.77863
1.59269
46.818
43.4428
40.1316
36.8539
33.5973
30.3567
27.1293
23.913
20.7062
17.5075
14.3154
11.1287
7.94613
4.76651
1.58864
46.6711
43.3162
40.0255
36.7603
33.5123
30.279
27.0586
23.8495
20.6504
17.4596
14.2758
11.0977
7.92382
4.75307
1.58415
46.3279
43.1438
39.9008
36.6539
33.4164
30.1916
26.9793
23.7787
20.5882
17.4065
14.232
11.0633
7.89921
4.73825
1.57921
46.2068
43.0114
39.778
36.5401
33.311
30.0947
26.8914
23.7002
20.5195
17.3479
14.1838
11.0257
7.8722
4.72202
1.57379
46.1473
42.9044
39.6572
36.4192
33.1959
29.988
26.7945
23.6138
20.4441
17.2837
14.131
10.9845
7.84274
4.70432
1.56788
46.0999
42.7994
39.5292
36.2874
33.0693
29.8706
26.6881
23.5192
20.3617
17.2138
14.0737
10.9398
7.81079
4.68513
1.56149
46.0386
42.6724
39.3806
36.1383
32.9284
29.7413
26.5717
23.4161
20.2722
17.138
14.0117
10.8916
7.77632
4.66445
1.55459
45.924
42.4927
39.1967
35.966
32.7709
29.5992
26.4448
23.3044
20.1756
17.0564
13.9449
10.8398
7.73933
4.64227
1.5472
45.6422
42.2182
38.9665
35.7681
32.5966
29.4443
26.3077
23.1842
20.0719
16.9689
13.8736
10.7844
7.69985
4.6186
1.53932
44.7967
41.823
38.6985
35.5506
32.4081
29.2779
26.1608
23.0557
19.9612
16.8758
13.7977
10.7255
7.65791
4.59348
1.53095
44.5084
41.5316
38.4459
35.3286
32.2105
29.1018
26.0049
22.9193
19.8439
16.7771
13.7174
10.6633
7.61359
4.56694
1.52211
44.3789
41.315
38.2143
35.1063
32.0056
28.9169
25.8405
22.7754
19.7202
16.6731
13.6328
10.5978
7.56699
4.53905
1.51283
44.2892
41.123
37.9869
34.8782
31.7917
28.7227
25.6677
22.6243
19.5903
16.5641
13.5442
10.5293
7.51823
4.50987
1.50311
44.1856
40.9093
37.7396
34.634
31.5649
28.5181
25.4864
22.4661
19.4546
16.4503
13.4518
10.4579
7.46744
4.47949
1.493
44.0008
40.6205
37.4469
34.3637
31.322
28.3024
25.2967
22.3012
19.3135
16.3321
13.3559
10.3838
7.41479
4.44799
1.48252
43.5501
40.1874
37.0907
34.0638
31.0631
28.0764
25.0995
22.1304
19.1676
16.2101
13.2569
10.3073
7.36045
4.4155
1.4717
42.1953
39.5687
36.6852
33.7451
30.7937
27.843
24.8964
21.9547
19.0175
16.0846
13.1552
10.2288
7.30463
4.38212
1.4606
41.7415
39.1277
36.3183
33.4335
30.5232
27.6062
24.6895
21.7753
18.8642
15.9563
13.0512
10.1484
7.24753
4.34797
1.44923
41.5498
38.8216
36.0029
33.1389
30.2567
27.3687
24.4802
21.5932
18.7084
15.8258
12.9453
10.0666
7.18934
4.31317
1.43765
41.4332
38.5776
35.7182
32.8564
29.9936
27.1311
24.2695
21.4093
18.5506
15.6935
12.8379
9.98353
7.13028
4.27783
1.42589
41.3181
38.3356
35.4345
32.5738
29.7297
26.8922
24.0573
21.2238
18.3913
15.5598
12.7293
9.89952
7.07052
4.24207
1.41398
41.1331
38.0361
35.1222
32.2789
29.4607
26.6509
23.8436
21.0371
18.231
15.4252
12.6198
9.81482
7.01024
4.20599
1.40197
40.7006
37.6088
34.76
31.9661
29.1854
26.4073
23.629
20.8499
18.0702
15.2901
12.5098
9.72965
6.94959
4.16967
1.38988
39.4161
37.0122
34.3589
31.6435
28.9077
26.1633
23.4144
20.6626
17.9092
15.1547
12.3996
9.6442
6.88871
4.1332
1.37773
38.9848
36.5878
34.0005
31.3343
28.6355
25.9221
23.2012
20.4762
17.7486
15.0195
12.2893
9.55865
6.8277
4.09664
1.36555
38.8025
36.2951
33.6963
31.0472
28.3729
25.6854
22.9906
20.2912
17.5888
14.8846
12.1792
9.47311
6.76665
4.06003
1.35335
38.693
36.0651
33.4263
30.777
28.1188
25.4535
22.7827
20.1078
17.43
14.7503
12.0693
9.38764
6.7056
4.02339
1.34113
38.5876
35.8421
33.163
30.5124
27.8692
25.2249
22.5772
19.9261
17.2723
14.6166
11.9597
9.30227
6.64454
3.98672
1.32891
38.4219
35.5722
32.8794
30.2422
27.6198
24.9983
22.3737
19.7459
17.1155
14.4834
11.8503
9.21691
6.58342
3.94999
1.31665
38.0379
35.1927
32.5566
29.9611
27.3694
24.7733
22.1722
19.5671
16.9595
14.3505
11.741
9.13146
6.52214
3.91313
1.30435
36.8991
34.6674
32.2051
29.6769
27.1214
24.5514
21.9729
19.3898
16.8042
14.2178
11.6315
9.04568
6.46055
3.87604
1.29196
36.5206
34.3016
31.8989
29.4112
26.8831
24.3349
21.7766
19.2137
16.6492
14.0848
11.5214
8.95927
6.39841
3.83859
1.27945
36.3683
34.0627
31.6511
29.173
26.6583
24.125
21.5832
19.0384
16.4939
13.9509
11.4102
8.87183
6.33545
3.80062
1.26676
36.2903
33.8971
31.449
28.9597
26.446
23.9206
21.3913
18.8628
16.3371
13.8152
11.2973
8.78283
6.2713
3.7619
1.25382
36.2393
33.769
31.275
28.7628
26.2414
23.7184
21.1987
18.6847
16.1774
13.6766
11.1817
8.69167
6.20556
3.72222
1.24056
36.198
33.6568
31.1133
28.5718
26.0374
23.5136
21.0017
18.5018
16.0129
13.5337
11.0625
8.59768
6.13779
3.68132
1.22688
36.1582
33.5459
30.9495
28.3754
25.8258
23.3001
20.7961
18.3109
15.8415
13.3849
10.9386
8.50014
6.06754
3.63896
1.21273
36.114
33.4233
30.7699
28.1616
25.5971
23.0711
20.5771
18.1088
15.6609
13.2289
10.809
8.3984
5.99441
3.59492
1.19802
36.0587
33.2743
30.5584
27.9168
25.3413
22.8196
20.3398
17.8922
15.4689
13.0641
10.673
8.29192
5.91806
3.54901
1.1827
35.9803
33.0774
30.2947
27.6257
25.0478
22.5386
20.0799
17.6584
15.264
12.8896
10.5297
8.18031
5.83829
3.50113
1.16674
35.8523
32.7965
29.9515
27.2709
24.7063
22.2221
19.794
17.4054
15.045
12.7048
10.379
8.06345
5.75504
3.45128
1.15014
35.6033
32.3686
29.4938
26.8351
24.3085
21.8663
19.4802
17.1326
14.8117
12.5097
10.221
7.94153
5.66848
3.39955
1.13293
35.0114
31.6902
28.8855
26.3072
23.8517
21.4711
19.1395
16.8409
14.5651
12.3052
10.0563
7.81506
5.57896
3.34616
1.11519
10.8063
12.419
14.0322
15.6465
17.2624
18.8811
20.5042
22.134
23.7741
25.4295
27.1078
28.82
30.582
32.4128
34.3092
10.7895
12.3685
13.9474
15.5262
17.105
18.6841
20.2643
21.8464
23.4319
25.0225
26.6202
28.2259
29.8363
31.4339
32.9602
10.7728
12.3182
13.8626
15.4058
16.947
18.4859
20.0221
21.555
23.0841
24.6081
26.1242
27.6266
29.1026
30.5257
31.8438
10.7564
12.2685
13.7791
15.287
16.7911
18.2901
19.7827
21.2672
22.741
24.2009
25.6413
27.0532
28.4214
29.7218
30.9179
10.7404
12.2205
13.6982
15.172
16.6401
18.1006
19.5513
20.9895
22.4116
23.8129
25.1865
26.5227
27.8075
29.0216
30.1407
10.7252
12.1746
13.6211
15.0624
16.4964
17.9206
19.3321
20.7275
22.1026
23.452
24.7687
26.0433
27.2639
28.4158
29.4828
10.711
12.1317
13.5489
14.96
16.3623
17.753
19.1287
20.4855
21.819
23.1236
24.3924
25.6172
26.7883
27.8944
28.9243
10.6979
12.0924
13.4828
14.8662
16.2398
17.6001
18.9438
20.2666
21.5639
22.8304
24.0597
25.2446
26.377
27.4486
28.4511
10.6862
12.057
13.4234
14.7822
16.1302
17.4638
18.7794
20.0728
21.3394
22.574
23.7709
24.9239
26.0262
27.0714
28.0531
10.6759
12.0261
13.3716
14.7089
16.0347
17.3453
18.637
19.9055
21.1465
22.3549
23.5257
24.6533
25.7322
26.757
27.7228
10.6672
12
13.3277
14.6469
15.9541
17.2456
18.5175
19.7656
20.9857
22.1731
23.3231
24.4309
25.4917
26.5009
27.4547
10.6602
11.9788
13.2922
14.5969
15.8891
17.1653
18.4214
19.6534
20.8571
22.0283
23.1624
24.2552
25.3023
26.2999
27.2446
10.6549
11.9628
13.2654
14.5591
15.8401
17.1047
18.3491
19.5692
20.7609
21.9201
23.0427
24.1246
25.162
26.1512
27.0895
10.6513
11.9521
13.2474
14.5337
15.8073
17.0643
18.3008
19.513
20.6968
21.8483
22.9633
24.0382
25.0692
26.0531
26.9872
10.6495
11.9467
13.2384
14.521
15.7908
17.044
18.2767
19.4849
20.6648
21.8124
22.9238
23.9951
25.0231
26.0044
26.9364
35.9186
36.4618
36.7124
36.8548
36.9495
37.0192
37.0739
37.1186
37.156
37.1881
37.2159
37.2402
37.2618
37.2809
37.2981
37.3134
37.3273
37.3398
37.3511
37.3613
37.3706
37.379
37.3867
37.3936
37.3999
37.4056
37.4108
37.4155
37.4197
37.4236
37.427
37.4301
37.4329
37.4353
37.4375
37.4393
37.4409
37.4423
37.4435
37.4444
37.445
37.4455
37.4458
37.4458
37.4457
37.4453
37.4447
37.4439
37.4429
37.4416
37.4401
37.4383
37.4363
37.434
37.4314
37.4285
37.4252
37.4216
37.4175
37.4131
37.4081
37.4027
37.3967
37.3901
37.3829
37.3749
37.3662
37.3566
37.346
37.3344
37.3217
37.3076
37.2921
37.275
37.2561
37.235
37.2116
37.1854
37.156
37.1227
37.0847
37.0409
36.9897
36.9287
36.854
36.7586
36.6292
36.4344
36.0917
35.3482
34.1454
34.8721
35.358
35.6981
35.9495
36.1444
36.3013
36.4312
36.5411
36.6355
36.7177
36.7899
36.8539
36.9108
36.9618
37.0076
37.0489
37.0861
37.1198
37.1504
37.1781
37.2033
37.2261
37.2468
37.2657
37.2828
37.2983
37.3123
37.325
37.3364
37.3467
37.3559
37.3642
37.3715
37.3779
37.3835
37.3883
37.3924
37.3958
37.3985
37.4006
37.402
37.4027
37.4029
37.4024
37.4013
37.3995
37.3971
37.394
37.3903
37.3858
37.3805
37.3745
37.3676
37.3598
37.3511
37.3413
37.3304
37.3183
37.305
37.2903
37.274
37.2561
37.2364
37.2148
37.1911
37.165
37.1363
37.1048
37.0701
37.0321
36.9901
36.9439
36.8928
36.8363
36.7737
36.704
36.6261
36.5387
36.44
36.3277
36.1986
36.0485
35.871
35.6567
35.3903
35.0466
34.5816
33.9171
32.9231
32.8768
33.6284
34.2126
34.6683
35.0301
35.3236
35.5668
35.7719
35.9475
36.0998
36.2331
36.3507
36.4553
36.5486
36.6322
36.7075
36.7754
36.8368
36.8923
36.9427
36.9885
37.03
37.0677
37.102
37.1331
37.1614
37.187
37.2102
37.2311
37.2501
37.2671
37.2823
37.2959
37.308
37.3187
37.3279
37.3359
37.3427
37.3483
37.3528
37.3562
37.3585
37.3598
37.36
37.3592
37.3573
37.3544
37.3505
37.3454
37.3391
37.3317
37.323
37.313
37.3016
37.2887
37.2743
37.2581
37.2401
37.2202
37.1981
37.1737
37.1468
37.1173
37.0847
37.049
37.0097
36.9666
36.9192
36.8672
36.81
36.7471
36.6779
36.6017
36.5176
36.4247
36.3217
36.2073
36.0797
35.9368
35.7761
35.5939
35.3859
35.1459
34.8657
34.5334
34.1324
33.638
33.0151
32.2165
31.1887
31.8774
32.6251
33.2517
33.773
34.2082
34.5745
34.8862
35.1542
35.3868
35.5905
35.7702
35.9297
36.0719
36.1993
36.3139
36.4171
36.5104
36.5949
36.6715
36.741
36.8041
36.8614
36.9135
36.9609
37.0039
37.0429
37.0783
37.1104
37.1394
37.1656
37.1892
37.2103
37.2291
37.2458
37.2605
37.2734
37.2844
37.2938
37.3016
37.3078
37.3125
37.3157
37.3174
37.3177
37.3166
37.3141
37.3101
37.3046
37.2975
37.2889
37.2786
37.2666
37.2527
37.237
37.2191
37.1991
37.1767
37.1518
37.1242
37.0937
37.0599
37.0227
36.9818
36.9368
36.8874
36.8331
36.7735
36.708
36.6361
36.5572
36.4705
36.3751
36.2701
36.1544
36.0266
35.8853
35.7286
35.5544
35.36
35.1421
34.8966
34.6183
34.3005
33.9344
33.5086
33.0081
32.4135
31.7012
30.8449
29.8229
31.0565
31.7957
32.4416
33.001
33.4846
33.9034
34.2678
34.5866
34.867
35.1151
35.3357
35.5326
35.7091
35.8679
36.011
36.1403
36.2574
36.3636
36.46
36.5475
36.6271
36.6995
36.7653
36.8251
36.8795
36.9289
36.9737
37.0143
37.051
37.0841
37.1139
37.1406
37.1645
37.1856
37.2043
37.2205
37.2346
37.2464
37.2563
37.2641
37.27
37.2741
37.2763
37.2767
37.2753
37.2721
37.267
37.26
37.2511
37.2402
37.2272
37.2119
37.1944
37.1744
37.1518
37.1265
37.0981
37.0666
37.0316
36.993
36.9503
36.9032
36.8514
36.7945
36.732
36.6633
36.5879
36.5052
36.4145
36.3148
36.2054
36.0852
35.9531
35.8076
35.6473
35.4703
35.2745
35.0575
34.8162
34.5471
34.2457
33.9068
33.5238
33.0884
32.5906
32.0185
31.3579
30.5937
29.7114
28.7014
30.3694
31.1002
31.7551
32.3376
32.8535
33.31
33.7144
34.0734
34.393
34.6785
34.9343
35.1641
35.3712
35.5581
35.7272
35.8804
36.0194
36.1456
36.2604
36.3648
36.4598
36.5462
36.6249
36.6964
36.7615
36.8206
36.8743
36.9229
36.9669
37.0066
37.0423
37.0743
37.1029
37.1283
37.1506
37.1701
37.1869
37.2012
37.2129
37.2224
37.2295
37.2343
37.237
37.2375
37.2358
37.2319
37.2258
37.2175
37.2068
37.1937
37.178
37.1598
37.1387
37.1148
37.0877
37.0573
37.0233
36.9855
36.9436
36.8972
36.846
36.7897
36.7276
36.6594
36.5845
36.5023
36.4121
36.3132
36.2047
36.0857
35.9551
35.8118
35.6544
35.4814
35.2911
35.0815
34.8502
34.5946
34.3117
33.9977
33.6482
33.2582
32.8216
32.3313
31.7791
31.1556
30.451
29.6555
28.761
27.7629
29.7897
30.5131
31.1724
31.7693
32.3073
32.791
33.2256
33.6161
33.9675
34.284
34.5696
34.8277
35.0614
35.2732
35.4654
35.64
35.7988
35.9434
36.0749
36.1947
36.3039
36.4033
36.4939
36.5763
36.6512
36.7194
36.7813
36.8373
36.8881
36.9339
36.9751
37.0121
37.0451
37.0744
37.1002
37.1227
37.1421
37.1586
37.1722
37.1831
37.1913
37.1969
37.2
37.2006
37.1986
37.1941
37.1871
37.1774
37.1651
37.1499
37.1319
37.1108
37.0865
37.0588
37.0275
36.9924
36.9531
36.9095
36.8611
36.8075
36.7485
36.6834
36.6118
36.5331
36.4468
36.352
36.2481
36.1342
36.0093
35.8724
35.7224
35.5579
35.3774
35.1794
34.9619
34.723
34.4601
34.1705
33.8512
33.4985
33.1083
32.6759
32.1961
31.6627
31.0693
30.4088
29.6742
28.8592
27.959
26.9713
29.3007
30.0178
30.679
31.2852
31.8385
32.342
32.7995
33.2146
33.5913
33.9332
34.2437
34.5258
34.7823
35.0157
35.2281
35.4217
35.5981
35.7589
35.9056
36.0393
36.1612
36.2724
36.3737
36.466
36.55
36.6264
36.6957
36.7586
36.8156
36.867
36.9133
36.9548
36.9918
37.0247
37.0537
37.079
37.1008
37.1193
37.1345
37.1467
37.156
37.1623
37.1658
37.1664
37.1642
37.1592
37.1513
37.1404
37.1265
37.1095
37.0892
37.0655
37.0382
37.0071
36.972
36.9326
36.8885
36.8395
36.7851
36.725
36.6587
36.5857
36.5054
36.4171
36.3203
36.2141
36.0976
35.9701
35.8303
35.6773
35.5096
35.326
35.1249
34.9046
34.663
34.3981
34.1075
33.7885
33.4379
33.0525
32.6283
32.1614
31.6469
31.08
30.4554
29.7679
29.0125
28.185
27.2824
26.3035
28.8905
29.6023
30.2642
30.8765
31.4407
31.9588
32.4335
32.8677
33.2646
33.627
33.9579
34.26
34.5357
34.7875
35.0174
35.2273
35.419
35.5941
35.754
35.9
36.0333
36.1549
36.2658
36.3668
36.4589
36.5426
36.6187
36.6877
36.7502
36.8066
36.8574
36.903
36.9437
36.9798
37.0117
37.0395
37.0634
37.0837
37.1005
37.1139
37.124
37.131
37.1348
37.1355
37.1331
37.1275
37.1188
37.1069
37.0916
37.073
37.0507
37.0246
36.9947
36.9605
36.9219
36.8786
36.8301
36.7763
36.7166
36.6506
36.5778
36.4977
36.4095
36.3127
36.2065
36.09
35.9624
35.8227
35.6697
35.5023
35.3191
35.1186
34.8994
34.6594
34.3969
34.1096
33.7952
33.451
33.0741
32.6614
32.2094
31.7144
31.1725
30.5796
29.9315
29.2242
28.4541
27.6184
26.715
25.7435
28.5507
29.2583
29.9202
30.5366
31.1085
31.6373
32.1251
32.5741
32.9867
33.3655
33.7129
34.0313
34.3229
34.5901
34.8346
35.0584
35.2631
35.4504
35.6217
35.7782
35.9213
36.0519
36.1711
36.2799
36.3789
36.4691
36.5511
36.6254
36.6927
36.7536
36.8083
36.8575
36.9013
36.9403
36.9746
37.0046
37.0304
37.0523
37.0704
37.0849
37.0958
37.1033
37.1074
37.1082
37.1056
37.0996
37.0902
37.0774
37.0609
37.0407
37.0167
36.9886
36.9562
36.9194
36.8778
36.831
36.7788
36.7207
36.6564
36.5852
36.5067
36.4203
36.3253
36.221
36.1066
35.9812
35.8439
35.6936
35.5291
35.3492
35.1526
34.9376
34.7027
34.4461
34.1657
33.8594
33.525
33.1598
32.7612
32.3262
31.8516
31.3343
30.7709
30.1579
29.492
28.7702
27.9896
27.1484
26.2451
25.2797
28.2753
28.9794
29.641
30.2602
30.8376
31.3743
31.8718
32.332
32.7568
33.1484
33.5089
33.8403
34.1448
34.4244
34.6808
34.916
35.1316
35.329
35.5097
35.6751
35.8264
35.9646
36.0908
36.206
36.311
36.4066
36.4935
36.5724
36.6438
36.7083
36.7665
36.8186
36.8652
36.9066
36.943
36.9749
37.0023
37.0255
37.0448
37.0601
37.0718
37.0797
37.0841
37.0849
37.0821
37.0758
37.0658
37.0521
37.0346
37.0132
36.9877
36.9578
36.9235
36.8843
36.8401
36.7905
36.735
36.6734
36.6051
36.5295
36.4462
36.3545
36.2537
36.1431
36.0217
35.8888
35.7432
35.584
35.4098
35.2195
35.0116
34.7845
34.5366
34.266
33.9709
33.6491
33.2983
32.9161
32.4999
32.0471
31.5547
31.02
30.4399
29.8117
29.1325
28.4
27.612
26.7671
25.8643
24.9037
28.0597
28.7611
29.4223
30.0433
30.6246
31.167
31.6717
32.1402
32.5742
32.9754
33.3459
33.6874
34.0019
34.2911
34.557
34.8012
35.0253
35.2308
35.4191
35.5916
35.7494
35.8937
36.0256
36.146
36.2558
36.3558
36.4467
36.5292
36.604
36.6715
36.7324
36.787
36.8358
36.8791
36.9173
36.9506
36.9794
37.0037
37.0238
37.0399
37.0521
37.0605
37.065
37.0659
37.063
37.0563
37.0459
37.0315
37.0132
36.9908
36.964
36.9328
36.8968
36.8558
36.8095
36.7575
36.6994
36.6348
36.5633
36.4842
36.397
36.301
36.1955
36.0797
35.9527
35.8137
35.6615
35.495
35.3131
35.1144
34.8974
34.6606
34.4023
34.1207
33.8138
33.4797
33.116
32.7205
32.2907
31.8241
31.3182
30.7702
30.1777
29.5381
28.8492
28.109
27.3157
26.4683
25.5662
24.6094
27.9006
28.6
29.2608
29.8831
30.467
31.0133
31.523
31.9974
32.4379
32.8462
33.2238
33.5726
33.8944
34.1909
34.4637
34.7146
34.945
35.1566
35.3505
35.5283
35.6911
35.84
35.9762
36.1005
36.2139
36.3172
36.4111
36.4964
36.5737
36.6436
36.7065
36.763
36.8134
36.8582
36.8977
36.9322
36.9619
36.9871
37.0079
37.0246
37.0372
37.0458
37.0505
37.0514
37.0484
37.0415
37.0307
37.0159
36.9969
36.9737
36.946
36.9137
36.8765
36.834
36.7861
36.7323
36.6723
36.6055
36.5315
36.4497
36.3595
36.2603
36.1512
36.0315
35.9004
35.7567
35.5995
35.4276
35.2398
35.0347
34.8109
34.5668
34.3007
34.0109
33.6953
33.352
32.9789
32.5735
32.1338
31.6572
31.1414
30.5839
29.9825
29.3349
28.6392
27.8936
27.0968
26.2479
25.3463
24.3923
27.7958
28.4938
29.1544
29.7773
30.3629
30.9117
31.4246
31.9028
32.3475
32.7602
33.1425
33.4962
33.8227
34.1239
34.4013
34.6566
34.8913
35.1068
35.3045
35.4859
35.6519
35.8039
35.9429
36.0699
36.1857
36.2912
36.3872
36.4744
36.5533
36.6247
36.689
36.7468
36.7983
36.8441
36.8845
36.9198
36.9501
36.9759
36.9972
37.0142
37.0271
37.0359
37.0407
37.0416
37.0386
37.0315
37.0205
37.0053
36.9859
36.9622
36.9339
36.9008
36.8628
36.8194
36.7704
36.7154
36.654
36.5858
36.5101
36.4265
36.3344
36.2329
36.1215
35.9992
35.8651
35.7184
35.5578
35.3823
35.1905
34.9812
34.7529
34.5039
34.2327
33.9373
33.616
33.2667
32.8872
32.4755
32.0292
31.5461
31.0238
30.4602
29.8531
29.2004
28.5004
27.7514
26.9524
26.1025
25.2014
24.2492
27.7437
28.4411
29.1015
29.7248
30.3112
30.8612
31.3756
31.8556
32.3023
32.7173
33.1019
33.4579
33.7868
34.0904
34.3701
34.6275
34.8643
35.0818
35.2815
35.4645
35.6323
35.7858
35.9262
36.0545
36.1715
36.2782
36.3752
36.4633
36.5431
36.6153
36.6803
36.7386
36.7908
36.8371
36.8779
36.9135
36.9442
36.9702
36.9918
37.009
37.022
37.0309
37.0358
37.0367
37.0336
37.0265
37.0153
37
36.9804
36.9564
36.9278
36.8944
36.8559
36.8121
36.7625
36.7069
36.6449
36.5759
36.4994
36.4149
36.3217
36.2192
36.1065
35.9829
35.8474
35.6991
35.5369
35.3595
35.1658
34.9544
34.7238
34.4724
34.1985
33.9005
33.5762
33.2239
32.8413
32.4264
31.9769
31.4905
30.9652
30.3985
29.7886
29.1334
28.4313
27.6807
26.8806
26.0303
25.1294
24.1781
33.1452
30.549
28.0429
25.6323
23.2914
20.9987
18.7391
16.5024
14.2815
12.0716
9.8692
7.67187
5.47788
3.28597
1.0952
31.3014
29.2131
27.0277
24.8258
22.6316
20.4497
18.2789
16.1168
13.9608
11.809
9.65977
7.51214
5.3654
3.21911
1.07302
29.7761
27.9738
26.0283
24.0112
21.9589
19.889
17.8098
15.7247
13.6357
11.5435
9.44855
7.35136
5.25234
3.15196
1.05075
28.5115
26.8769
25.1001
23.231
21.3033
19.3374
17.3459
15.3364
13.3135
11.2804
9.23937
7.19225
5.14053
3.08559
1.02874
27.4503
25.9216
24.2634
22.5091
20.6852
18.8109
16.8998
14.961
13.0011
11.0249
9.03611
7.03758
5.03182
3.02105
1.00734
26.5522
25.0952
23.5224
21.8563
20.117
18.321
16.4808
14.6063
12.7047
10.7819
8.84236
6.88997
4.928
2.9594
0.986896
25.7899
24.3839
22.8742
21.2762
19.6052
17.8747
16.0959
14.2783
12.4294
10.5553
8.66128
6.75178
4.8307
2.90158
0.967714
25.144
23.7758
22.3137
20.7687
19.1525
17.4762
15.7496
13.9813
12.1788
10.3484
8.4955
6.62503
4.74134
2.84843
0.950076
24.6008
23.2613
21.8355
20.3318
18.7595
17.1275
15.4445
13.7183
11.9559
10.1637
8.3471
6.51136
4.66109
2.80066
0.934217
24.1501
22.8324
21.4346
19.9632
18.4256
16.8295
15.1823
13.4912
11.7627
10.003
8.21772
6.41205
4.59089
2.75884
0.920327
23.7842
22.4833
21.1068
19.6603
18.1499
16.5821
14.9637
13.301
11.6004
9.8677
8.10852
6.32811
4.53148
2.72342
0.908558
23.4976
22.2091
20.8487
19.4209
17.9311
16.3851
14.789
13.1486
11.4699
9.75867
8.02036
6.26024
4.4834
2.69473
0.899024
23.2859
22.0063
20.6573
19.243
17.7681
16.238
14.6581
13.0341
11.3717
9.6765
7.95382
6.20896
4.44704
2.67303
0.891808
23.1464
21.8725
20.5309
19.1252
17.66
16.1402
14.5709
12.9578
11.3062
9.62155
7.90928
6.1746
4.42266
2.65847
0.886968
23.0771
21.806
20.468
19.0666
17.6061
16.0913
14.5274
12.9196
11.2734
9.59402
7.88695
6.15738
4.41044
2.65117
0.884539
)
;

boundaryField
{
    hot
    {
        type            fixedValue;
        value           uniform 10;
    }
    cold
    {
        type            fixedValue;
        value           uniform 0;
    }
    interface_left
    {
        type            fixedValue;
        value           nonuniform List<scalar> 
90
(
30.4433
30.4433
30.4433
30.4433
30.4433
30.4433
30.4433
30.4433
30.4433
37.1706
37.1706
37.1706
37.1706
37.1706
37.1706
37.1706
42.108
42.108
42.108
42.108
42.108
42.108
45.3258
45.3258
45.3258
45.3258
45.3258
45.3258
45.3258
47.1911
47.1911
47.1911
47.1911
47.1911
47.1911
47.1911
48.3668
48.3668
48.3668
48.3668
48.3668
48.3668
48.3668
48.4723
48.4723
48.4723
48.4723
48.4723
48.4723
47.7434
47.7434
47.7434
47.7434
47.7434
47.7434
47.7434
45.8672
45.8672
45.8672
45.8672
45.8672
45.8672
45.8672
42.8468
42.8468
42.8468
42.8468
42.8468
42.8468
42.8468
39.9931
39.9931
39.9931
39.9931
39.9931
39.9931
39.9931
37.4586
37.4586
37.4586
37.4586
37.4586
37.4586
37.4586
37.4586
37.4586
37.4586
37.4586
37.4586
37.4586
)
;
    }
    interface_right
    {
        type            fixedValue;
        value           nonuniform List<scalar> 
90
(
48.5529
48.5529
48.5529
48.5529
48.5529
48.5529
48.5529
48.5529
48.5529
48.5529
48.5529
48.5529
48.5529
48.5529
48.5529
48.5529
48.5529
48.5529
48.5529
48.5529
48.5529
48.5529
48.5529
48.5529
48.5529
48.5529
48.5529
48.5529
48.5529
48.5529
48.5529
48.5529
48.5529
48.5529
48.5529
48.5529
48.5529
48.5529
48.5529
48.5529
48.5529
48.5529
48.5529
48.5529
48.5529
48.5529
48.5529
48.5529
48.4723
47.7434
47.7434
47.7434
47.7434
47.7434
47.7434
47.7434
45.8672
45.8672
45.8672
45.8672
45.8672
45.8672
45.8672
42.8468
42.8468
42.8468
42.8468
42.8468
42.8468
42.8468
39.9931
39.9931
39.9931
39.9931
39.9931
39.9931
39.9931
37.4586
37.4586
37.4586
37.4586
37.4586
37.4586
37.4586
37.4586
37.4586
37.4586
37.4586
37.4586
37.4586
)
;
    }
    interface_top
    {
        type            fixedValue;
        value           uniform 37.4586;
    }
    interface_bottom
    {
        type            fixedValue;
        value           nonuniform List<scalar> 
90
(
30.4433
30.4433
30.4433
30.4433
30.4433
30.4433
30.4433
30.4433
30.4433
30.4433
30.4433
30.4433
30.4433
30.4433
30.4433
30.4433
30.4433
30.4433
30.4433
30.4433
30.4433
30.4433
30.4433
30.4433
30.4433
30.4433
30.4433
30.4433
30.4433
30.4433
30.4433
30.4433
34.5104
34.5104
34.5104
34.5104
34.5104
34.5104
34.5104
34.5104
34.5104
34.5104
34.5104
40.6281
40.6281
40.6281
40.6281
40.6281
40.6281
40.6281
40.6281
40.6281
40.6281
40.6281
40.6281
40.6281
44.8479
44.8479
44.8479
44.8479
44.8479
44.8479
44.8479
44.8479
44.8479
44.8479
44.8479
44.8479
44.8479
44.8479
47.7119
47.7119
47.7119
47.7119
47.7119
47.7119
47.7119
47.7119
47.7119
47.7119
47.7119
47.7119
47.7119
48.5529
48.5529
48.5529
48.5529
48.5529
48.5529
48.5529
)
;
    }
    defaultFaces
    {
        type            empty;
    }
}


// ************************************************************************* //
