/*--------------------------------*- C++ -*----------------------------------*\
| =========                 |                                                 |
| \\      /  F ield         | OpenFOAM: The Open Source CFD Toolbox           |
|  \\    /   O peration     | Version:  5.x                                   |
|   \\  /    A nd           | Web:      www.OpenFOAM.org                      |
|    \\/     M anipulation  |                                                 |
\*---------------------------------------------------------------------------*/
FoamFile
{
    version     2.0;
    format      ascii;
    class       volScalarField;
    location    "2";
    object      gradTx;
}
// * * * * * * * * * * * * * * * * * * * * * * * * * * * * * * * * * * * * * //

dimensions      [0 -1 0 1 0 0 0];

internalField   nonuniform List<scalar> 
6300
(
9250.81
9224.77
9172.58
9093.98
8988.66
8856.27
8696.51
8509.2
8294.42
8052.61
7784.75
7492.44
7178.04
6844.67
6496.25
9276.27
9250.36
9198.41
9120.13
9015.17
8883.09
8723.51
8536.14
8320.92
8078.17
7808.72
7514.08
7196.55
6859.3
6506.36
9327.06
9301.43
9249.99
9172.41
9068.23
8936.88
8777.77
8590.41
8374.45
8129.93
7857.4
7558.14
7234.34
6889.22
6527.05
9402.91
9377.72
9327.14
9250.73
9147.89
9017.85
8859.76
8672.73
8456.03
8209.2
7932.32
7626.26
7292.99
6935.76
6559.2
9503.35
9478.83
9429.53
9354.91
9254.19
9126.33
8970.12
8784.19
8567.21
8318
8035.91
7721.13
7375.16
7001.19
6604.38
9627.72
9604.14
9556.66
9484.62
9387.04
9262.6
9109.63
8926.17
8710.07
8459.17
8171.7
7846.72
7484.86
7089.04
6665
9775.08
9752.76
9707.74
9639.27
9546.18
9426.83
9279.07
9100.23
8887.17
8636.4
8344.47
8008.68
7628.05
7204.65
6744.81
9944.16
9923.47
9881.67
9817.96
9730.99
9618.87
9479
9307.96
9101.43
8854.22
8560.59
8214.99
7813.53
7356.26
6849.67
10133.3
10114.7
10076.9
10019.3
9940.34
9838.07
9709.5
9550.58
9355.78
9117.92
8828.15
8476.63
8054.33
7556.74
6989
10340.5
10324.3
10291.5
10241.3
10172.4
10082.9
9969.76
9828.48
9652.61
9432.96
9156.93
8808.5
8369.93
7826.89
7178.74
10563.3
10549.9
10522.7
10481.3
10424.5
10350.8
10257.5
10140.3
9992.62
9803.78
9557.52
9229.99
8789.46
8201.67
7447.69
10798.9
10788.5
10767.6
10735.9
10692.9
10637.7
10568.4
10482.1
10373.1
10231.4
10038.8
9763.9
9355.71
8742.1
7852.7
11044.2
11037
11022.6
11001.2
10972.9
10937.8
10895.8
10845.9
10785.8
10709.2
10601.7
10430.5
10126.8
9557.75
8519.87
11296
11291.9
11284
11272.7
11259.1
11244.3
11230.2
11219.3
11214.2
11217.4
11227.5
11229
11162.5
10841.7
9772.46
11551.2
11550
11547.9
11546
11545.6
11549.3
11560.9
11586
11633.7
11718.1
11861.1
12094.7
12451.8
12873.3
12592.8
6167.84
5864.56
5560.07
5257.34
4959.17
4668.13
4386.5
4116.2
3858.78
3615.41
3386.95
3173.89
2976.5
2794.78
2628.54
2477.46
2341.07
2218.79
2110
2013.96
1929.9
1856.98
1794.31
1740.94
1695.87
1658.05
1626.41
1599.84
1577.26
1557.63
1539.96
1523.36
1507.07
1490.45
1472.96
1454.19
1433.79
1411.44
1386.87
1359.82
1330.05
1297.34
1261.54
1222.55
1180.35
1134.99
1086.59
1035.28
981.192
924.42
864.996
802.875
737.928
669.956
598.701
523.87
445.148
362.216
274.75
182.417
84.8593
-18.3241
-127.596
-243.497
-366.653
-497.782
-637.676
-787.197
-947.247
-1118.75
-1302.63
-1499.77
-1711.03
-1937.2
-2179.01
-2437.11
-2712.02
-3004.15
-3313.71
-3640.71
-3984.86
-4345.52
-4721.64
-5111.74
-5513.8
-5925.34
-6343.4
-6764.6
-7185.29
-7601.61
6173.44
5865.91
5557.21
5250.46
4948.59
4654.3
4369.92
4097.41
3838.3
3593.75
3364.55
3151.16
2953.76
2772.31
2606.58
2456.17
2320.6
2199.27
2091.51
1996.6
1913.75
1842.13
1780.83
1728.9
1685.34
1649.08
1619.02
1594.02
1572.96
1554.74
1538.35
1522.86
1507.5
1491.64
1474.77
1456.51
1436.54
1414.6
1390.41
1363.71
1334.25
1301.78
1266.11
1227.15
1184.88
1139.37
1090.78
1039.28
985.064
928.25
868.897
806.963
742.309
674.711
603.884
529.507
451.249
368.786
281.803
189.988
93.0099
-9.50425
-117.995
-232.989
-355.112
-485.091
-623.744
-771.959
-930.674
-1100.85
-1283.43
-1479.33
-1689.44
-1914.56
-2155.44
-2412.75
-2687.08
-2978.87
-3288.42
-3615.82
-3960.87
-4323.01
-4701.28
-5094.23
-5499.86
-5915.65
-6338.54
-6765
-7191.18
-7613.02
6184.87
5868.59
5551.22
5236.21
4926.81
4625.91
4336
4059.06
3796.63
3549.78
3319.2
3105.21
2907.89
2727.06
2562.38
2413.38
2279.49
2160.07
2054.41
1961.77
1881.35
1812.31
1753.76
1704.74
1664.22
1631.12
1604.27
1582.47
1564.5
1549.17
1535.37
1522.12
1508.6
1494.22
1478.53
1461.23
1442.11
1420.95
1397.52
1371.56
1342.75
1310.78
1275.42
1236.52
1194.06
1148.2
1099.15
1047.21
992.676
935.748
876.53
814.988
750.953
684.145
614.21
540.767
463.443
381.905
295.858
205.04
109.181
7.97319
-98.9736
-212.156
-332.197
-459.847
-595.971
-741.525
-897.522
-1064.99
-1244.94
-1438.35
-1646.12
-1869.1
-2108.07
-2363.76
-2636.83
-2927.85
-3237.26
-3565.33
-3912.04
-4277.05
-4659.55
-5058.19
-5471.02
-5895.44
-6328.2
-6765.47
-7202.98
-7636.18
6202.5
5872.46
5541.48
5213.58
4892.48
4581.44
4283.12
3999.58
3732.28
3482.17
3249.73
3035.09
2838.1
2658.39
2495.46
2348.7
2217.43
2100.93
1998.45
1909.23
1832.46
1767.3
1712.88
1668.24
1632.35
1604.07
1582.17
1565.33
1552.18
1541.34
1531.54
1521.68
1510.91
1498.63
1484.56
1468.55
1450.56
1430.52
1408.26
1383.47
1355.76
1324.66
1289.81
1250.97
1208.16
1161.59
1111.67
1058.89
1003.74
946.555
887.527
826.624
763.615
698.108
629.621
557.651
481.747
401.557
316.83
227.397
133.107
33.7671
-70.9169
-181.389
-298.264
-422.334
-554.549
-695.981
-847.77
-1011.07
-1187
-1376.59
-1580.79
-1800.49
-2036.49
-2289.59
-2560.57
-2850.17
-3159.06
-3487.79
-3836.67
-4205.68
-4594.31
-5001.44
-5425.2
-5862.91
-6311.03
-6765.25
-7220.59
-7671.71
6227.01
5877.34
5526.96
5180.81
4843.36
4518.35
4208.69
3916.45
3642.96
3388.9
3154.44
2939.38
2743.25
2565.41
2405.12
2261.58
2133.97
2021.48
1923.31
1838.66
1766.74
1706.75
1657.83
1619.07
1589.44
1567.77
1552.72
1542.82
1536.45
1531.95
1527.75
1522.52
1515.3
1505.6
1493.32
1478.67
1461.92
1443.25
1422.59
1399.58
1373.6
1343.93
1309.91
1271.15
1227.64
1179.79
1128.3
1074.01
1017.72
960.031
901.241
841.314
779.896
716.394
650.081
580.235
506.264
427.782
344.627
256.796
164.353
67.3096
-34.4713
-141.342
-253.907
-373.027
-499.787
-635.448
-781.363
-938.886
-1109.28
-1293.68
-1493.06
-1708.28
-1940.16
-2189.56
-2457.36
-2744.54
-3052.11
-3381.03
-3732.11
-4105.84
-4502.2
-4920.48
-5359.01
-5815.08
-6284.78
-6763.05
-7243.9
-7720.7
6259.44
5882.86
5506
5135.21
4776.04
4432.88
4108.9
3806.09
3525.44
3267.2
3031.02
2816.22
2621.89
2447.01
2290.52
2151.39
2028.62
1921.31
1828.58
1749.65
1683.75
1630.15
1588.07
1556.68
1534.99
1521.84
1515.8
1515.16
1517.96
1522.06
1525.38
1526.15
1523.22
1516.21
1505.45
1491.75
1476
1458.8
1440.28
1419.93
1396.74
1369.43
1336.81
1298.13
1253.37
1203.23
1148.95
1092.01
1033.73
975.105
916.61
858.17
799.207
738.757
675.661
608.799
537.317
460.783
379.2
292.886
202.276
107.726
9.35849
-93.0387
-200.054
-312.652
-432.14
-560.079
-698.167
-848.08
-1011.32
-1189.11
-1382.4
-1591.96
-1818.51
-2062.88
-2326.1
-2609.41
-2914.25
-3242.18
-3594.73
-3973.18
-4378.3
-4810.08
-5267.3
-5747.32
-6245.84
-6756.8
-7272.66
-7784.82
6301.39
5888.41
5475.95
5072.57
4685.35
4319.53
3978.39
3663.58
3375.46
3113.51
2876.63
2663.42
2472.38
2301.98
2150.79
2017.5
1900.92
1800.02
1713.9
1641.78
1582.98
1536.88
1502.86
1480.23
1468.18
1465.6
1471.03
1482.49
1497.53
1513.23
1526.61
1535.06
1536.97
1532.16
1521.77
1507.75
1492.1
1476.23
1460.56
1444.32
1425.77
1402.56
1372.41
1333.87
1286.83
1232.61
1173.45
1111.92
1050.24
990.006
931.917
875.804
820.686
764.962
706.702
644.054
575.688
501.1
420.635
335.21
245.922
153.693
59.0439
-38.0309
-138.102
-242.298
-352.258
-470.026
-597.869
-738.008
-892.321
-1062.13
-1248.23
-1451.06
-1671.07
-1908.95
-2165.78
-2443.12
-2742.98
-3067.72
-3419.86
-3801.88
-4215.81
-4662.77
-5142.47
-5652.65
-6188.64
-6743.15
-7306.36
-7866.61
6355.26
5892.86
5432.52
4986.32
4563.58
4170.36
3809.73
3482.42
3187.62
2923.54
2687.98
2478.55
2292.98
2129.15
1985.17
1859.42
1750.52
1657.34
1578.95
1514.64
1463.84
1426.13
1401.14
1388.49
1387.65
1397.78
1417.49
1444.62
1476.05
1507.69
1534.88
1553.3
1560.34
1556.09
1543.27
1526.04
1508.46
1493.34
1481.6
1472.01
1461.48
1445.64
1420.07
1381.81
1330.62
1269.07
1201.38
1132.02
1064.7
1001.83
944.4
892.028
843.07
794.854
744.098
687.588
623.063
549.927
469.26
383.149
293.853
203.198
112.275
21.3449
-70.1555
-163.587
-261.071
-365.401
-479.797
-607.453
-750.924
-911.625
-1089.85
-1285.32
-1497.81
-1727.6
-1975.79
-2244.27
-2535.75
-2853.61
-3201.78
-3584.44
-4005.51
-4468.08
-4973.49
-5520.49
-6104.45
-6716.62
-7343.95
-7969.89
6424.81
5893.96
5368.4
4865.99
4399.02
3974.01
3592.82
3254.24
2955.32
2692.35
2461.52
2259.19
2082.15
1927.6
1793.19
1676.97
1577.41
1493.27
1423.66
1367.96
1325.79
1297
1281.6
1279.68
1291.27
1316.08
1353.19
1400.5
1454.22
1508.5
1555.68
1587.89
1599.93
1592.29
1571.05
1544.77
1521.23
1505.56
1499.47
1501.02
1504.79
1502.72
1485.98
1448.33
1389.32
1314.38
1231.71
1149.2
1072.74
1005.82
949.622
903.365
864.414
828.442
789.823
742.707
682.887
609.649
525.776
435.724
343.79
253.142
165.57
81.5951
0.624912
-78.9836
-159.971
-246.221
-342.564
-454.058
-584.643
-735.797
-906.572
-1095
-1299.5
-1519.67
-1756.45
-2012.17
-2290.37
-2595.7
-2933.89
-3311.46
-3735.26
-4211.47
-4744.34
-5334.84
-5979.32
-6667.9
-7383.16
-8100.58
6516.08
5887.06
5270.62
4694.3
4173.77
3714.3
3314.33
2968.74
2671.04
2414.71
2193.83
2003.29
1838.82
1696.94
1574.89
1470.46
1381.98
1308.19
1248.26
1201.71
1168.39
1148.51
1142.57
1151.35
1175.76
1216.63
1274.15
1347.08
1431.53
1519.45
1598
1651.44
1667.78
1647.99
1606.05
1559.49
1522.6
1503.95
1506.31
1526.76
1556.49
1580.88
1581.97
1545.57
1470.93
1370.79
1261.79
1157.65
1067.08
994.364
940.553
904.206
881.505
865.881
847.83
816.17
762.086
684.74
591.247
491.06
391.929
298.708
213.737
137.569
69.4962
7.65818
-51.2407
-112.45
-183.454
-273.111
-388.676
-531.643
-697.791
-881.449
-1078.57
-1287.69
-1509.75
-1747.61
-2005.77
-2290.34
-2609.12
-2971.75
-3389.33
-3873.06
-4431.96
-5071.17
-5790.38
-6580.42
-7418.91
-8268.07
6639.36
5861.65
5114.69
4441.98
3860.33
3368.69
2957.38
2614.12
2327.04
2085.91
1882.35
1709.72
1562.82
1437.65
1331.12
1240.91
1165.3
1103.09
1053.54
1016.34
991.593
979.885
982.292
1000.44
1036.52
1093.13
1172.83
1277.04
1403.76
1543.81
1676.4
1768.37
1787.56
1735.54
1647.61
1560.24
1497.64
1472.04
1487.05
1539.11
1615.84
1692.54
1731.89
1697.84
1589.25
1439.92
1284.87
1146.56
1035.7
955.705
906.359
885.428
888.441
906.861
925.487
921.979
874.846
783.141
666.416
544.935
431.606
332.445
249.273
181.932
129.433
90.1138
60.8651
35.4765
2.57093
-54.799
-153.191
-294.042
-463.728
-648.438
-840.271
-1037
-1240.19
-1453.69
-1683.06
-1935.58
-2221.05
-2552.75
-2947.98
-3426.19
-4003.68
-4692.06
-5499.13
-6422.86
-7438.91
-8488.07
6813.46
5791.63
4851.55
4058.27
3417.05
2907.17
2502.22
2178.4
1916.72
1702.86
1526.21
1378.98
1255.46
1151.42
1063.77
990.256
929.257
879.703
840.991
812.969
795.97
790.884
799.293
823.677
867.67
936.324
1036.17
1174.52
1356.72
1578.86
1813.21
1989.99
2009.82
1874.72
1688.31
1525.27
1419.33
1381.58
1414.39
1515.89
1675.17
1857.92
1987.49
1957.4
1766.19
1517.28
1283.81
1095.95
959.862
872.924
831.269
832.201
873.235
947.597
1035.08
1090.68
1051.86
917.635
748.498
587.126
450.934
343.206
262.06
204.966
170.435
158.109
167.456
194.273
223.873
222.637
143.487
-14.8606
-207.973
-405.106
-594.854
-776.941
-955.68
-1136.86
-1326.89
-1533.26
-1766.28
-2042.16
-2386.99
-2836.15
-3415.53
-4141.81
-5039.59
-6132.02
-7410.82
-8788.53
7076.09
5603.57
4376.7
3455.33
2784.39
2294.38
1930.11
1653.06
1437.44
1266.13
1127.61
1014.04
919.951
841.521
776.02
721.519
676.682
640.654
612.997
593.685
583.152
582.407
593.25
618.633
663.264
734.556
844.011
1008.81
1252.1
1596.26
2032.83
2437.52
2455.09
2087.71
1695.27
1408.02
1242.79
1189.45
1242.78
1409.41
1700.66
2099.82
2472.95
2448.93
2026.18
1572.36
1217.04
970.774
813.256
724.949
694.872
721.261
810.081
969.503
1190.65
1395.43
1366.34
1102.48
819.47
593.116
429.321
315.731
240.251
195.546
179.496
194.934
248.925
349.103
489.621
612.315
554.26
314.431
53.6227
-172.353
-360.416
-521.642
-667.591
-807.232
-947.115
-1092.5
-1249.68
-1432.16
-1675.62
-2058.46
-2615.67
-3344.4
-4299.48
-5572.48
-7239.96
-9223.63
7510.09
5061.35
3461.67
2491.58
1891.01
1500.38
1232.28
1039.14
894.284
782.105
693.033
620.96
561.847
512.953
472.382
438.822
411.385
389.515
372.952
361.726
356.207
357.215
366.239
385.84
420.433
477.798
572.114
730.023
1002.16
1480.52
2298.27
3442.36
3454.59
2336.66
1550.68
1115.01
905.045
843.697
907.958
1123.42
1570.71
2379.14
3530.22
3514.55
2330.84
1485.58
993.203
717.792
566.983
493.131
477.184
520.45
645.308
902.595
1369.87
2037.07
2019
1315.01
808.925
509.078
335.459
233.416
174.156
144.894
143.239
176.272
263.913
445.879
781.072
1262.31
1226.84
673.974
265.102
5.84295
-164.58
-288.297
-388.539
-477.201
-559.368
-634.67
-696.597
-734.28
-763.469
-1029.58
-1568.7
-2220.86
-3101.34
-4444.56
-6613.39
-9908.65
8304.69
3296.19
1639.78
995.577
695.182
529.851
426.423
355.611
304.019
264.757
233.932
209.181
188.995
172.369
158.621
147.284
138.046
130.714
125.203
121.531
119.844
120.463
123.977
131.44
144.788
167.807
208.612
286.719
455.186
875.999
2093.64
6076.92
6081.32
2107.5
901.548
496.931
353.26
317.032
355.378
503.558
920.654
2164.99
6267.48
6262.01
2148.08
890.611
456.91
285.372
209.89
177.938
174.241
202.172
289.877
533.374
1261.3
3665.69
3659.55
1242.65
501.475
243.317
138.559
89.5188
64.8879
54.5035
57.0521
78.992
143.092
322.034
862.251
2656.43
2644.49
826.208
261.169
56.142
-35.9724
-88.7313
-126.134
-156.491
-181.473
-196.068
-178.387
-48.5919
489.887
392.496
-358.86
-768.453
-1236.69
-2127.6
-4364.42
-11101
-8049.45
-8521.57
-8970.32
-9390.86
-9779.41
-10133.3
-10450.9
-10731.4
-10974.7
-11181.2
-11351.6
-11486.6
-11587
-11653.6
-11686.7
-8066.65
-8544.51
-8998.08
-9422.36
-9813.56
-10169.1
-10487.4
-10768
-11011
-11216.8
-11386.3
-11520.6
-11620.3
-11686.4
-11719.3
-8101.72
-8591.3
-9054.65
-9486.46
-9882.89
-10241.5
-10561.2
-10841.8
-11083.7
-11288
-11455.9
-11588.4
-11686.7
-11751.8
-11784.1
-8156
-8663.88
-9142.3
-9585.45
-9989.5
-10352.4
-10673.6
-10953.6
-11193.6
-11395.2
-11560.1
-11689.9
-11785.9
-11849.2
-11880.7
-8231.75
-8765.49
-9264.73
-9723.05
-10136.7
-10504.4
-10826.6
-11104.8
-11341.3
-11538.5
-11698.9
-11824.4
-11917
-11978
-12008.2
-8332.53
-8901.13
-9427.61
-9904.79
-10329.4
-10701.5
-11023
-11297.1
-11527.6
-11718.1
-11871.8
-11991.4
-12079.2
-12136.8
-12165.4
-8463.81
-9078.44
-9639.31
-10138.6
-10574.2
-10948.5
-11266.1
-11532.6
-11753.5
-11933.9
-12078.1
-12189.6
-12270.9
-12324.2
-12350.4
-8634.08
-9309.05
-9912.13
-10435.4
-10879.8
-11251.7
-11559.8
-11813
-12019.2
-12185.3
-12316.5
-12417.2
-12490.2
-12537.8
-12561.2
-8856.89
-9611.08
-10264.3
-10810.5
-11257.3
-11618.2
-11907.9
-12139.7
-12324.5
-12470.8
-12585
-12671.8
-12734.3
-12774.8
-12794.8
-9154.93
-10013.6
-10722.7
-11284.6
-11720.2
-12055.2
-12313.2
-12512.7
-12667.6
-12787.9
-12880.3
-12949.9
-12999.7
-13031.8
-13047.6
-9568.7
-10565.2
-11327.9
-11884.4
-12282.9
-12568.8
-12776.4
-12929.8
-13044.8
-13132
-13198
-13247.1
-13282
-13304.5
-13315.5
-10177
-11349.9
-12138.9
-12641.4
-12957.8
-13159.9
-13293.1
-13384.4
-13449.2
-13496.6
-13531.8
-13557.7
-13576.2
-13588
-13593.8
-11152.8
-12517.8
-13235.7
-13584
-13746.1
-13819.2
-13851.2
-13864.8
-13870.3
-13872.8
-13874.2
-13875.3
-13876.2
-13876.9
-13877.2
-12934.6
-14332.2
-14701.3
-14712.2
-14622.7
-14519
-14427.1
-14352.3
-14293.9
-14249.3
-14216.2
-14192.2
-14175.7
-14165.3
-14160.3
-16849.3
-17174.4
-16524.3
-15940.2
-15512.6
-15206.4
-14985
-14822.8
-14702.8
-14613.8
-14548.3
-14501
-14468.2
-14447.6
-14437.6
11785.6
11786.6
11789.1
11794.3
11803.9
11821.2
11850.8
11900.8
11983.9
12122.7
12358.1
12774.3
13574
15378.3
20639.7
11997.5
12000.2
12006.1
12016.3
12032.9
12059.1
12099.9
12163.4
12263.2
12422.7
12683.9
13125.2
13896
15254.2
17342.7
12207.1
12211
12219.5
12233.5
12254.8
12286.4
12332.6
12400.3
12500.5
12651.6
12883.9
13246.7
13809.5
14622.2
15503.8
12413.3
12418.2
12428.5
12445
12469.1
12503
12549.8
12614
12702
12823.6
12992.8
13228.6
13548.9
13941.7
14284.9
12615.6
12621.2
12632.7
12650.6
12676
12710.1
12754.4
12810.5
12879.6
12961.9
13054.8
13151.3
13237.4
13294.9
13312.2
12813.5
12819.5
12831.8
12850.5
12876.4
12909.6
12950.3
12997.5
13047.6
13092.2
13113.9
13080.5
12945.3
12675.4
12359.4
13006.7
13013
13025.7
13045
13071
13103.4
13141.2
13181.8
13218.7
13237.9
13210.6
13079.9
12746
12087.3
11195.1
13194.9
13201.5
13214.6
13234.4
13260.6
13292.8
13329.7
13368.1
13401.4
13415.3
13378.5
13219.8
12771.8
11660.8
9419.27
13378
13384.8
13398.4
13418.6
13445.5
13478.4
13516.4
13557.4
13597.1
13627.4
13630.4
13559.9
13257.3
12018.9
6094.81
13555.9
13562.9
13576.9
13597.8
13625.5
13659.9
13700.6
13747
13798.7
13857.7
13932.8
14060.7
14392.1
15630.3
21534.5
13728.3
13735.5
13749.9
13771.6
13800.4
13836.6
13880.2
13932.1
13994.8
14076.2
14198
14419.4
14896.7
16000.6
18212.9
13895.2
13902.6
13917.4
13939.8
13969.7
14007.4
14053.5
14109.1
14177.4
14266.1
14393.4
14599.7
14965.4
15600.6
16436.1
14056.3
14063.9
14079.2
14102.1
14133
14171.9
14219.6
14276.7
14345.2
14428.6
14533.2
14668.8
14846.1
15060.9
15248
14211.5
14219.3
14234.9
14258.4
14290
14329.9
14378.4
14435.8
14502
14575.7
14650.8
14708.3
14700.2
14539.6
14198.5
14360.8
14368.7
14384.6
14408.6
14440.7
14481.3
14530.5
14588.1
14652.9
14721.2
14780
14792.6
14659.7
14142.9
12920.8
14504
14512
14528.1
14552.4
14585
14626.2
14676.1
14734.7
14801
14872.6
14940.5
14977.4
14884.9
14235.5
10802.9
14641
14649.1
14665.3
14689.8
14722.8
14764.5
14815.1
14875.2
14945
15025.8
15122
15251.5
15496.3
16260
19743.7
14771.8
14779.9
14796.2
14820.8
14853.9
14895.9
14947.1
15008.2
15080.6
15167.8
15279.7
15445
15746.7
16395
17678.5
14896.3
14904.4
14920.7
14945.3
14978.4
15020.3
15071.6
15132.8
15205.4
15292.1
15399.5
15543
15755.8
16088.4
16513
15014.7
15022.7
15038.9
15063.3
15096.1
15137.7
15188.5
15249
15319.7
15401.4
15493.8
15592.4
15680.9
15717.2
15650.9
15126.8
15134.8
15150.7
15174.8
15207.2
15248.1
15298.1
15357.3
15425.8
15502.8
15583
15648
15641.7
15416.7
14751.3
15232.9
15240.7
15256.3
15279.9
15311.7
15351.8
15400.6
15458.5
15525.6
15601.3
15682
15752.7
15753.8
15421.2
13398
15332.9
15340.6
15355.8
15378.9
15409.8
15448.8
15496.3
15552.7
15618.7
15695.8
15787.4
15905.2
16097
16599.1
18720.2
15427.1
15434.5
15449.4
15471.7
15501.6
15539.4
15585.2
15639.6
15703.5
15779.5
15874.1
16005.6
16224
16652.3
17451.5
15515.5
15522.7
15537.1
15558.7
15587.5
15623.8
15667.6
15719.3
15779.4
15849.7
15934.7
16045.2
16204.8
16447.3
16745.9
15598.4
15605.3
15619.2
15640
15667.7
15702.4
15744
15792.5
15847.5
15909.1
15976.8
16050.1
16127.4
16202.7
16255.9
15675.9
15682.6
15695.9
15715.9
15742.5
15775.6
15815.1
15860.4
15910.6
15963.7
16014.5
16051.6
16050.9
15973
15810.9
15748.1
15754.6
15767.4
15786.6
15812.1
15843.8
15881.5
15924.4
15971.2
16019.2
16061.2
16079
16027.3
15801.1
15261.5
15815.3
15821.5
15833.9
15852.4
15876.9
15907.4
15943.6
15984.9
16030.5
16078.4
16124
16154
16124.2
15846.4
14345.5
15877.6
15883.6
15895.5
15913.4
15937.1
15966.5
16001.5
16042
16087.6
16138.7
16196.9
16269.9
16392.9
16740.6
18270.9
15935.1
15940.9
15952.5
15969.7
15992.6
16021.1
16055.1
16094.7
16140.3
16193.5
16259.1
16350.5
16505
16812.9
17391.5
15988.1
15993.7
16004.9
16021.6
16043.7
16071.3
16104.3
16142.7
16187.1
16239.1
16302.6
16386.8
16510
16696.6
16922.2
16036.5
16042
16052.8
16069
16090.5
16117.2
16149
16186
16228.1
16276.2
16331.3
16395.3
16470.3
16552.6
16617.7
16080.6
16085.9
16096.5
16112.2
16133.1
16159
16189.7
16225
16264.5
16307.8
16353
16395.8
16425.1
16419.9
16366.7
16120.4
16125.6
16135.9
16151.3
16171.7
16196.8
16226.5
16260.4
16297.8
16337.4
16375.9
16405
16403.2
16320
16086.9
16156
16161.1
16171.3
16186.4
16206.3
16230.9
16259.9
16292.8
16328.9
16367.1
16404.8
16435.2
16437.1
16323.6
15653.5
16187.4
16192.5
16202.5
16217.5
16237.1
16261.4
16289.9
16322.3
16358
16396.6
16438.1
16484.6
16550.7
16713
17399.9
16214.8
16219.8
16229.8
16244.7
16264.2
16288.3
16316.7
16348.9
16384.5
16423.7
16467.2
16519.9
16596.9
16737.6
16994.7
16238.1
16243.1
16253.1
16268
16287.6
16311.7
16340.2
16372.5
16408.1
16447
16489.4
16537.7
16598.2
16680.9
16776.2
16257.3
16262.3
16272.4
16287.4
16307.2
16331.6
16360.4
16393
16428.9
16467.3
16507
16546.4
16583.6
16614.9
16632
16272.4
16277.5
16287.7
16302.9
16323
16347.8
16377.3
16410.8
16447.5
16486.1
16524
16556.1
16572.5
16558.1
16508.1
16283.3
16288.5
16298.8
16314.3
16334.8
16360.4
16390.8
16425.6
16464.1
16504.8
16544.6
16576.1
16582.1
16525.6
16357.7
16290
16295.3
16305.8
16321.6
16342.7
16369
16400.6
16437.2
16478.5
16523.7
16570.4
16613.1
16634.7
16569.8
16099.1
16292.5
16297.8
16308.5
16324.6
16346.2
16373.4
16406.3
16445
16489.8
16540.8
16598.5
16664.3
16746.8
16895.3
17405.9
16290.6
16296
16306.9
16323.2
16345.3
16373.2
16407.3
16448
16496
16552.7
16620.2
16703.3
16812.3
16968.7
17191.8
16284.4
16289.8
16300.8
16317.3
16339.6
16368.1
16403.1
16445.3
16495.8
16556.4
16630.5
16723.9
16844.4
16995.2
17141.1
16273.7
16279.1
16290.1
16306.7
16329.1
16357.9
16393.3
16436.3
16487.8
16550.1
16626.9
16724.9
16854.8
17024.7
17200.1
16258.6
16264
16274.9
16291.3
16313.7
16342.3
16377.7
16420.6
16471.8
16533.2
16608
16703.3
16836.8
17049.7
17389.6
16239.1
16244.4
16255.1
16271.3
16293.3
16321.5
16356.4
16398.4
16448.2
16506.5
16574.2
16654.6
16763.1
16986
17823.6
16215.3
16220.4
16230.8
16246.5
16267.9
16295.4
16329.4
16370.2
16418
16472.5
16531.1
16585.8
16609.5
16494.9
15711.6
16187.3
16192.2
16202.1
16217.2
16237.7
16264.2
16296.9
16336.4
16382.7
16435
16490.2
16537.9
16551.3
16467.5
16200.7
16155.1
16159.8
16169.1
16183.4
16202.8
16227.9
16259.2
16297.3
16342.5
16395.1
16453.7
16513.2
16559.9
16566.7
16513.4
16119.1
16123.4
16132
16145.2
16163.3
16186.7
16216.2
16252.4
16296.6
16350.3
16416
16497
16595.8
16707.3
16797.8
16079.5
16083.3
16091.1
16103
16119.4
16140.7
16167.8
16201.4
16243.3
16296.6
16367.2
16467.7
16622.2
16861.8
17154.1
16036.4
16039.8
16046.6
16057
16071.3
16090.1
16114
16144
16181.6
16230.2
16296.9
16400.4
16589.1
16979.5
17722.2
15990.4
15993.2
15998.8
16007.5
16019.5
16035.3
16055.4
16080.6
16111.7
16150.4
16200.5
16273.2
16415.3
16852
18815.4
15941.6
15943.8
15948.2
15955
15964.4
15976.8
15992.6
16012.2
16035.7
16062.2
16087.7
16097.3
16036.3
15663.9
13726.6
15890.7
15892.2
15895.2
15899.9
15906.4
15915.2
15926.4
15940.4
15956.9
15974
15985.1
15969.8
15872.9
15561.6
14857.7
15837.9
15838.7
15840.3
15842.7
15846.3
15851.1
15857.6
15866.2
15876.9
15889.3
15900
15898.3
15857.5
15731
15510.5
15783.8
15783.9
15784
15784.1
15784.4
15785.1
15786.6
15789.6
15795
15805
15822.9
15853.1
15900.8
15964.9
16021.1
15728.9
15728.2
15726.8
15724.6
15721.5
15717.9
15713.9
15710.4
15709.1
15714.6
15736.3
15795.1
15931.8
16203.3
16581.8
15673.8
15672.3
15669.4
15664.8
15658.4
15650.1
15640.1
15628.8
15617.9
15612
15623.1
15682.2
15868.5
16366.6
17416.2
15618.8
15616.7
15612.3
15605.4
15595.7
15582.8
15566.4
15546.2
15522.3
15496.8
15475.8
15480.3
15587.9
16146.3
18990.7
15564.5
15561.7
15556.1
15547.1
15534.4
15517.1
15494.5
15465.2
15427.2
15377.6
15310.1
15205.8
14993.5
14337.5
11419.2
15511.2
15508
15501.3
15490.6
15475.3
15454.5
15426.5
15389.3
15339.2
15270.1
15169
15005.7
14706.4
14098.9
12965.5
15459.4
15455.8
15448.4
15436.5
15419.4
15395.9
15364.1
15321.5
15263.7
15184
15070.1
14899.2
14632.3
14224.8
13736.5
15409.2
15405.5
15397.7
15385.2
15367.1
15342.1
15308.4
15263.2
15202.5
15120.9
15010
14858.4
14655.2
14405.8
14180.4
15360.8
15357.1
15349.3
15336.8
15318.7
15293.7
15259.8
15214.7
15155.1
15077.3
14977.3
14852.8
14709.2
14569.3
14479.8
15314
15310.6
15303.3
15291.5
15274.3
15250.5
15218.2
15175.4
15119.4
15048.2
14960.6
14859.7
14759.7
14697.1
14729.2
15268.8
15265.8
15259.4
15249
15233.7
15212.2
15183.1
15144.2
15093.5
15029.6
14952.2
14865.2
14783.4
14758.3
15013.2
15224.8
15222.4
15217.4
15209
15196.5
15178.5
15153.7
15120.1
15075.9
15019.4
14949.6
14866.2
14766.8
14624.3
14250.6
15181.5
15180
15176.7
15171
15162
15148.7
15129.5
15102.6
15065.9
15017.6
14955.5
14877.5
14779.2
14649.9
14477.8
15138.3
15137.9
15136.7
15134.3
15129.7
15122
15109.6
15090.7
15063.1
15024.3
14971.6
14901.8
14812.2
14704.1
14598.9
15094.4
15095.3
15096.7
15098.1
15098.7
15097.6
15093.3
15083.9
15067
15039.8
14998.6
14938.9
14857
14755.4
14660.6
15049
15051.3
15055.6
15061.4
15068
15074.5
15079.6
15081.3
15077.1
15064
15037.4
14990.5
14914.4
14801.1
14670.1
15001.1
15005
15012.4
15023.1
15036.4
15051.5
15067.1
15081.6
15092.4
15096.6
15089.1
15061.5
14996.7
14858.2
14602.6
14949.5
14955.1
14966
14982
15002.6
15027.1
15054.5
15083.3
15111.4
15136.2
15153.8
15157.3
15129.1
14995.7
14371.8
14893.1
14900.4
14915
14936.6
14965
14999.7
15039.9
15084.4
15131.6
15179.7
15227
15274.2
15333.3
15473
16076.5
14830.5
14839.7
14858.1
14885.5
14922
14967.4
15021.2
15082.5
15150.1
15222.6
15299.2
15381.5
15480.3
15626.7
15862
14760.6
14771.6
14793.8
14827.1
14871.9
14928.2
14996.1
15075.1
15164
15261.6
15366.1
15476.2
15592.9
15716.9
15827.2
14682
14694.8
14720.6
14759.7
14812.6
14880
14962.4
15059.5
15170.8
15294.6
15427.8
15565.1
15698.8
15815.1
15885.6
14593.4
14607.9
14637
14681.5
14742.3
14820.5
14917.1
15032.9
15167.7
15319.9
15485.3
15655.2
15815.4
15943.6
16009.6
14493.8
14509.7
14541.8
14591
14658.8
14747
14857.5
14991.9
15151.3
15334.9
15538.2
15750.7
15952.8
16113.8
16196.2
14382.2
14399.1
14433.5
14486.5
14560.2
14657
14780.1
14932.4
15116.9
15334.9
15583.5
15852.2
16117.2
16337
16456.8
14257.8
14275.3
14311.1
14366.6
14444.4
14547.8
14681.1
14849.4
15058.1
15312.3
15613.6
15954.9
16311.4
16628.2
16817.3
14120.2
14137.8
14173.9
14230.2
14309.8
14416.7
14556.7
14737
14966.5
15255.8
15614.6
16045.8
16531.8
17006.7
17325.9
13969.3
13986.4
14021.5
14076.7
14155.1
14261.7
14403.3
14589.2
14832.1
15149.7
15563.8
16097.3
16758.5
17491.9
18072.8
13805.5
13821.4
13854.2
13905.8
13979.8
14081.4
14218
14400.5
14644.9
14975.5
15428.9
16058.9
16933.6
18081.4
19239.9
13629.7
13643.7
13672.6
13718.4
13784.4
13875.6
13999.7
14167.6
14396.5
14714.7
15169.9
15849.1
16917.5
18661.8
21228
13443.1
13454.6
13478.3
13515.9
13570.4
13646.2
13749.9
13891.1
14085.2
14357.7
14754.1
15367.9
16430.4
18670
25014.7
-27816.7
-20672.6
-18134.2
-16921.5
-16216.3
-15758.1
-15441.4
-15214.5
-15048.4
-14925.8
-14835.4
-14770
-14724.6
-14695.9
-14682.1
-23553
-20653.8
-18676.6
-17460.5
-16683.8
-16160.9
-15793.6
-15527.8
-15332
-15186.4
-15078.6
-15000.2
-14945.5
-14910.9
-14894.1
-21310.8
-19993.8
-18689.7
-17693.9
-16974.5
-16455
-16074.6
-15792
-15580
-15420.3
-15300.9
-15213.4
-15152
-15112.9
-15093.9
-19991.2
-19324.3
-18488.1
-17734.6
-17125.7
-16651.9
-16287.1
-16006.7
-15791
-15625.8
-15500.6
-15407.8
-15342.3
-15300.5
-15280.1
-19143
-18771.7
-18228.3
-17674.3
-17182.5
-16772.5
-16440.5
-16175.7
-15966.5
-15803
-15677.1
-15582.9
-15515.7
-15472.6
-15451.5
-18561
-18337.9
-17975.3
-17570
-17182
-16838.2
-16546.6
-16305.6
-16109.8
-15953.4
-15831.1
-15738.5
-15671.9
-15628.8
-15607.7
-18142.1
-18000.2
-17751.3
-17453.3
-17150
-16867.2
-16617.1
-16403.3
-16225
-16079.6
-15964.1
-15875.4
-15811.1
-15769.3
-15748.7
-17830.2
-17736.1
-17560.9
-17339.5
-17103
-16872.9
-16661.8
-16475.9
-16316.8
-16184.6
-16077.8
-15994.8
-15934.2
-15894.4
-15874.8
-17591.8
-17527.8
-17401.8
-17235.7
-17051
-16864.8
-16688.6
-16529
-16389.5
-16271.3
-16174.4
-16098.3
-16042.1
-16005.1
-15986.7
-17406.1
-17362
-17269.9
-17144.1
-16999.5
-16849.2
-16703.1
-16567.6
-16446.8
-16342.6
-16256
-16187.3
-16136.1
-16102.2
-16085.3
-17259.3
-17228.9
-17160.9
-17064.8
-16951.3
-16830.2
-16709.6
-16595.5
-16491.8
-16401.1
-16324.7
-16263.5
-16217.5
-16186.9
-16171.6
-17142
-17121.3
-17070.9
-16997.1
-16907.7
-16810.1
-16711
-16615.5
-16527.3
-16449
-16382.4
-16328.5
-16287.7
-16260.4
-16246.7
-17047.4
-17033.8
-16996.3
-16939.6
-16869.1
-16790.6
-16709.4
-16629.9
-16555.3
-16488.4
-16430.8
-16383.7
-16347.9
-16323.9
-16311.8
-16970.5
-16962.2
-16934.6
-16891
-16835.4
-16772.4
-16706
-16640.1
-16577.5
-16520.6
-16471.2
-16430.5
-16399.4
-16378.4
-16367.8
-16907.7
-16903.5
-16883.5
-16850
-16806.4
-16755.8
-16701.8
-16647.4
-16595.1
-16547.1
-16505
-16470.1
-16443.3
-16425.1
-16415.9
-16856.2
-16855.1
-16841
-16815.6
-16781.4
-16741.1
-16697.3
-16652.6
-16609.1
-16568.8
-16533.2
-16503.6
-16480.6
-16465
-16457.1
-16813.8
-16815.2
-16805.7
-16786.7
-16760.2
-16728.1
-16692.8
-16656.2
-16620.3
-16586.7
-16556.8
-16531.8
-16512.3
-16498.9
-16492.2
-16778.9
-16782.1
-16776.3
-16762.5
-16742.2
-16716.9
-16688.5
-16658.8
-16629.3
-16601.5
-16576.5
-16555.4
-16539
-16527.7
-16522
-16750
-16754.8
-16751.9
-16742.2
-16726.9
-16707.2
-16684.7
-16660.7
-16636.6
-16613.6
-16592.9
-16575.3
-16561.6
-16552.1
-16547.2
-16726.1
-16732.1
-16731.6
-16725.3
-16714.1
-16699
-16681.2
-16662
-16642.5
-16623.6
-16606.6
-16592
-16580.5
-16572.6
-16568.5
-16706.4
-16713.4
-16714.8
-16711.2
-16703.3
-16691.9
-16678.1
-16662.9
-16647.2
-16631.9
-16617.9
-16605.9
-16596.4
-16589.8
-16586.4
-16690.1
-16697.9
-16700.9
-16699.5
-16694.3
-16686
-16675.5
-16663.6
-16651.1
-16638.7
-16627.3
-16617.5
-16609.7
-16604.2
-16601.4
-16676.7
-16685.2
-16689.5
-16689.8
-16686.8
-16681.1
-16673.2
-16664.1
-16654.2
-16644.3
-16635.1
-16627.1
-16620.7
-16616.2
-16613.9
-16665.8
-16674.8
-16680.1
-16681.9
-16680.7
-16677
-16671.3
-16664.4
-16656.7
-16648.8
-16641.4
-16634.9
-16629.7
-16626
-16624.2
-16657
-16666.5
-16672.5
-16675.5
-16675.7
-16673.6
-16669.7
-16664.6
-16658.6
-16652.4
-16646.5
-16641.3
-16637.1
-16634.1
-16632.5
-16650.1
-16659.8
-16666.5
-16670.4
-16671.7
-16670.9
-16668.4
-16664.7
-16660.2
-16655.3
-16650.6
-16646.4
-16643
-16640.5
-16639.2
-16644.7
-16654.7
-16661.8
-16666.4
-16668.6
-16668.8
-16667.4
-16664.8
-16661.4
-16657.6
-16653.8
-16650.4
-16647.5
-16645.5
-16644.5
-16640.7
-16650.9
-16658.4
-16663.4
-16666.3
-16667.2
-16666.6
-16664.8
-16662.2
-16659.2
-16656.1
-16653.3
-16651
-16649.3
-16648.4
-16638
-16648.3
-16656
-16661.4
-16664.7
-16666.1
-16666
-16664.8
-16662.8
-16660.3
-16657.7
-16655.3
-16653.3
-16651.9
-16651.1
-16636.6
-16646.9
-16654.7
-16660.3
-16663.7
-16665.4
-16665.6
-16664.7
-16663
-16660.9
-16658.6
-16656.5
-16654.7
-16653.4
-16652.7
-16636.3
-16646.6
-16654.5
-16660
-16663.5
-16665.1
-16665.4
-16664.6
-16663
-16661
-16658.8
-16656.8
-16655.1
-16653.8
-16653.2
-16637.2
-16647.5
-16655.2
-16660.5
-16663.8
-16665.3
-16665.4
-16664.4
-16662.7
-16660.5
-16658.3
-16656.3
-16654.6
-16653.3
-16652.7
-16639.4
-16649.5
-16656.9
-16661.9
-16664.8
-16665.8
-16665.5
-16664.1
-16662
-16659.6
-16657.2
-16654.9
-16653.1
-16651.8
-16651.1
-16642.9
-16652.8
-16659.8
-16664.2
-16666.4
-16666.7
-16665.7
-16663.7
-16661
-16658.1
-16655.3
-16652.7
-16650.7
-16649.2
-16648.4
-16647.9
-16657.5
-16663.9
-16667.5
-16668.7
-16668
-16666
-16663.1
-16659.6
-16656
-16652.6
-16649.6
-16647.2
-16645.5
-16644.6
-16654.6
-16663.7
-16669.3
-16671.8
-16671.7
-16669.7
-16666.4
-16662.2
-16657.7
-16653.2
-16649
-16645.5
-16642.6
-16640.7
-16639.6
-16663.4
-16671.9
-16676.3
-16677.2
-16675.5
-16671.7
-16666.7
-16661
-16655.2
-16649.5
-16644.5
-16640.2
-16636.8
-16634.5
-16633.3
-16674.6
-16682.2
-16685.1
-16684
-16680
-16674
-16666.9
-16659.4
-16651.9
-16644.9
-16638.8
-16633.7
-16629.7
-16627
-16625.6
-16688.9
-16695.3
-16696
-16692.2
-16685.3
-16676.4
-16666.8
-16657
-16647.7
-16639.1
-16631.8
-16625.7
-16621.1
-16618
-16616.4
-16707.2
-16711.8
-16709.5
-16702
-16691.3
-16678.9
-16666.1
-16653.8
-16642.2
-16632
-16623.3
-16616.2
-16610.8
-16607.2
-16605.4
-16730.5
-16732.6
-16725.9
-16713.5
-16697.9
-16681.1
-16664.7
-16649.3
-16635.3
-16623.2
-16613
-16604.9
-16598.7
-16594.6
-16592.6
-16760.8
-16758.8
-16745.9
-16726.5
-16704.6
-16682.6
-16661.8
-16643.1
-16626.6
-16612.5
-16600.8
-16591.5
-16584.6
-16580
-16577.7
-16800.8
-16792.2
-16769.6
-16740.8
-16710.8
-16682.5
-16657.1
-16634.8
-16615.6
-16599.4
-16586.3
-16575.9
-16568.2
-16563.1
-16560.6
-16855.1
-16834.8
-16797.2
-16755.2
-16715.3
-16680
-16649.5
-16623.6
-16601.8
-16583.8
-16569.2
-16557.8
-16549.4
-16543.9
-16541.1
-16931.8
-16888.9
-16827.2
-16767.5
-16716.1
-16673.4
-16638.2
-16609
-16584.9
-16565.1
-16549.3
-16537
-16528
-16522.1
-16519.1
-17046.7
-16955.6
-16855.3
-16773.4
-16710.3
-16661.2
-16622
-16590.3
-16564.3
-16543.2
-16526.3
-16513.3
-16503.8
-16497.5
-16494.4
-17233.4
-17028
-16870
-16765.8
-16694.2
-16641.4
-16600.1
-16566.9
-16539.7
-16517.7
-16500.1
-16486.6
-16476.7
-16470.2
-16467
-17571.1
-17067.1
-16846.8
-16734.8
-16664.6
-16613
-16572.1
-16538.6
-16511
-16488.5
-16470.5
-16456.7
-16446.5
-16439.9
-16436.6
-17545.1
-16908.8
-16747.8
-16674.4
-16621.4
-16576.7
-16538.2
-16505.5
-16478.1
-16455.5
-16437.4
-16423.5
-16413.3
-16406.7
-16403.3
-15555.3
-16419.8
-16587.4
-16599.3
-16571.7
-16535.4
-16499.8
-16468.2
-16441.1
-16418.8
-16400.9
-16387.1
-16377
-16370.4
-16367.1
-16110.3
-16414.2
-16534.5
-16550.9
-16527.6
-16493
-16458.1
-16426.9
-16400.3
-16378.3
-16360.8
-16347.4
-16337.6
-16331.2
-16328
-16463.1
-16535.7
-16553.2
-16529.7
-16490.8
-16450.2
-16413.3
-16381.8
-16355.5
-16334.2
-16317.3
-16304.4
-16295.1
-16289
-16286
-16774.3
-16694.8
-16599.7
-16518.5
-16454.4
-16404.1
-16364.2
-16332.3
-16306.7
-16286.3
-16270.4
-16258.3
-16249.7
-16244
-16241.3
-17149.5
-16864.3
-16636.1
-16494.9
-16407.9
-16350.3
-16309
-16277.8
-16253.6
-16234.7
-16220.1
-16209.2
-16201.4
-16196.4
-16193.9
-17731.8
-16993.8
-16611.7
-16433.1
-16340.4
-16284.4
-16246
-16217.7
-16196.1
-16179.4
-16166.7
-16157.2
-16150.5
-16146.2
-16144.1
-18835.8
-16875.8
-16445.2
-16311
-16246.9
-16205.6
-16175.4
-16152.3
-16134.4
-16120.7
-16110.3
-16102.6
-16097.3
-16093.8
-16092.1
-13755.5
-15695.3
-16072.4
-16139.5
-16136.7
-16118.5
-16099.2
-16082.5
-16069.2
-16058.9
-16051.2
-16045.7
-16041.9
-16039.5
-16038.3
-14893.4
-15599.2
-15914
-16015.8
-16036.6
-16031.5
-16020.4
-16009.7
-16001.1
-15994.6
-15990
-15986.9
-15984.8
-15983.5
-15982.9
-15551.7
-15773.6
-15902.9
-15947.5
-15953.8
-15947.9
-15940.5
-15934.7
-15930.8
-15928.4
-15927.1
-15926.6
-15926.4
-15926.3
-15926.3
-16066.7
-16011.6
-15949.7
-15905.1
-15878.5
-15864.7
-15858.9
-15857.6
-15858.6
-15860.6
-15863
-15865.2
-15867
-15868.3
-15868.9
-16630.9
-16253.4
-15983.7
-15849.5
-15793.6
-15775.2
-15773.3
-15778
-15784.9
-15791.8
-15798.2
-15803.4
-15807.3
-15809.9
-15811.2
-17468.4
-16419.5
-15922.8
-15738.6
-15681.9
-15673.5
-15682.3
-15696.2
-15710.3
-15722.8
-15733.3
-15741.6
-15747.7
-15751.7
-15753.6
-19045.3
-16201.5
-15644.3
-15538.3
-15535.9
-15559.1
-15587
-15613.3
-15635.9
-15654.5
-15669.3
-15680.6
-15688.8
-15694
-15696.6
-11475.9
-14394.7
-15051.6
-15265.3
-15371.2
-15440.6
-15492.1
-15532.2
-15563.5
-15588
-15606.8
-15621
-15631
-15637.4
-15640.5
-13023.8
-14157.7
-14765.9
-15066.3
-15230.9
-15333.6
-15404.4
-15456.2
-15495.1
-15524.6
-15546.8
-15563.3
-15574.9
-15582.2
-15585.8
-13796.3
-14284.8
-14693
-14960.8
-15132.9
-15248.1
-15329.1
-15388.3
-15432.3
-15465.4
-15490.1
-15508.2
-15520.8
-15528.8
-15532.7
-14241.3
-14467
-14716.9
-14920.9
-15073.4
-15185.4
-15268.1
-15330
-15376.4
-15411.2
-15437.1
-15456
-15469.1
-15477.4
-15481.4
-14541.8
-14631.5
-14771.7
-14916
-15041.2
-15142.1
-15220.9
-15281.5
-15327.6
-15362.3
-15388.1
-15406.9
-15419.9
-15428.1
-15432
-14792
-14760.1
-14823
-14923.6
-15025
-15113.3
-15185.3
-15242.1
-15285.7
-15318.7
-15343.2
-15361
-15373.2
-15380.8
-15384.4
-15076.8
-14822
-14847.4
-14929.6
-15017.1
-15095
-15159.6
-15210.9
-15250.4
-15280.2
-15302.2
-15318
-15328.7
-15335.4
-15338.5
-14314.8
-14688.6
-14831.3
-14931.1
-15014.9
-15085.1
-15142.1
-15186.8
-15220.9
-15246.2
-15264.6
-15277.5
-15286.2
-15291.4
-15293.9
-14542.6
-14714.8
-14844.2
-14942.7
-15021.1
-15083.5
-15132.2
-15169.2
-15196.5
-15216.1
-15229.8
-15239.1
-15245
-15248.5
-15250
-14664.2
-14769.5
-14877.6
-14967.4
-15037.5
-15090.4
-15129.4
-15157.4
-15176.6
-15189.2
-15197.2
-15202
-15204.6
-15205.9
-15206.4
-14726.4
-14821.2
-14922.8
-15004.9
-15064.7
-15106
-15133.4
-15150.6
-15160.2
-15164.6
-15165.9
-15165.4
-15164.2
-15162.9
-15162.1
-14736.4
-14867.3
-14980.6
-15056.8
-15103.7
-15130.4
-15143.6
-15147.9
-15146.3
-15141.4
-15134.9
-15128.4
-15122.7
-15118.5
-15116.3
-14669.3
-14924.8
-15063.3
-15128.1
-15155.7
-15163.2
-15159
-15148.2
-15133.8
-15118.1
-15103.1
-15089.8
-15079.2
-15071.8
-15067.9
-14438.9
-15062.8
-15196
-15224.3
-15220.6
-15202.9
-15178
-15149.9
-15121
-15093.5
-15069
-15048.4
-15032.4
-15021.5
-15016
-16144.1
-15540.5
-15400.7
-15341.4
-15294.1
-15246.6
-15198.3
-15151
-15106.3
-15065.9
-15031.2
-15002.7
-14981.1
-14966.5
-14959.2
-15930.1
-15694.6
-15548.1
-15449.1
-15366.5
-15289.6
-15216.8
-15149
-15087.4
-15033.4
-14987.9
-14951.3
-14923.8
-14905.4
-14896.2
-15895.9
-15785.4
-15661.1
-15544.2
-15433.6
-15328.7
-15230.7
-15141.5
-15062.3
-14994.1
-14937.5
-14892.5
-14859.1
-14836.9
-14825.9
-15955
-15884.3
-15767.6
-15633.4
-15495.6
-15361.8
-15237.5
-15125.8
-15028.3
-14945.6
-14877.9
-14824.7
-14785.5
-14759.6
-14746.8
-16079.8
-16013.5
-15884.8
-15723.9
-15553.3
-15387.2
-15234.4
-15099.1
-14982.8
-14885.7
-14807.2
-14746.2
-14701.5
-14672.3
-14657.8
-16267.4
-16184.5
-16022.8
-15819.9
-15606.5
-15402.3
-15217.9
-15057.8
-14922.8
-14811.9
-14723.4
-14655.2
-14605.7
-14573.5
-14557.7
-16529.2
-16408.8
-16188
-15921.9
-15652
-15402.3
-15183.3
-14998
-14845
-14721.5
-14624.2
-14550.2
-14496.9
-14462.4
-14445.5
-16891.5
-16701.5
-16383.2
-16025.1
-15682.2
-15379.6
-15124.3
-14914.6
-14745.6
-14611.8
-14507.9
-14429.8
-14374
-14338
-14320.5
-17402.4
-17081.7
-16604.6
-16116.4
-15683.2
-15322.8
-15032.2
-14801.7
-14620.7
-14480.1
-14372.7
-14292.7
-14236.1
-14199.9
-14182.2
-18152.7
-17569.1
-16832.3
-16168.2
-15632.3
-15216.3
-14897.3
-14653.2
-14466.5
-14324.4
-14217.3
-14138.4
-14083
-14047.7
-14030.6
-19325
-18161.2
-17008.2
-16129.6
-15496.7
-15041.3
-14709.2
-14463.6
-14280.4
-14143.2
-14041.2
-13966.8
-13914.9
-13882
-13866
-21322.1
-18744.3
-16992.1
-15919
-15236.6
-14779.4
-14459.8
-14229.7
-14061.1
-13936.6
-13844.9
-13778.5
-13732.5
-13703.4
-13689.4
-25125.7
-18752.6
-16502.9
-15435.6
-14819
-14420.8
-14147
-13952
-13810.1
-13706.1
-13629.9
-13575.1
-13537.3
-13513.4
-13502
13228.1
13236.1
13252.7
13279.1
13317.6
13371.4
13445.1
13545.3
13681.6
13868.9
14129.4
14494.6
14993.8
15541.4
15194.2
12984
12987.6
12995.2
13007.3
13025.2
13050.4
13084.7
13130.2
13188.8
13261
13341.4
13406
13376.6
13021.4
11740.9
12735
12733.8
12731.6
12728.4
12724.2
12718.8
12711.6
12700.4
12680.9
12643.4
12567.5
12409.9
12083.5
11424.9
10187.8
12485.6
12479.7
12467.7
12449
12422.9
12387.8
12340.9
12277.6
12189.5
12063
11873.7
11581.2
11121.4
10405.5
9348.59
12240.8
12230.4
12209
12175.8
12129.3
12067.1
11985.3
11877.9
11735.4
11543.8
11281.7
10918.4
10414
9726.05
8831.63
12005.2
11990.6
11960.7
11914.6
11850.2
11764.8
11654.1
11511.9
11329.2
11094
10789.6
10395.4
9888.87
9251.94
8483.6
11782.9
11764.7
11727.5
11670.2
11590.8
11486.5
11353.1
11184.9
10974.4
10712
10386.1
9983.68
9493.06
8908.19
8235.02
11577.7
11556.4
11513.1
11446.7
11355.2
11236
11085.5
10898.9
10670.3
10392.5
10057.9
9658.98
9190.41
8651.74
8050.49
11392.5
11368.7
11320.5
11246.9
11146.1
11015.7
10852.9
10653.8
10414
10128.6
9792.86
9402.85
8956.83
8456.88
7910.33
11230
11204.2
11152.3
11073.1
10965.2
10826.8
10655.4
10448.2
10202.1
9913.99
9581.05
9201.69
8776.2
8307.69
7802.81
11092
11064.8
11009.9
10926.6
10813.7
10669.6
10492.5
10280.5
10031.3
9743.07
9414.61
9045.67
8637.62
8193.97
7720.63
10980.1
10951.8
10894.9
10808.7
10692.2
10544.3
10363.6
10148.7
9898.26
9611.35
9287.64
8927.76
8533.69
8109.02
7659.07
10895.3
10866.3
10807.9
10719.7
10600.9
10450.6
10267.7
10051.3
9800.66
9515.4
9195.81
8843.05
8459.42
8048.47
7615.07
10838.4
10808.9
10749.7
10660.3
10540.1
10388.3
10204.2
9987.1
9736.61
9452.74
9136.14
8788.25
8411.53
8009.49
7586.69
10809.9
10780.1
10720.5
10630.5
10509.6
10357.2
10172.6
9955.21
9704.89
9421.8
9106.75
8761.34
8388.06
7990.4
7572.79
10002.3
3960.46
1962.41
1185.33
822.844
623.124
497.901
411.843
348.784
300.403
261.991
230.679
204.616
182.555
163.625
147.196
132.804
120.098
108.806
98.7152
89.6542
81.4851
74.0936
67.385
61.2788
55.7067
50.6096
45.9361
41.6412
37.685
34.0318
30.6497
27.5098
24.5859
21.854
19.2918
16.8789
14.5963
12.4259
10.3509
8.35526
6.42353
4.5409
2.69295
0.865562
-0.955224
-2.7833
-4.63262
-6.51733
-8.45186
-10.4511
-12.5303
-14.7058
-16.9944
-19.4141
-21.9841
-24.7249
-27.6587
-30.8096
-34.204
-37.8709
-41.8424
-46.1541
-50.8462
-55.9639
-61.5588
-67.6903
-74.4269
-81.8494
-90.0531
-99.1525
-109.287
-120.627
-133.388
-147.842
-164.342
-183.355
-205.512
-231.688
-263.138
-301.718
-350.311
-413.648
-500.085
-625.86
-826.462
-1190.55
-1971.08
-3977.99
-10046.6
9011.06
6057.85
4128.79
2958.81
2234.05
1762.02
1437.25
1202.36
1025.17
886.82
775.721
684.451
608.062
543.138
487.253
438.638
395.971
358.245
324.678
294.651
267.669
243.326
221.29
201.28
183.061
166.43
151.213
137.258
124.432
112.615
101.701
91.5971
82.2157
73.4789
65.3151
57.6584
50.4475
43.6256
37.1391
30.9375
24.9728
19.1992
13.5723
8.04897
2.58708
-2.85508
-8.31902
-13.8464
-19.4796
-25.2616
-31.2368
-37.4512
-43.953
-50.7927
-58.024
-65.704
-73.8941
-82.6604
-92.0749
-102.216
-113.17
-125.033
-137.91
-151.92
-167.199
-183.897
-202.192
-222.285
-244.414
-268.86
-295.957
-326.112
-359.823
-397.711
-440.563
-489.389
-545.517
-610.724
-687.447
-779.116
-890.702
-1029.66
-1207.63
-1443.55
-1769.76
-2243.87
-2971.83
-4146.99
-6084.58
-9050.87
8452.73
6679.74
5201.61
4090.82
3281.08
2688.66
2247
1909.66
1645.53
1433.89
1260.81
1116.72
994.929
890.643
800.36
721.467
651.98
590.365
535.416
486.172
441.854
401.821
365.544
332.576
302.536
275.1
249.984
226.942
205.755
186.231
168.196
151.494
135.985
121.539
108.039
95.3769
83.4509
72.1673
61.438
51.1796
41.3128
31.7617
22.453
13.3157
4.2799
-4.72328
-13.7625
-22.9066
-32.2255
-41.7904
-51.6747
-61.9544
-72.709
-84.0219
-95.9817
-108.683
-122.226
-136.72
-152.284
-169.047
-187.15
-206.749
-228.019
-251.153
-276.37
-303.919
-334.082
-367.188
-403.618
-443.819
-488.326
-537.781
-592.965
-654.845
-724.633
-803.868
-894.544
-999.285
-1121.61
-1266.33
-1440.17
-1652.73
-1918.02
-2256.85
-2700.45
-3295.48
-4108.8
-5224.5
-6709.15
-8489.96
8103.97
6876.21
5744.85
4788.85
4014.8
3397.88
2906.28
2511.32
2190.1
1925.29
1704.01
1516.76
1356.48
1217.89
1096.98
990.671
896.581
812.82
737.883
670.548
609.819
554.866
504.995
459.618
418.231
380.399
345.742
313.929
284.663
257.683
232.752
209.658
188.207
168.224
149.547
132.025
115.52
99.9035
85.0525
70.8525
57.1938
43.9716
31.0848
18.4348
5.92528
-6.53915
-19.0534
-31.7128
-44.6138
-57.8551
-71.5379
-85.7674
-100.653
-116.311
-132.862
-150.437
-169.175
-189.226
-210.752
-233.93
-258.954
-286.038
-315.419
-347.359
-382.155
-420.142
-461.7
-507.267
-557.347
-612.532
-673.519
-741.141
-816.4
-900.521
-995.018
-1101.78
-1223.22
-1362.42
-1523.39
-1711.46
-1933.71
-2199.68
-2522.31
-2919.01
-3412.76
-4032.4
-4809.87
-5770.09
-6906.43
-8139.6
7865.92
6933.07
6034.91
5224.31
4521.79
3926.24
3426.08
3006.51
2653.21
2353.78
2098.02
1877.79
1686.65
1519.53
1372.44
1242.18
1126.21
1022.48
929.32
845.341
769.4
700.533
637.921
580.866
528.762
481.084
437.371
397.214
360.251
326.156
294.639
265.433
238.297
213.012
189.374
167.194
146.3
126.526
107.721
89.7383
72.4402
55.6942
39.3722
23.3498
7.50503
-8.28266
-24.1333
-40.1676
-56.5076
-73.2779
-90.6066
-108.626
-127.476
-147.301
-168.255
-190.501
-214.216
-239.587
-266.818
-296.13
-327.766
-361.991
-399.099
-439.416
-483.306
-531.179
-583.497
-640.791
-703.665
-772.823
-849.087
-933.424
-1026.99
-1131.16
-1247.63
-1378.45
-1526.19
-1694.03
-1886
-2107.19
-2364.07
-2664.81
-3019.66
-3441.08
-3943.43
-4541.59
-5247.19
-6061.37
-6963.47
-7900.43
7692.96
6939.16
6198.19
5503.52
4874.23
4316.8
3829.43
3405.92
3038.46
2719.11
2440.63
2196.72
1982.04
1792.19
1623.5
1472.96
1338.09
1216.82
1107.43
1008.47
918.714
837.116
762.778
694.921
632.864
576.01
523.831
475.858
431.669
390.885
353.166
318.198
285.699
255.406
227.08
200.496
175.449
151.742
129.193
107.629
86.8842
66.8002
47.224
28.0065
9.00178
-9.93462
-28.9465
-48.1782
-67.776
-87.889
-108.671
-130.279
-152.881
-176.649
-201.768
-228.432
-256.85
-287.245
-319.859
-354.953
-392.814
-433.754
-478.116
-526.281
-578.67
-635.756
-698.069
-766.21
-840.859
-922.801
-1012.94
-1112.32
-1222.18
-1343.97
-1479.43
-1630.62
-1800.04
-1990.72
-2206.32
-2451.3
-2730.99
-3051.73
-3420.8
-3846.16
-4335.68
-4895.55
-5527.61
-6225.34
-6969.56
-7726.67
7562.07
6926
6294.08
5687.97
5122.64
4606.01
4140.37
3724.26
3354.08
3025.3
2733.21
2473.3
2241.48
2034.17
1848.24
1681.03
1530.24
1393.92
1270.4
1158.23
1056.18
963.157
878.222
800.549
729.405
664.142
604.181
549.001
498.136
451.162
407.692
367.376
329.892
294.942
262.251
231.566
202.648
175.274
149.234
124.329
100.367
77.168
54.5542
32.354
10.3991
-11.4769
-33.44
-55.6567
-78.2955
-101.528
-125.532
-150.489
-176.59
-204.035
-233.035
-263.814
-296.609
-331.677
-369.294
-409.756
-453.388
-500.543
-551.607
-607.006
-667.21
-732.739
-804.177
-882.173
-967.464
-1060.88
-1163.37
-1276.01
-1400.06
-1536.97
-1688.41
-1856.34
-2043.08
-2251.29
-2484.11
-2745.15
-3038.52
-3368.74
-3740.54
-4158.47
-4626.14
-5145.03
-5712.85
-6321.62
-6956.31
-7595.16
7460.47
6906.09
6352.08
5813.07
5300.35
4821.27
4379.54
3976.03
3609.7
3278.33
2979.14
2709.14
2465.39
2245.13
2045.84
1865.26
1701.39
1552.45
1416.88
1293.31
1180.53
1077.45
983.117
896.689
817.401
744.57
677.58
615.875
558.949
506.343
457.634
412.439
370.401
331.192
294.509
260.067
227.603
196.868
167.626
139.655
112.743
86.6848
61.2828
36.3448
11.6818
-12.8928
-37.565
-62.5216
-87.9515
-114.047
-141.007
-169.036
-198.346
-229.161
-261.717
-296.263
-333.065
-372.406
-414.592
-459.952
-508.842
-561.65
-618.799
-680.749
-748.009
-821.138
-900.753
-987.541
-1082.26
-1185.78
-1299.05
-1423.14
-1559.29
-1708.86
-1873.44
-2054.8
-2254.96
-2476.17
-2720.98
-2992.15
-3292.64
-3625.46
-3993.4
-4398.67
-4842.33
-5323.5
-5838.45
-6379.83
-6936.26
-7493.07
7380.55
6884.85
6387.78
5899.64
5429.02
4982.21
4563.17
4173.83
3814.57
3484.67
3182.72
2906.89
2655.2
2425.64
2216.26
2025.23
1850.84
1691.55
1545.94
1412.73
1290.77
1179.02
1076.53
982.452
896.011
816.507
743.297
675.801
613.484
555.857
502.471
452.911
406.796
363.771
323.506
285.693
250.045
216.289
184.17
153.443
123.877
95.2473
67.3371
39.9357
12.836
-14.1668
-41.2767
-68.6984
-96.6393
-125.311
-154.929
-185.719
-217.914
-251.757
-287.507
-325.434
-365.829
-408.999
-455.276
-505.015
-558.601
-616.449
-679.01
-746.775
-820.279
-900.108
-986.905
-1081.37
-1184.29
-1296.51
-1418.99
-1552.76
-1699
-1858.98
-2034.11
-2225.97
-2436.26
-2666.81
-2919.59
-3196.61
-3499.87
-3831.2
-4192.03
-4583.07
-5003.95
-5452.71
-5925.38
-6415.65
-6914.9
-7412.77
7317.54
6864.83
6409.89
5960.33
5522.82
5102.62
4703.51
4327.84
3976.74
3650.39
3348.32
3069.55
2812.85
2576.83
2360.03
2161.01
1978.36
1810.76
1656.96
1515.79
1386.18
1267.12
1157.71
1057.11
964.54
879.291
800.71
728.197
661.199
599.205
541.743
488.376
438.7
392.338
348.939
308.174
269.735
233.331
198.689
165.545
133.65
102.763
72.6517
43.0879
13.8491
-15.2853
-44.535
-74.1207
-104.265
-135.197
-167.148
-200.36
-235.084
-271.582
-310.13
-351.018
-394.557
-441.076
-490.926
-544.487
-602.164
-664.395
-731.655
-804.456
-883.354
-968.951
-1061.9
-1162.93
-1272.79
-1392.35
-1522.51
-1664.28
-1818.74
-1987.06
-2170.49
-2370.37
-2588.11
-2825.16
-3082.97
-3362.94
-3666.32
-3994.08
-4346.7
-4724.02
-5124.87
-5546.9
-5986.32
-6437.84
-6894.77
-7349.45
7268.33
6847.26
6423.53
6003.02
5591.06
5192.1
4809.6
4446
4102.81
3780.77
3479.99
3200.1
2940.42
2700.05
2477.94
2272.97
2084
1909.92
1749.62
1602.06
1466.23
1341.2
1226.1
1120.09
1022.42
932.378
849.3
772.576
701.64
635.964
575.061
518.475
465.786
416.597
370.541
327.272
286.465
247.814
211.028
175.831
141.957
109.153
77.1696
45.7677
14.7105
-16.2361
-47.305
-78.7302
-110.748
-143.6
-177.534
-212.804
-249.676
-288.427
-329.349
-372.75
-418.954
-468.308
-521.183
-577.973
-639.104
-705.031
-776.245
-853.274
-936.687
-1027.1
-1125.17
-1231.62
-1347.2
-1472.76
-1609.16
-1757.35
-1918.33
-2093.16
-2282.93
-2488.79
-2711.87
-2953.28
-3214.09
-3495.19
-3797.28
-4120.71
-4465.39
-4830.57
-5214.73
-5615.43
-6029.19
-6451.53
-6877.11
-7300.01
7230.84
6832.78
6431.82
6032.74
5639.95
5257.3
4887.94
4534.28
4197.99
3880.13
3581.18
3301.2
3039.88
2796.69
2570.89
2361.63
2167.99
1989.02
1823.75
1671.24
1530.57
1400.85
1281.25
1170.95
1069.22
975.336
888.649
808.539
734.43
665.783
602.1
542.911
487.781
436.302
388.091
342.79
300.061
259.585
221.058
184.192
148.711
114.347
80.8427
47.9464
15.4107
-17.0092
-49.5571
-82.4778
-116.019
-150.432
-185.976
-222.918
-261.536
-302.117
-344.967
-390.405
-438.77
-490.423
-545.746
-605.15
-669.072
-737.981
-812.38
-892.808
-979.844
-1074.11
-1176.26
-1287.01
-1407.12
-1537.38
-1678.65
-1831.81
-1997.78
-2177.51
-2371.98
-2582.14
-2808.92
-3053.17
-3315.61
-3596.81
-3897.06
-4216.31
-4554.05
-4909.25
-5280.22
-5664.53
-6059.03
-6459.85
-6862.55
-7262.34
7203.72
6821.72
6436.71
6052.73
5673.62
5302.79
4943.15
4597.03
4266.18
3951.82
3654.67
3375.05
3112.92
2867.99
2639.75
2427.54
2230.62
2048.16
1879.31
1723.2
1578.98
1445.79
1322.85
1209.36
1104.59
1007.83
918.435
835.777
759.275
688.387
622.602
561.444
504.467
451.253
401.41
354.569
310.383
268.521
228.674
190.541
153.839
118.291
83.632
49.601
15.9425
-17.5963
-51.2674
-85.3236
-120.021
-155.62
-192.387
-230.598
-270.539
-312.509
-356.821
-403.803
-453.807
-507.2
-564.377
-625.757
-691.787
-762.947
-839.747
-922.733
-1012.49
-1109.64
-1214.84
-1328.8
-1452.27
-1586.01
-1730.84
-1887.61
-2057.18
-2240.42
-2438.18
-2651.3
-2880.52
-3126.51
-3389.77
-3670.61
-3969.05
-4284.78
-4617.07
-4964.7
-5325.9
-5698.34
-6079.1
-6464.75
-6851.44
-7235.1
7186.08
6814.27
6439.39
6065.06
5694.74
5331.6
4978.36
4637.29
4310.17
3998.3
3702.53
3423.34
3160.85
2914.94
2685.22
2471.19
2272.19
2087.49
1916.32
1757.86
1611.31
1475.84
1350.69
1235.08
1128.29
1029.62
938.419
854.059
775.959
703.569
636.377
573.899
515.682
461.304
410.364
362.489
317.323
274.531
233.795
194.811
157.288
120.944
85.508
50.7138
16.3001
-17.9912
-52.4177
-87.2377
-122.713
-159.109
-196.698
-235.762
-276.594
-319.497
-364.791
-412.811
-463.914
-518.476
-576.896
-639.601
-707.045
-779.711
-858.116
-942.811
-1034.38
-1133.45
-1240.69
-1356.77
-1482.45
-1618.48
-1765.66
-1924.79
-2096.69
-2282.17
-2482.02
-2696.97
-2927.67
-3174.65
-3438.26
-3718.67
-4015.72
-4328.95
-4657.49
-5000.05
-5354.82
-5719.55
-6091.47
-6467.43
-6843.95
-7217.37
7177.39
6810.53
6440.57
6070.94
5704.93
5345.57
4995.5
4656.96
4331.73
4021.14
3726.12
3447.2
3184.59
2938.23
2707.83
2492.92
2292.91
2107.12
1934.81
1775.2
1627.49
1490.89
1364.64
1247.98
1140.18
1040.56
948.45
863.237
784.336
711.194
643.296
580.155
521.317
466.354
414.864
366.469
320.81
277.551
236.369
196.957
159.021
122.277
86.451
51.2731
16.4799
-18.1897
-52.9959
-88.1998
-124.066
-160.862
-198.865
-238.358
-279.637
-323.009
-368.796
-417.338
-468.993
-524.141
-583.185
-646.555
-714.707
-788.129
-867.338
-952.889
-1045.37
-1145.4
-1253.64
-1370.79
-1497.57
-1634.74
-1783.07
-1943.36
-2116.4
-2302.98
-2503.84
-2719.67
-2951.06
-3198.48
-3462.23
-3742.35
-4038.66
-4350.6
-4677.24
-5017.26
-5368.85
-5729.78
-6097.37
-6468.62
-6840.19
-7208.64
-15261.5
-15610.1
-15060
-14558.4
-14191.5
-13929.8
-13741.6
-13604.6
-13504
-13430.1
-13376
-13337.3
-13310.6
-13293.9
-13285.9
-11792.7
-13078.8
-13435.5
-13465
-13400
-13319.2
-13246.6
-13187.6
-13142
-13107.6
-13082.3
-13064.3
-13052
-13044.4
-13040.7
-10232.7
-11475.2
-12136.7
-12464.4
-12622.6
-12698.9
-12736.4
-12756
-12767.2
-12774.5
-12779.9
-12784.1
-12787.2
-12789.4
-12790.5
-9389.69
-10451.3
-11170.2
-11632
-11925.7
-12115.8
-12242.9
-12331.2
-12394.9
-12442
-12477.3
-12503.4
-12522.1
-12534.2
-12540.1
-8870.38
-9768.72
-10459.6
-10966.2
-11331.1
-11594.4
-11786.8
-11929.8
-12037.7
-12119.9
-12182.4
-12229
-12262.3
-12283.7
-12294.2
-8520.76
-9292.47
-9932.17
-10440.9
-10836.8
-11142.5
-11378.7
-11562.1
-11705
-11816.2
-11902
-11966.6
-12012.9
-12042.8
-12057.5
-8271.04
-8947.15
-9534.56
-10027.3
-10431.5
-10758.8
-11022.3
-11233.7
-11402.6
-11536.6
-11641.4
-11721.1
-11778.6
-11815.9
-11834.3
-8085.67
-8689.53
-9230.55
-9701.15
-10101.8
-10437.8
-10716.8
-10946.5
-11133.9
-11285.1
-11404.7
-11496.5
-11563.2
-11606.7
-11628.1
-7944.86
-8493.8
-8995.93
-9443.89
-9835.6
-10172.8
-10459.4
-10700.3
-10900.2
-11063.8
-11194.6
-11295.9
-11369.8
-11418.2
-11442.2
-7836.85
-8343.93
-8814.48
-9241.83
-9622.83
-9957.21
-10246.6
-10493.8
-10701.8
-10873.9
-11012.9
-11121.2
-11200.8
-11253
-11278.9
-7754.28
-8229.68
-8675.26
-9085.09
-9455.64
-9785.51
-10074.9
-10325.2
-10538.2
-10716
-10860.7
-10974.2
-11057.8
-11113
-11140.3
-7692.43
-8144.34
-8570.85
-8966.63
-9328.08
-9653.19
-9941.33
-10192.8
-10408.7
-10590.1
-10738.7
-10855.7
-10942.3
-10999.5
-11027.9
-7648.24
-8083.52
-8496.25
-8881.54
-9235.82
-9556.8
-9843.29
-10095
-10312.3
-10496
-10647
-10766.4
-10855
-10913.6
-10942.7
-7619.73
-8044.36
-8448.15
-8826.5
-9175.89
-9493.86
-9778.95
-10030.5
-10248.6
-10433.5
-10585.9
-10706.7
-10796.5
-10856
-10885.6
-7605.76
-8025.19
-8424.57
-8799.46
-9146.37
-9462.78
-9747.09
-9998.49
-10216.8
-10402.2
-10555.3
-10676.8
-10767.2
-10827.1
-10856.9
)
;

boundaryField
{
    hot
    {
        type            calculated;
        value           nonuniform List<scalar> 
120
(
9257.31
9282.74
9333.46
9409.19
9509.46
9633.6
9780.64
9949.31
10138
10344.5
10566.6
10801.5
11046
11297
11551.5
11785.4
11996.9
12206.1
12412.1
12614.2
12812
13005.1
13193.3
13376.3
13554.1
13726.5
13893.3
14054.4
14209.6
14358.8
14501.9
14638.9
14769.7
14894.3
15012.6
15124.8
15230.9
15331
15425.2
15513.7
15596.7
15674.2
15746.5
15813.7
15876.1
15933.7
15986.6
16035.1
16079.2
16119.1
16154.7
16186.2
16213.5
16236.8
16256
16271.1
16282
16288.7
16291.2
16289.3
16283
16272.3
16257.2
16237.8
16214
16186
16154
16118.1
16078.5
16035.6
15989.7
15941.1
15890.3
15837.7
15783.8
15729.1
15674.1
15619.3
15565.1
15512
15460.3
15410.1
15361.7
15314.9
15269.6
15225.4
15181.8
15138.4
15094.2
15048.5
15000.1
14948.1
14891.2
14828.2
14757.9
14678.8
14589.9
14489.9
14378
14253.5
14115.8
13965.1
13801.6
13626.3
13440.3
13226.1
12983.1
12735.2
12487.1
12243.4
12008.8
11787.5
11583
11398.5
11236.4
11098.8
10987.1
10902.6
10845.8
10817.3
)
;
    }
    cold
    {
        type            calculated;
        value           nonuniform List<scalar> 
120
(
-11695
-11727.5
-11792.2
-11888.6
-12015.8
-12172.5
-12357
-12567
-12799.7
-13051.5
-13318.3
-13595.3
-13877.3
-14159.1
-14435.2
-14678.6
-14890
-15089.3
-15275
-15446.3
-15602.4
-15743.6
-15869.9
-15982.1
-16081.1
-16167.8
-16243.3
-16308.7
-16365.1
-16413.6
-16455.1
-16490.5
-16520.5
-16546
-16567.5
-16585.6
-16600.7
-16613.3
-16623.7
-16632.1
-16638.9
-16644.2
-16648.2
-16650.9
-16652.5
-16653
-16652.5
-16650.9
-16648.2
-16644.4
-16639.4
-16633
-16625.3
-16616
-16604.9
-16592
-16577.1
-16559.9
-16540.4
-16518.4
-16493.6
-16466.1
-16435.8
-16402.5
-16366.3
-16327.2
-16285.3
-16240.6
-16193.3
-16143.6
-16091.7
-16038
-15982.7
-15926.3
-15869.1
-15811.5
-15754.1
-15697.2
-15641.3
-15586.6
-15533.6
-15482.3
-15432.9
-15385.3
-15339.3
-15294.5
-15250.4
-15206.4
-15161.8
-15115.7
-15067
-15014.6
-14957.3
-14893.9
-14823.1
-14743.6
-14654.2
-14553.7
-14441.3
-14316.1
-14177.8
-14026.4
-13862.1
-13685.9
-13499.1
-13283.9
-13039.9
-12790.8
-12541.6
-12296.8
-12061.2
-11838.8
-11633.4
-11448.1
-11285.3
-11147.1
-11035
-10950
-10893
-10864.4
)
;
    }
    interface_left
    {
        type            calculated;
        value           nonuniform List<scalar> 
90
(
24628.9
18565.3
15914
14418.5
13310.4
12213.6
10728.3
7962.93
1168.73
26447.7
19652.1
16872
15320.7
13989.2
12094.4
7921.82
22631.7
18513.9
16734.3
15586.9
14279.4
11678.6
20463.2
17962.5
16898.1
16273.1
15712.8
14896.7
13083.9
19534.8
17762.1
17035.6
16641
16328
15924.5
15086.7
17965.5
17158.4
16823.2
16635.6
16475.1
16240.1
15695.5
17815.2
17321.2
17204.2
17280.1
17596
18502.9
15041.7
16010.9
16470.9
16830.9
17301.3
18199
20439.9
12102.7
14386.1
15381.7
16042.1
16783.2
18106.9
21371.9
9009.43
12242.6
13492.3
14088.6
14454.9
14776.9
15256.5
13965
14380.1
14551.7
14620.4
14605.8
14440.9
13855.8
16575.6
16006.6
15873.7
15904.6
16022.9
16212.9
16484.2
16867
17422.7
18282.2
19758.1
22708.3
29805
)
;
    }
    interface_right
    {
        type            calculated;
        value           nonuniform List<scalar> 
90
(
-33202.8
-25223.4
-21900.7
-20234.1
-19259
-18623.5
-18178.6
-17852.5
-17605.6
-17414.5
-17264.1
-17144.2
-17047.7
-16969.5
-16905.7
-16853.4
-16810.3
-16774.9
-16745.6
-16721.4
-16701.4
-16684.9
-16671.4
-16660.4
-16651.5
-16644.4
-16639
-16635
-16632.3
-16630.8
-16630.5
-16631.5
-16633.7
-16637.2
-16642.3
-16649.2
-16658.1
-16669.5
-16684.2
-16702.9
-16726.9
-16758.4
-16800.4
-16858.7
-16944.7
-17083.8
-17343.2
-17925.3
-18064.8
-14836.7
-15903.4
-16413.5
-16803.9
-17294.7
-18207.3
-20459.4
-12131
-14421.3
-15422.5
-16087.3
-16832.2
-18158.8
-21426.4
-9065.95
-12300.8
-13552
-14149.5
-14516.8
-14839.6
-15320
-14029.2
-14444.9
-14617
-14686.2
-14672
-14507.6
-13922.9
-16643.2
-16074.7
-15942.4
-15973.9
-16093.1
-16284.1
-16556.9
-16941.4
-17499.6
-18363
-19845.6
-22809
-29937.4
)
;
    }
    interface_top
    {
        type            calculated;
        value           nonuniform List<scalar> 
90
(
10002.3
3960.46
1962.41
1185.33
822.844
623.124
497.901
411.843
348.784
300.403
261.991
230.679
204.616
182.555
163.625
147.196
132.804
120.098
108.806
98.7152
89.6542
81.4851
74.0936
67.385
61.2788
55.7067
50.6096
45.9361
41.6412
37.685
34.0318
30.6497
27.5098
24.5859
21.854
19.2918
16.8789
14.5963
12.4259
10.3509
8.35526
6.42353
4.5409
2.69295
0.865562
-0.955224
-2.7833
-4.63262
-6.51733
-8.45186
-10.4511
-12.5303
-14.7058
-16.9944
-19.4141
-21.9841
-24.7249
-27.6587
-30.8096
-34.204
-37.8709
-41.8424
-46.1541
-50.8462
-55.9639
-61.5588
-67.6903
-74.4269
-81.8494
-90.0531
-99.1525
-109.287
-120.627
-133.388
-147.842
-164.342
-183.355
-205.512
-231.688
-263.138
-301.718
-350.311
-413.648
-500.085
-625.86
-826.462
-1190.55
-1971.08
-3977.99
-10046.6
)
;
    }
    interface_bottom
    {
        type            calculated;
        value           nonuniform List<scalar> 
90
(
8304.69
3296.19
1639.78
995.577
695.182
529.851
426.423
355.611
304.019
264.757
233.932
209.181
188.995
172.369
158.621
147.284
138.046
130.714
125.203
121.531
119.844
120.463
123.977
131.44
144.788
167.807
208.612
286.719
455.186
875.999
2093.64
6076.92
6081.32
2107.5
901.548
496.931
353.26
317.032
355.378
503.558
920.654
2164.99
6267.48
6262.01
2148.08
890.611
456.91
285.372
209.89
177.938
174.241
202.172
289.877
533.374
1261.3
3665.69
3659.55
1242.65
501.475
243.317
138.559
89.5188
64.8879
54.5035
57.0521
78.992
143.092
322.034
862.251
2656.43
2644.49
826.208
261.169
56.142
-35.9724
-88.7313
-126.134
-156.491
-181.473
-196.068
-178.387
-48.5919
489.887
392.496
-358.86
-768.453
-1236.69
-2127.6
-4364.42
-11101
)
;
    }
    defaultFaces
    {
        type            empty;
    }
}


// ************************************************************************* //
