/*--------------------------------*- C++ -*----------------------------------*\
| =========                 |                                                 |
| \\      /  F ield         | OpenFOAM: The Open Source CFD Toolbox           |
|  \\    /   O peration     | Version:  5.x                                   |
|   \\  /    A nd           | Web:      www.OpenFOAM.org                      |
|    \\/     M anipulation  |                                                 |
\*---------------------------------------------------------------------------*/
FoamFile
{
    version     2.0;
    format      ascii;
    class       volScalarField;
    location    "12.3";
    object      T;
}
// * * * * * * * * * * * * * * * * * * * * * * * * * * * * * * * * * * * * * //

dimensions      [0 0 0 1 0 0 0];

internalField   nonuniform List<scalar> 
6300
(
10.299
10.896
11.4903
12.0802
12.6639
13.2395
13.8054
14.3597
14.9008
15.4269
15.9365
16.4282
16.9005
17.3525
17.7832
10.2998
10.8986
11.4947
12.0864
12.6718
13.2492
13.8167
14.3728
14.9155
15.4431
15.9542
16.4472
16.9206
17.3734
17.8047
10.3016
10.9039
11.5035
12.0986
12.6876
13.2685
13.8395
14.3989
14.9449
15.4758
15.9898
16.4854
16.961
17.4156
17.848
10.3042
10.9118
11.5166
12.1171
12.7113
13.2974
13.8737
14.4383
14.9894
15.525
16.0435
16.5432
17.0223
17.4795
17.9138
10.3077
10.9223
11.5342
12.1417
12.7429
13.3361
13.9195
14.491
15.0489
15.5912
16.1159
16.6211
17.1051
17.5661
18.0029
10.3121
10.9354
11.5561
12.1724
12.7825
13.3846
13.9768
14.5573
15.1239
15.6747
16.2074
16.7201
17.2105
17.6767
18.117
10.3173
10.9511
11.5823
12.2091
12.8299
13.4427
14.0458
14.6371
15.2145
15.7759
16.3189
16.841
17.3398
17.8127
18.2577
10.3234
10.9693
11.6127
12.2519
12.8851
13.5106
14.1263
14.7305
15.3209
15.8952
16.4508
16.985
17.4946
17.9764
18.4277
10.3303
10.9901
11.6474
12.3006
12.948
13.5878
14.2183
14.8375
15.4432
16.0329
16.604
17.1532
17.6767
18.1704
18.6302
10.338
11.0132
11.686
12.3549
13.0183
13.6744
14.3215
14.9577
15.5811
16.1891
16.7788
17.3467
17.8882
18.3979
18.8697
10.3465
11.0386
11.7286
12.4147
13.0956
13.7697
14.4353
15.0907
15.7341
16.3632
16.9752
17.5663
18.1313
18.6629
19.1521
10.3557
11.0663
11.7748
12.4797
13.1797
13.8733
14.559
15.2355
15.9011
16.5541
17.1922
17.8117
18.4073
18.9699
19.4859
10.3656
11.0961
11.8245
12.5496
13.27
13.9845
14.6918
15.3909
16.0806
16.7598
17.4272
18.0807
18.7159
19.3232
19.8831
10.3761
11.1278
11.8775
12.624
13.3661
14.1027
14.8327
15.5554
16.2702
16.9769
17.6759
18.3677
19.0519
19.7233
20.3608
10.3873
11.1614
11.9336
12.7027
13.4676
14.2273
14.9808
15.7276
16.4675
17.2015
17.9315
18.662
19.4003
20.1569
20.9351
18.158
18.4834
18.7934
19.0883
19.3682
19.6338
19.8856
20.1242
20.3506
20.5654
20.7698
20.9645
21.1507
21.3293
21.5013
21.6678
21.8297
21.9879
22.1435
22.2973
22.4503
22.6031
22.7566
22.9115
23.0684
23.2279
23.3904
23.5563
23.7259
23.8993
24.0767
24.2581
24.4432
24.6321
24.8243
25.0197
25.2178
25.4183
25.6208
25.8246
26.0293
26.2341
26.4386
26.642
26.8435
27.0426
27.2386
27.4308
27.6186
27.8015
27.979
28.1505
28.3155
28.4734
28.6236
28.7656
28.8987
29.0223
29.1356
29.2379
29.3285
29.4067
29.4716
29.5226
29.5587
29.5789
29.5824
29.5679
29.5343
29.4803
29.4043
29.305
29.1807
29.0296
28.8499
28.6399
28.3976
28.121
27.8081
27.457
27.0657
26.6322
26.1548
25.6317
25.0615
24.443
23.7753
23.0579
22.2907
21.474
18.1797
18.5051
18.8149
19.1092
19.3886
19.6533
19.9041
20.1415
20.3666
20.5801
20.7831
20.9764
21.1611
21.3382
21.5088
21.6738
21.8343
21.9912
22.1455
22.2981
22.4498
22.6016
22.754
22.908
23.0641
23.2229
23.3849
23.5504
23.7197
23.893
24.0705
24.2519
24.4373
24.6265
24.8191
25.015
25.2137
25.4149
25.6181
25.8227
26.0282
26.2341
26.4395
26.6438
26.8463
27.0464
27.2432
27.4363
27.6249
27.8086
27.9869
28.1591
28.3249
28.4836
28.6347
28.7776
28.9117
29.0362
29.1505
29.2539
29.3456
29.4249
29.491
29.5432
29.5806
29.6023
29.6073
29.5946
29.5629
29.5109
29.4372
29.3402
29.2183
29.0698
28.8929
28.6856
28.4461
28.1724
27.8624
27.5141
27.1256
26.6947
26.2197
25.6988
25.1304
24.5132
23.8463
23.129
22.3613
21.5435
18.2235
18.5488
18.8581
19.1515
19.4295
19.6925
19.9411
20.1763
20.3988
20.6096
20.8097
21.0001
21.1819
21.3561
21.5238
21.6859
21.8436
21.9978
22.1495
22.2995
22.4488
22.5983
22.7488
22.9009
23.0554
23.2128
23.3737
23.5383
23.7072
23.8803
24.0577
24.2395
24.4254
24.6152
24.8087
25.0056
25.2055
25.4079
25.6126
25.8188
26.0261
26.2338
26.4412
26.6475
26.852
27.054
27.2526
27.4473
27.6376
27.8228
28.0025
28.1763
28.3436
28.504
28.6568
28.8016
28.9376
29.0641
29.1804
29.2859
29.3797
29.4611
29.5296
29.5842
29.6243
29.6489
29.6571
29.6478
29.6199
29.572
29.5027
29.4105
29.2935
29.1502
28.9787
28.7769
28.5431
28.2752
27.971
27.6285
27.2456
26.8201
26.3501
25.8335
25.2688
24.6543
23.9889
23.2721
22.5035
21.6834
18.29
18.6153
18.9238
19.2157
19.4915
19.7518
19.9973
20.2288
20.4474
20.654
20.8498
21.0358
21.2131
21.3829
21.5462
21.704
21.8574
22.0075
22.1551
22.3014
22.4471
22.5932
22.7405
22.8898
23.0418
23.1971
23.3563
23.5198
23.6878
23.8606
24.0382
24.2204
24.4071
24.598
24.7928
24.9912
25.1928
25.3972
25.604
25.8127
26.0227
26.2333
26.4437
26.6531
26.8607
27.0655
27.2669
27.4641
27.6567
27.8441
28.026
28.2019
28.3715
28.5343
28.6898
28.8373
28.9763
29.1058
29.2252
29.3337
29.4307
29.5154
29.5872
29.6454
29.6893
29.7182
29.7311
29.727
29.7048
29.6631
29.6005
29.5153
29.4059
29.2704
29.107
28.9137
28.6885
28.4293
28.134
27.8003
27.4261
27.009
26.5467
26.037
25.478
24.8678
24.2052
23.489
22.7191
21.8956
18.3802
18.7054
19.0129
19.3027
19.5755
19.832
20.073
20.2995
20.5127
20.7136
20.9035
21.0835
21.2548
21.4185
21.5758
21.7278
21.8755
22.02
22.1623
22.3034
22.4443
22.5858
22.7288
22.8743
23.0229
23.1753
23.3322
23.494
23.6611
23.8335
24.0112
24.1942
24.3821
24.5745
24.7711
24.9715
25.1753
25.3823
25.592
25.804
26.0177
26.2323
26.447
26.6607
26.8725
27.0813
27.2864
27.4869
27.6825
27.8727
28.0572
28.2359
28.4084
28.5744
28.7334
28.8847
29.0276
29.1612
29.2848
29.3974
29.4985
29.5874
29.6635
29.7263
29.7752
29.8096
29.8286
29.8314
29.8168
29.7835
29.7299
29.6543
29.555
29.4301
29.2776
29.0955
28.8819
28.6346
28.3514
28.0298
27.6676
27.2621
26.8107
26.3108
25.7601
25.1563
24.4977
23.7828
23.0112
22.183
18.4957
18.8209
19.1268
19.4138
19.6826
19.934
20.1691
20.389
20.5951
20.7886
20.9709
21.1432
21.3068
21.4629
21.6127
21.7573
21.8978
22.0352
22.1708
22.3053
22.4399
22.5755
22.7131
22.8536
22.9978
23.1465
23.3005
23.4602
23.626
23.798
23.9762
24.1603
24.3499
24.5443
24.7432
24.9461
25.1528
25.3628
25.5761
25.7922
26.0106
26.2305
26.4509
26.6704
26.8878
27.1019
27.3115
27.5161
27.7152
27.9085
28.0961
28.2779
28.4539
28.6239
28.7873
28.9434
29.0915
29.2304
29.3592
29.477
29.5831
29.677
29.7582
29.8264
29.8812
29.9222
29.9488
29.9601
29.955
29.9322
29.89
29.8266
29.7401
29.6285
29.4898
29.322
29.1231
28.8909
28.623
28.3172
27.9706
27.5804
27.1436
26.6572
26.118
25.5232
24.8703
24.1576
23.3842
22.5499
18.6385
18.9636
19.2675
19.5509
19.8143
20.0591
20.2865
20.498
20.6951
20.8794
21.0522
21.215
21.3691
21.5159
21.6565
21.7921
21.9238
22.0527
22.18
22.3065
22.4335
22.5619
22.6927
22.8269
22.9656
23.1096
23.2598
23.4169
23.5812
23.753
23.9321
24.118
24.3099
24.5071
24.7089
24.9148
25.1245
25.338
25.5554
25.7764
26.0007
26.2274
26.4552
26.6824
26.9072
27.1279
27.3433
27.5525
27.7553
27.9519
28.1425
28.3276
28.5074
28.6819
28.8507
29.013
29.1676
29.3132
29.4485
29.5725
29.6845
29.7839
29.8708
29.9449
30.0062
30.0548
30.09
30.1115
30.1179
30.108
30.0798
30.0313
29.9605
29.8651
29.7431
29.5925
29.4114
29.1975
28.9487
28.6623
28.3355
27.9651
27.5474
27.0787
26.5551
25.9728
25.3284
24.6193
23.844
23.0022
18.8112
19.1362
19.4376
19.716
19.9725
20.2087
20.4263
20.6272
20.8132
20.986
21.1473
21.2987
21.4415
21.5772
21.7069
21.8319
21.9533
22.0721
22.1896
22.3067
22.4245
22.5441
22.6667
22.7933
22.9251
23.0632
23.2087
23.3625
23.5252
23.6969
23.8776
24.0662
24.2617
24.4627
24.6681
24.8772
25.0901
25.307
25.5286
25.7551
25.9866
26.222
26.4597
26.6972
26.9318
27.1609
27.3831
27.5973
27.8037
28.003
28.1961
28.384
28.5677
28.7473
28.9227
29.0928
29.2559
29.41
29.5533
29.6846
29.803
29.9083
30.0007
30.0808
30.1489
30.2055
30.2504
30.2835
30.3035
30.3091
30.2979
30.2675
30.2153
30.1391
30.0367
29.9063
29.7459
29.5537
29.3275
29.0648
28.7624
28.4169
28.0239
27.5786
27.076
26.511
25.8789
25.1757
24.399
23.5479
19.0175
19.3425
19.6404
19.9122
20.1595
20.3846
20.5898
20.7775
20.9498
21.1088
21.2564
21.3942
21.5238
21.6465
21.7636
21.8764
21.9858
22.0931
22.1992
22.3052
22.4123
22.5216
22.6343
22.7516
22.8749
23.0056
23.1452
23.2947
23.4554
23.6275
23.8108
24.004
24.205
24.4113
24.6212
24.8337
25.0492
25.2688
25.494
25.7262
25.966
26.2126
26.4637
26.7154
26.9633
27.2034
27.4334
27.6526
27.8616
28.0622
28.2562
28.4459
28.6328
28.8181
29.0016
29.1818
29.3562
29.5215
29.6748
29.8143
29.9394
30.0502
30.1477
30.2331
30.3074
30.3719
30.4272
30.4733
30.5093
30.5334
30.5428
30.534
30.504
30.45
30.3699
30.2622
30.1254
29.958
29.7581
29.5235
29.2508
28.9362
28.5747
28.1602
27.6861
27.1452
26.5309
25.8373
25.0602
24.1979
19.2624
19.5874
19.8804
20.1431
20.3781
20.5887
20.7781
20.9493
21.105
21.2475
21.3789
21.501
21.6154
21.7233
21.8262
21.9251
22.021
22.1151
22.2083
22.3018
22.3965
22.4937
22.5946
22.7007
22.8135
22.9348
23.0665
23.2105
23.3684
23.5414
23.7292
23.93
24.1399
24.3543
24.5697
24.7851
25.0016
25.2217
25.4487
25.6857
25.9348
26.1959
26.466
26.7385
27.0053
27.2597
27.4986
27.7217
27.9311
28.1299
28.3219
28.5107
28.6996
28.8907
29.0843
29.2785
29.4688
29.6493
29.8152
29.964
30.0955
30.2106
30.3114
30.4002
30.4793
30.5508
30.6163
30.6766
30.7313
30.7781
30.8128
30.8304
30.8263
30.7974
30.742
30.6591
30.5481
30.4082
30.2381
30.0359
29.7988
29.5224
29.201
28.827
28.3914
27.8845
27.2965
26.6184
25.8432
24.9675
19.553
19.878
20.1637
20.4133
20.6314
20.8229
20.9921
21.143
21.2786
21.4017
21.5144
21.6185
21.7156
21.807
21.8939
21.9774
22.0583
22.1378
22.2166
22.2959
22.3765
22.4598
22.5469
22.6395
22.7393
22.8485
22.9696
23.1055
23.2592
23.4332
23.6283
23.8422
24.0678
24.2951
24.5177
24.7344
24.9482
25.164
25.3882
25.627
25.8855
26.1658
26.4641
26.7692
27.0642
27.3377
27.5857
27.8099
28.0149
28.2067
28.3913
28.5747
28.7625
28.9587
29.1654
29.3801
29.5947
29.7972
29.9793
30.1379
30.2741
30.3907
30.4915
30.5805
30.6612
30.7374
30.812
30.8873
30.9638
31.0392
31.1068
31.1571
31.1834
31.1822
31.1528
31.0957
31.0116
30.9009
30.7634
30.5979
30.4023
30.1725
29.9022
29.5817
29.1986
28.7396
28.1908
27.5385
26.7704
25.8785
19.9002
20.2246
20.4983
20.7283
20.9226
21.0886
21.2322
21.358
21.4698
21.5703
21.6616
21.7456
21.8235
21.8967
21.9662
22.0327
22.0973
22.1608
22.2238
22.2873
22.3523
22.4197
22.4909
22.5673
22.651
22.7443
22.8507
22.9743
23.1202
23.294
23.4999
23.737
23.9927
24.2421
24.4734
24.6874
24.891
25.0936
25.3061
25.5393
25.8043
26.1088
26.4519
26.8135
27.1534
27.4515
27.7063
27.9248
28.1171
28.293
28.4616
28.6318
28.8122
29.011
29.2341
29.4809
29.7371
29.9737
30.1763
30.3434
30.48
30.5927
30.6879
30.7716
30.849
30.9253
31.0057
31.0952
31.1973
31.3106
31.4245
31.5177
31.5791
31.6066
31.6025
31.5702
31.5125
31.4314
31.3279
31.2025
31.0541
30.8802
30.6747
30.4257
30.1145
29.7232
29.2335
28.6248
27.8748
26.9649
20.3223
20.6437
20.8956
21.0943
21.2542
21.386
21.4972
21.5929
21.6768
21.7515
21.819
21.8807
21.9378
21.9913
22.0419
22.0904
22.1375
22.1837
22.2297
22.2762
22.3239
22.3737
22.4266
22.4841
22.548
22.6209
22.7066
22.8104
22.9404
23.1078
23.326
23.6042
23.926
24.2143
24.4536
24.6547
24.8343
25.0086
25.1932
25.4053
25.6652
25.9958
26.4122
26.8883
27.3021
27.6271
27.8781
28.0769
28.2423
28.3889
28.5289
28.6733
28.8346
29.0273
29.2679
29.5673
29.9068
30.1985
30.4235
30.592
30.7194
30.8189
30.9001
30.9708
31.0374
31.1064
31.1855
31.2842
31.4135
31.5804
31.7712
31.9233
32.0226
32.0755
32.0921
32.0805
32.0462
31.993
31.9233
31.8391
31.7419
31.6326
31.509
31.3583
31.1448
30.8475
30.4466
29.9138
29.2086
28.2841
20.8562
21.1622
21.3689
21.5156
21.6257
21.7126
21.7839
21.8442
21.8965
21.9426
21.9841
22.0219
22.0568
22.0893
22.1202
22.1497
22.1783
22.2064
22.2345
22.2628
22.292
22.3226
22.3553
22.3912
22.4316
22.4786
22.5357
22.6083
22.7064
22.8478
23.0649
23.4082
23.9068
24.2567
24.4879
24.6523
24.7848
24.908
25.0401
25.2017
25.4237
25.7584
26.2859
27.052
27.5777
27.9086
28.1244
28.2762
28.3935
28.4937
28.5888
28.6899
28.8109
28.9739
29.2162
29.5953
30.1443
30.5186
30.7511
30.8988
30.9983
31.0703
31.1267
31.1751
31.2214
31.2721
31.3361
31.4283
31.5745
31.815
32.1726
32.404
32.5318
32.5959
32.6215
32.6224
32.6063
32.5774
32.5388
32.4935
32.4461
32.4046
32.3815
32.3804
32.2948
32.1201
31.8489
31.4503
30.8574
29.9517
21.5977
21.823
21.9282
21.989
22.0302
22.0612
22.0859
22.1066
22.1244
22.14
22.154
22.1667
22.1785
22.1894
22.1998
22.2097
22.2193
22.2287
22.2381
22.2477
22.2575
22.2678
22.2789
22.2911
22.305
22.3214
22.3418
22.369
22.4092
22.4783
22.6218
22.9879
24.1009
24.4694
24.6179
24.6951
24.7479
24.794
24.844
24.9104
25.0192
25.2429
25.815
27.5614
28.1329
28.3553
28.4618
28.5245
28.5687
28.6049
28.6392
28.6768
28.7261
28.8053
28.9667
29.3779
30.6324
31.042
31.2
31.274
31.3158
31.3434
31.364
31.3814
31.3983
31.4178
31.4453
31.4935
31.599
31.88
32.7548
33.0327
33.132
33.1708
33.1853
33.188
33.1837
33.1748
33.163
33.1501
33.1409
33.1493
33.2213
33.5231
33.5723
33.5308
33.4335
33.2659
32.9556
32.268
20.5221
19.4156
18.2439
17.0108
15.7207
14.3783
12.9887
11.5571
10.0887
8.58886
7.06262
5.51501
3.95094
2.37521
0.792508
20.5897
19.4802
18.3048
17.0674
15.7725
14.4251
13.0303
11.5935
10.12
8.615
7.08378
5.53131
3.9625
2.38211
0.794801
20.7256
19.6101
18.4271
17.181
15.8765
14.5189
13.1136
11.6663
10.1823
8.66715
7.12597
5.56381
3.98553
2.39584
0.799367
20.9317
19.8068
18.6121
17.3524
16.0331
14.6599
13.2386
11.7753
10.2756
8.74508
7.18895
5.61226
4.01984
2.41631
0.806168
21.2107
20.0726
18.8616
17.583
16.2431
14.8484
13.4054
11.9204
10.3995
8.84834
7.27227
5.6763
4.06515
2.44331
0.815139
21.5665
20.4109
19.178
17.8744
16.5075
15.0849
13.6137
12.1011
10.5533
8.97626
7.3753
5.75536
4.12102
2.47659
0.826192
22.0044
20.826
19.5646
18.2286
16.8272
15.3693
13.8632
12.3166
10.7361
9.12784
7.49709
5.84865
4.18687
2.51578
0.839201
22.5316
21.3234
20.0251
18.6478
17.203
15.7015
14.1529
12.5655
10.9464
9.30164
7.63637
5.95512
4.26191
2.5604
0.854006
23.1577
21.9103
20.564
19.1339
17.635
16.0803
14.4809
12.8458
11.1821
9.49566
7.7914
6.07338
4.34514
2.60984
0.870402
23.8955
22.5957
21.186
19.6883
18.1222
16.5034
14.8444
13.1543
11.4401
9.70726
7.95998
6.20169
4.4353
2.66335
0.888139
24.763
23.3903
21.8954
20.3106
18.6614
16.9664
15.2385
13.4864
11.7165
9.93303
8.13933
6.33793
4.53091
2.72004
0.906924
25.7857
24.3065
22.6942
20.9967
19.246
17.4619
15.6562
13.8361
12.006
10.1688
8.32616
6.47962
4.63023
2.77889
0.926422
27.0004
25.3551
23.5775
21.7353
19.8634
17.9783
16.0879
14.1954
12.3025
10.4095
8.51668
6.62398
4.73138
2.83881
0.946269
28.4591
26.5352
24.5246
22.5031
20.4934
18.4997
16.5211
14.5549
12.5986
10.6498
8.70683
6.76807
4.83234
2.89864
0.966086
30.2128
27.8013
25.482
23.2586
21.1066
19.0056
16.9414
14.9041
12.8867
10.8841
8.89249
6.90895
4.93116
2.95723
0.985501
10.3981
11.1938
11.9877
12.7786
13.5654
14.3469
15.1224
15.8914
16.6537
17.4106
18.1651
18.9241
19.7025
20.5341
21.5118
10.4084
11.2246
12.039
12.8504
13.6577
14.4598
15.2557
16.0447
16.8265
17.6021
18.374
19.1488
19.9401
20.7753
21.7038
10.419
11.2565
12.0922
12.9249
13.7535
14.5768
15.3935
16.2027
17.0036
17.7959
18.5807
19.3616
20.1468
20.9513
21.7959
10.4301
11.2896
12.1474
13.0023
13.853
14.6981
15.5364
16.3663
17.1863
17.9946
18.7899
19.5713
20.3397
21.0992
21.8579
10.4415
11.3239
12.2047
13.0825
13.9561
14.8241
15.685
16.5367
17.3769
18.2022
19.0085
19.7897
20.5383
21.2474
21.9161
10.4533
11.3594
12.2638
13.1655
14.063
14.955
15.8397
16.7149
17.5774
18.4229
19.2442
20.0303
20.7643
21.4231
21.9891
10.4655
11.3959
12.3249
13.2512
14.1736
15.0908
16.0009
16.9016
17.7897
18.66
19.504
20.3069
21.042
21.6629
22.1069
10.478
11.4335
12.3877
13.3395
14.2878
15.2313
16.1684
17.097
18.0141
18.915
19.792
20.6303
21.3987
22.0253
22.3482
10.4908
11.472
12.4521
13.4301
14.4051
15.3761
16.3416
17.3001
18.2494
19.1864
20.1067
21.002
21.8534
22.5983
22.9642
10.5039
11.5113
12.5178
13.5227
14.5252
15.5245
16.5196
17.5094
18.4929
19.4692
20.4383
21.4039
22.3817
23.4341
24.8402
10.5172
11.5512
12.5846
13.6168
14.6473
15.6756
16.7009
17.7229
18.7413
19.7567
20.772
21.7969
22.8577
24.024
25.4629
10.5306
11.5916
12.6521
13.712
14.7709
15.8285
16.8845
17.9387
18.9915
20.0438
21.0988
22.1647
23.2601
24.4241
25.7201
10.5441
11.6321
12.7201
13.8078
14.8953
15.9823
17.069
18.1553
19.2417
20.3287
21.4178
22.5116
23.6143
24.732
25.8696
10.5576
11.6728
12.7881
13.9037
15.0197
16.1362
17.2535
18.3717
19.4911
20.6119
21.7332
22.8518
23.9578
25.0258
26.0088
10.571
11.7132
12.8559
13.9992
15.1436
16.2895
17.4371
18.587
19.7394
20.8943
22.0501
23.2006
24.3272
25.378
26.2241
10.5844
11.7534
12.923
14.0939
15.2664
16.4412
17.6189
18.8002
19.9857
21.1759
22.3702
23.5654
24.7489
25.872
26.7193
10.5976
11.793
12.9893
14.1873
15.3875
16.5908
17.7981
19.0102
20.2285
21.4542
22.6893
23.938
25.212
26.557
28.1831
10.6105
11.8319
13.0544
14.2789
15.5063
16.7375
17.9736
19.2158
20.4657
21.7256
22.9987
24.2926
25.6255
27.0462
28.6771
10.6231
11.8699
13.118
14.3685
15.6223
16.8805
18.1445
19.4157
20.6959
21.9873
23.2933
24.6197
25.9775
27.3889
28.8909
10.6355
11.9069
13.1799
14.4556
15.735
17.0194
18.3103
19.6091
20.9179
22.2385
23.5735
24.9246
26.2917
27.6681
29.032
10.6474
11.9428
13.2399
14.5399
15.844
17.1536
18.4702
19.7954
21.1312
22.4795
23.8419
25.2178
26.5991
27.9554
29.2004
10.659
11.9775
13.2979
14.6213
15.9491
17.2827
18.6238
19.9741
21.3356
22.7104
24.1006
25.5068
26.9234
28.3194
29.5472
10.6701
12.0109
13.3536
14.6995
16.05
17.4065
18.7708
20.1447
21.5303
22.9302
24.3479
25.7882
27.2615
28.7997
30.5424
10.6807
12.0429
13.4069
14.7743
16.1464
17.5247
18.9109
20.3068
21.7147
23.1374
24.5789
26.0462
27.5541
29.1373
30.878
10.6909
12.0734
13.4579
14.8458
16.2384
17.6372
19.0439
20.4603
21.8885
23.3311
24.7915
26.2757
27.7937
29.3651
31.0186
10.7006
12.1026
13.5065
14.9138
16.3258
17.744
19.17
20.6054
22.052
23.5119
24.9874
26.481
27.9959
29.5352
31.0991
10.7099
12.1303
13.5527
14.9784
16.4088
17.8453
19.2893
20.7423
22.206
23.6816
25.1701
26.6711
28.1807
29.6876
31.1689
10.7186
12.1566
13.5965
15.0396
16.4873
17.941
19.402
20.8716
22.3513
23.8419
25.3437
26.8547
28.367
29.8572
31.2678
10.7269
12.1814
13.6379
15.0975
16.5616
18.0315
19.5084
20.9937
22.4886
23.994
25.5105
27.037
28.5679
30.0816
31.4838
10.7348
12.2049
13.6769
15.1521
16.6316
18.1168
19.6087
21.1088
22.6182
24.1381
25.6699
27.2156
28.7803
30.3828
32.1112
10.7421
12.227
13.7138
15.2035
16.6976
18.1971
19.7032
21.2171
22.7402
24.2736
25.8193
27.3806
28.9658
30.5961
32.3231
10.7491
12.2478
13.7484
15.2519
16.7596
18.2725
19.7919
21.3189
22.8545
24.4001
25.9572
27.5286
29.1196
30.7416
32.4125
10.7556
12.2673
13.7808
15.2972
16.8177
18.3433
19.8751
21.4143
22.9617
24.5183
26.0849
27.6623
29.2513
30.8524
32.4649
10.7617
12.2855
13.8112
15.3396
16.872
18.4095
19.953
21.5036
23.062
24.629
26.2046
27.7876
29.3741
30.9548
32.5125
10.7673
12.3025
13.8394
15.3791
16.9227
18.4712
20.0257
21.5871
23.1562
24.7334
26.3187
27.9098
29.5004
31.0726
32.5831
10.7726
12.3183
13.8656
15.4157
16.9697
18.5285
20.0933
21.6649
23.2442
24.8319
26.4281
28.032
29.639
31.2327
32.7423
10.7774
12.3328
13.8898
15.4496
17.0131
18.5816
20.1559
21.737
23.3261
24.9241
26.5319
28.1514
29.7862
31.4506
33.2104
10.7819
12.3461
13.912
15.4806
17.053
18.6302
20.2134
21.8034
23.4015
25.0089
26.6272
28.2596
29.9123
31.6017
33.3662
10.7859
12.3582
13.9322
15.5089
17.0893
18.6746
20.2658
21.8639
23.4701
25.0857
26.7124
28.353
30.0125
31.7001
33.4293
10.7895
12.3692
13.9505
15.5344
17.1221
18.7146
20.313
21.9184
23.5318
25.1544
26.7875
28.4329
30.0926
31.769
33.4627
10.7928
12.379
13.9667
15.5572
17.1514
18.7504
20.3552
21.967
23.5867
25.2153
26.8537
28.5023
30.1606
31.8253
33.4884
10.7957
12.3875
13.981
15.5772
17.1771
18.7818
20.3923
22.0097
23.635
25.269
26.9122
28.5645
30.2236
31.882
33.5206
10.7981
12.3949
13.9933
15.5944
17.1993
18.8089
20.4244
22.0468
23.6769
25.3158
26.964
28.6215
30.2866
31.9519
33.5871
10.8002
12.4011
14.0037
15.609
17.218
18.8318
20.4514
22.078
23.7125
25.3558
27.0089
28.6728
30.3488
32.0422
33.778
10.8019
12.4062
14.0121
15.6207
17.2331
18.8503
20.4734
22.1034
23.7415
25.3886
27.0459
28.715
30.3985
32.1024
33.8408
10.8032
12.41
14.0185
15.6297
17.2447
18.8645
20.4903
22.123
23.7638
25.4139
27.0743
28.7468
30.4335
32.138
33.8647
10.8041
12.4127
14.023
15.636
17.2527
18.8744
20.502
22.1366
23.7794
25.4315
27.094
28.7682
30.4556
32.1577
33.8747
10.8045
12.4142
14.0255
15.6394
17.2572
18.8799
20.5085
22.1443
23.7882
25.4414
27.105
28.7799
30.467
32.1665
33.8778
10.8046
12.4145
14.0259
15.6401
17.2581
18.881
20.5099
22.1459
23.7902
25.4438
27.1077
28.7827
30.4691
32.1666
33.8747
10.8043
12.4136
14.0245
15.638
17.2554
18.8777
20.506
22.1415
23.7854
25.4386
27.1023
28.7771
30.4631
32.1587
33.8588
10.8037
12.4115
14.021
15.6331
17.2491
18.87
20.4969
22.1311
23.7736
25.4258
27.0887
28.7632
30.4498
32.1471
33.8511
10.8026
12.4082
14.0155
15.6255
17.2392
18.8579
20.4825
22.1144
23.7549
25.4051
27.0665
28.7406
30.4284
32.1303
33.8437
10.8011
12.4038
14.0081
15.6151
17.2258
18.8413
20.4629
22.0916
23.7289
25.3762
27.0352
28.7079
30.3968
32.1048
33.8327
10.7992
12.3982
13.9988
15.6019
17.2087
18.8204
20.4379
22.0626
23.6957
25.3389
26.9939
28.6634
30.3515
32.0651
33.8129
10.797
12.3915
13.9875
15.5861
17.1882
18.7951
20.4077
22.0273
23.6552
25.2929
26.9421
28.6055
30.2881
32.001
33.7705
10.7944
12.3836
13.9744
15.5676
17.1643
18.7655
20.3724
21.986
23.6076
25.2385
26.88
28.5338
30.2029
31.8972
33.6618
10.7914
12.3747
13.9594
15.5466
17.137
18.7319
20.3321
21.9389
23.5533
25.1764
26.8089
28.451
30.0999
31.744
33.3324
10.7881
12.3648
13.9428
15.523
17.1065
18.6942
20.2871
21.8862
23.4926
25.1073
26.7309
28.363
29.9997
31.6289
33.2194
10.7845
12.3538
13.9244
15.4972
17.073
18.6528
20.2374
21.8281
23.4257
25.0316
26.6466
28.2712
29.9042
31.5403
33.1672
10.7805
12.3419
13.9045
15.4691
17.0365
18.6077
20.1834
21.7648
23.3529
24.9492
26.5552
28.1732
29.8062
31.4574
33.1287
10.7762
12.3291
13.8831
15.4389
16.9973
18.5591
20.1252
21.6965
23.2742
24.8596
26.4551
28.0644
29.6949
31.3603
33.081
10.7717
12.3155
13.8603
15.4067
16.9555
18.5075
20.0632
21.6236
23.1897
24.7627
26.3449
27.9404
29.5588
31.2241
32.9925
10.7669
12.3011
13.8362
15.3728
16.9115
18.4529
19.9977
21.5465
23.1
24.6592
26.2251
27.8
29.3899
31.0158
32.7732
10.7619
12.2861
13.811
15.3373
16.8654
18.3958
19.9291
21.4658
23.0062
24.5505
26.0987
27.6489
29.1954
30.7156
32.1111
10.7567
12.2704
13.7848
15.3004
16.8175
18.3366
19.858
21.3822
22.9092
24.439
25.9703
27.5
29.0186
30.5016
31.8897
10.7514
12.2543
13.7578
15.2622
16.768
18.2754
19.7848
21.2963
22.8101
24.3259
25.8428
27.3583
28.8661
30.3529
31.7962
10.7458
12.2376
13.7299
15.223
16.7172
18.2128
19.7098
21.2087
22.7093
24.2118
25.716
27.2215
28.7278
30.234
31.7393
10.7402
12.2206
13.7015
15.183
16.6654
18.1488
19.6334
21.1194
22.6069
24.0962
25.5878
27.0838
28.5891
30.1153
31.6827
10.7344
12.2033
13.6725
15.1422
16.6126
18.0838
19.5559
21.0289
22.503
23.9785
25.4562
26.9391
28.4354
29.9676
31.5912
10.7285
12.1857
13.6431
15.1009
16.5592
18.018
19.4774
20.9374
22.3979
23.8589
25.3208
26.7848
28.2563
29.7559
31.3766
10.7226
12.1679
13.6133
15.0591
16.5052
17.9516
19.3984
20.8453
22.2921
23.7385
25.1834
26.625
28.0574
29.4597
30.7387
10.7166
12.1499
13.5833
15.0169
16.4508
17.8849
19.319
20.753
22.1864
23.6186
25.048
26.4711
27.879
29.2486
30.5243
10.7106
12.1317
13.553
14.9745
16.3961
17.8178
19.2395
20.6608
22.0813
23.5004
24.9166
26.3274
27.7267
29.1022
30.4334
10.7045
12.1135
13.5226
14.9319
16.3413
17.7507
19.16
20.5689
21.977
23.3838
24.7888
26.1912
27.5905
28.9862
30.3782
10.6983
12.0951
13.492
14.889
16.2862
17.6835
19.0806
20.4773
21.8733
23.2682
24.6623
26.0568
27.4564
28.8723
30.3242
10.6922
12.0766
13.4611
14.8459
16.231
17.6161
19.0013
20.386
21.77
23.153
24.5351
25.9186
27.3107
28.7329
30.2381
10.6859
12.0579
13.4301
14.8026
16.1755
17.5487
18.922
20.295
21.6672
23.038
24.4067
25.7739
27.1437
28.5355
30.0373
10.6796
12.039
13.3987
14.7589
16.1196
17.481
18.8427
20.2043
21.5652
22.9241
24.2791
25.627
26.9612
28.2612
29.4405
10.6732
12.0198
13.3669
14.7146
16.0633
17.4128
18.7632
20.1139
21.4643
22.8126
24.156
25.4894
26.802
28.0702
29.2424
10.6667
12.0003
13.3346
14.6697
16.0061
17.344
18.6832
20.0236
21.3645
22.7041
24.0397
25.3658
26.6731
27.9457
29.1627
10.66
11.9804
13.3015
14.6238
15.9479
17.2739
18.6022
19.9328
21.2652
22.5983
23.9296
25.255
26.5679
27.8593
29.122
10.6532
11.9599
13.2675
14.5767
15.888
17.2021
18.5195
19.8405
21.1653
22.4933
23.8233
25.1526
26.4773
27.7926
29.0954
10.6461
11.9387
13.2323
14.5279
15.8262
17.1279
18.4341
19.7455
21.0628
22.3867
23.717
25.0531
26.393
27.734
29.0738
10.6387
11.9166
13.1958
14.4772
15.7617
17.0505
18.3448
19.646
20.9556
22.2753
23.6066
24.9505
26.3074
27.676
29.053
10.6311
11.8937
13.1577
14.4241
15.6942
16.9691
18.2505
19.5405
20.8412
22.1556
23.487
24.8386
26.2133
27.6118
29.0298
10.6231
11.8697
13.1178
14.3685
15.6231
16.883
18.1502
19.4272
20.7171
22.0239
23.353
24.7103
26.1024
27.5337
29.0008
10.6147
11.8447
13.0761
14.3102
15.5481
16.7917
18.0429
19.3047
20.5809
21.8766
23.199
24.5575
25.964
27.4302
28.9596
10.606
11.8186
13.0326
14.249
15.4692
16.6948
17.9281
19.1721
20.4309
21.7105
23.0197
24.3711
25.7836
27.2825
28.8923
10.597
11.7915
12.9872
14.1851
15.3863
16.5925
17.8057
19.0289
20.2661
21.5236
22.8106
24.1421
25.5429
27.0574
28.7613
10.5877
11.7635
12.9402
14.1187
15.3
16.4852
17.6763
18.8757
20.0871
21.316
22.5705
23.8644
25.2229
26.7005
28.4497
31.975
28.8766
26.271
23.8851
21.6214
19.4351
17.3016
15.2056
13.1369
11.0885
9.05504
7.03263
5.01809
3.00883
1.00261
32.5321
29.5114
26.8352
24.3692
22.0352
19.7886
17.6026
15.4603
13.3501
11.2636
9.195
7.13947
5.09336
3.05359
1.01746
32.7643
29.9065
27.2527
24.7613
22.3879
20.0995
17.8731
15.6925
13.5464
11.4262
9.32565
7.23964
5.16414
3.09574
1.03147
32.8808
30.1593
27.5571
25.071
22.6812
20.367
18.1113
15.9005
13.7244
11.575
9.44601
7.33236
5.22988
3.13499
1.04451
32.9491
30.3285
27.7802
25.3133
22.9215
20.5936
18.3179
16.0841
13.8836
11.7094
9.55553
7.41719
5.29025
3.17112
1.05654
32.9936
30.4471
27.9464
25.5028
23.1169
20.7834
18.495
16.2443
14.0244
11.8294
9.65407
7.49395
5.3451
3.20403
1.06751
33.0247
30.5333
28.0722
25.6519
23.2756
20.9415
18.6456
16.3827
14.1476
11.9355
9.74187
7.56273
5.39446
3.23372
1.07742
33.0476
30.5979
28.1691
25.7699
23.4044
21.0728
18.7729
16.5014
14.2546
12.0285
9.81942
7.62384
5.43847
3.26027
1.08629
33.0649
30.6475
28.2448
25.8641
23.5093
21.1816
18.8801
16.6028
14.3469
12.1095
9.88741
7.67769
5.47742
3.28382
1.09417
33.0783
30.6861
28.3047
25.9398
23.595
21.2718
18.9701
16.6889
14.4261
12.1795
9.94662
7.72484
5.51165
3.30456
1.10112
33.0888
30.7167
28.3526
26.001
23.6651
21.3465
19.0457
16.7619
14.4938
12.2399
9.99791
7.76586
5.54154
3.32272
1.10721
33.0972
30.7413
28.3912
26.0508
23.7227
21.4086
19.1089
16.8235
14.5515
12.2916
10.0421
7.80138
5.56749
3.33852
1.11251
33.104
30.7611
28.4226
26.0915
23.7703
21.4602
19.162
16.8756
14.6005
12.3358
10.0801
7.832
5.58993
3.35221
1.11711
33.1095
30.7772
28.4482
26.125
23.8095
21.5031
19.2064
16.9195
14.6421
12.3734
10.1126
7.85829
5.60925
3.36401
1.12108
33.114
30.7903
28.4692
26.1526
23.8421
21.5389
19.2436
16.9564
14.6772
12.4055
10.1403
7.8808
5.62582
3.37415
1.12449
33.1177
30.8012
28.4865
26.1754
23.8691
21.5687
19.2747
16.9875
14.707
12.4326
10.1639
7.90001
5.64
3.38284
1.12742
33.1207
30.8101
28.5008
26.1943
23.8916
21.5936
19.3009
17.0137
14.7321
12.4556
10.184
7.91637
5.65209
3.39026
1.12992
33.1232
30.8175
28.5127
26.21
23.9103
21.6144
19.3228
17.0357
14.7533
12.4751
10.201
7.93027
5.66239
3.39658
1.13205
33.1253
30.8236
28.5225
26.223
23.9259
21.6318
19.3412
17.0543
14.7711
12.4916
10.2154
7.94207
5.67114
3.40196
1.13387
33.127
30.8287
28.5308
26.2339
23.939
21.6464
19.3566
17.0699
14.7862
12.5055
10.2276
7.95207
5.67856
3.40653
1.13541
33.1285
30.833
28.5376
26.2431
23.9499
21.6586
19.3696
17.083
14.7989
12.5172
10.2379
7.96054
5.68485
3.4104
1.13671
33.1297
30.8365
28.5433
26.2507
23.9591
21.6689
19.3805
17.094
14.8096
12.5272
10.2466
7.96771
5.69018
3.41368
1.13782
33.1307
30.8395
28.5481
26.2571
23.9667
21.6775
19.3896
17.1033
14.8186
12.5355
10.254
7.97377
5.69469
3.41646
1.13876
33.1315
30.842
28.5521
26.2624
23.9732
21.6847
19.3973
17.1111
14.8262
12.5426
10.2602
7.97889
5.69851
3.41881
1.13956
33.1322
30.8441
28.5555
26.2669
23.9786
21.6908
19.4038
17.1177
14.8326
12.5486
10.2655
7.98322
5.70173
3.42081
1.14023
33.1328
30.8458
28.5584
26.2707
23.9832
21.696
19.4093
17.1233
14.8381
12.5536
10.2699
7.98689
5.70447
3.42249
1.1408
33.1333
30.8473
28.5608
26.2739
23.987
21.7003
19.4139
17.128
14.8427
12.5579
10.2737
7.99
5.70678
3.42392
1.14128
33.1338
30.8486
28.5628
26.2767
23.9903
21.704
19.4179
17.132
14.8466
12.5615
10.2769
7.99264
5.70875
3.42513
1.14169
33.1341
30.8497
28.5646
26.279
23.9931
21.7072
19.4212
17.1354
14.8499
12.5646
10.2796
7.99488
5.71042
3.42616
1.14204
33.1345
30.8506
28.5661
26.281
23.9955
21.7099
19.4241
17.1384
14.8527
12.5672
10.2819
7.99679
5.71184
3.42704
1.14234
33.1347
30.8514
28.5674
26.2827
23.9976
21.7122
19.4266
17.1409
14.8552
12.5695
10.2839
7.99843
5.71306
3.42779
1.14259
33.135
30.8521
28.5685
26.2843
23.9995
21.7143
19.4288
17.1431
14.8573
12.5715
10.2856
7.99984
5.71411
3.42844
1.14281
33.1352
30.8528
28.5696
26.2857
24.0011
21.7161
19.4307
17.145
14.8591
12.5732
10.2871
8.00106
5.71501
3.42899
1.14299
33.1354
30.8534
28.5706
26.287
24.0027
21.7178
19.4324
17.1467
14.8608
12.5747
10.2884
8.00211
5.71579
3.42947
1.14315
33.1356
30.854
28.5715
26.2882
24.0041
21.7194
19.4341
17.1483
14.8623
12.576
10.2896
8.00303
5.71646
3.42987
1.14329
33.1358
30.8547
28.5725
26.2895
24.0056
21.7209
19.4356
17.1498
14.8636
12.5772
10.2906
8.00382
5.71703
3.43022
1.14341
33.1361
30.8554
28.5736
26.2908
24.0071
21.7225
19.4371
17.1512
14.8649
12.5783
10.2914
8.0045
5.71752
3.43051
1.1435
33.1364
30.8562
28.5748
26.2923
24.0087
21.7241
19.4387
17.1526
14.8661
12.5792
10.2922
8.00507
5.71791
3.43074
1.14358
33.1367
30.8572
28.5763
26.2941
24.0106
21.7259
19.4402
17.1539
14.8672
12.5801
10.2928
8.00551
5.71819
3.4309
1.14363
33.1372
30.8585
28.5782
26.2963
24.0127
21.7279
19.4419
17.1553
14.8682
12.5808
10.2933
8.00581
5.71836
3.43098
1.14365
33.1378
30.8603
28.5807
26.299
24.0154
21.7302
19.4438
17.1566
14.8691
12.5813
10.2936
8.00592
5.71838
3.43097
1.14365
33.1388
30.8628
28.5841
26.3026
24.0187
21.7329
19.4458
17.158
14.8698
12.5817
10.2936
8.0058
5.71821
3.43083
1.14359
33.1403
30.8666
28.589
26.3075
24.0228
21.736
19.4479
17.1592
14.8703
12.5816
10.2933
8.00536
5.71779
3.43054
1.14349
33.1427
30.8724
28.596
26.314
24.028
21.7396
19.45
17.1601
14.8704
12.5812
10.2925
8.0045
5.71705
3.43004
1.14332
33.1472
30.882
28.6063
26.3227
24.0344
21.7436
19.4521
17.1606
14.8699
12.58
10.2911
8.00311
5.7159
3.42929
1.14306
33.1565
30.8981
28.6215
26.3343
24.042
21.7478
19.4536
17.1604
14.8684
12.5779
10.2888
8.00102
5.71424
3.42823
1.14269
33.1787
30.9264
28.6436
26.3489
24.0503
21.7516
19.4542
17.1589
14.8657
12.5746
10.2855
7.99807
5.71194
3.42677
1.14219
33.2404
30.9751
28.6735
26.3656
24.0584
21.754
19.453
17.1555
14.8612
12.5698
10.2809
7.99406
5.70886
3.42485
1.14154
33.4365
31.0486
28.7072
26.3812
24.0641
21.7537
19.4491
17.1496
14.8544
12.5629
10.2746
7.98876
5.70487
3.42237
1.1407
33.483
31.0892
28.7296
26.3903
24.0646
21.749
19.4413
17.1403
14.8447
12.5537
10.2664
7.98197
5.69982
3.41926
1.13965
33.4976
31.1054
28.7373
26.3895
24.0577
21.7382
19.4286
17.1269
14.8317
12.5417
10.2559
7.97347
5.69357
3.41544
1.13836
33.4994
31.1043
28.7303
26.3772
24.0417
21.7203
19.41
17.1087
14.8147
12.5265
10.2429
7.96308
5.68598
3.41082
1.13681
33.4927
31.088
28.7083
26.3522
24.0156
21.6942
19.3849
17.0852
14.7934
12.5078
10.2272
7.95062
5.67695
3.40536
1.13498
33.4752
31.0537
28.6693
26.3133
23.9784
21.6593
19.3526
17.056
14.7674
12.4854
10.2086
7.93597
5.66639
3.39898
1.13285
33.4342
30.993
28.61
26.2594
23.9297
21.6153
19.3131
17.0208
14.7367
12.4592
10.187
7.91902
5.65423
3.39166
1.13041
33.3263
30.8913
28.5277
26.1905
23.8699
21.5626
19.2664
16.9797
14.7011
12.429
10.1622
7.89974
5.64043
3.38338
1.12764
32.9975
30.7395
28.4265
26.1097
23.8006
21.5017
19.2128
16.9328
14.6606
12.3948
10.1344
7.87809
5.62498
3.37411
1.12456
32.8848
30.6254
28.3276
26.023
23.7237
21.4334
19.1525
16.8802
14.6154
12.3568
10.1034
7.8541
5.60789
3.36387
1.12115
32.8328
30.5373
28.2329
25.9321
23.6401
21.3583
19.086
16.8222
14.5656
12.315
10.0695
7.82782
5.58919
3.35268
1.11742
32.7944
30.4548
28.1353
25.8346
23.5492
21.2762
19.0133
16.7588
14.5113
12.2696
10.0326
7.79931
5.56892
3.34055
1.11339
32.7468
30.3578
28.0243
25.7259
23.4492
21.1866
18.9344
16.6903
14.4528
12.2206
9.9929
7.76869
5.54717
3.32755
1.10906
32.6583
30.2216
27.8883
25.6019
23.3389
21.0895
18.8496
16.6169
14.3902
12.1684
9.95062
7.73607
5.52401
3.3137
1.10445
32.439
30.0132
27.7191
25.4614
23.2188
20.9855
18.7594
16.5392
14.324
12.1132
9.90593
7.7016
5.49953
3.29907
1.09958
31.7769
29.7129
27.5243
25.3098
23.0917
20.8762
18.6647
16.4576
14.2546
12.0553
9.85905
7.66543
5.47385
3.28372
1.09448
31.5553
29.4986
27.3471
25.1602
22.9626
20.7637
18.5668
16.3729
14.1824
11.9949
9.8102
7.62773
5.44707
3.26771
1.08915
31.4618
29.3495
27.194
25.0177
22.8341
20.6494
18.4663
16.2857
14.1078
11.9325
9.7596
7.58865
5.41929
3.2511
1.08362
31.4046
29.2301
27.0548
24.8798
22.7059
20.5338
18.3639
16.1964
14.0312
11.8683
9.70746
7.54833
5.39062
3.23395
1.07791
31.3479
29.1108
26.9151
24.7407
22.576
20.4162
18.2595
16.1051
13.9528
11.8025
9.65394
7.50692
5.36115
3.21631
1.07204
31.256
28.9623
26.7601
24.5943
22.4424
20.2963
18.1532
16.0121
13.8728
11.7353
9.59921
7.46451
5.33094
3.19822
1.06601
31.0411
28.7496
26.5795
24.438
22.3045
20.1739
18.0451
15.9176
13.7915
11.6668
9.54338
7.42121
5.30007
3.17972
1.05985
30.4029
28.4522
26.3787
24.2756
22.1641
20.0501
17.9357
15.8219
13.7089
11.5971
9.48655
7.37708
5.26858
3.16083
1.05356
30.188
28.2397
26.198
24.1187
22.0251
19.9263
17.8258
15.7252
13.6254
11.5265
9.42878
7.33215
5.23648
3.14157
1.04714
30.0965
28.0917
26.043
23.9714
21.8894
19.8032
17.7156
15.6279
13.5409
11.4549
9.37011
7.28644
5.20379
3.12194
1.04059
30.0406
27.9736
25.9035
23.8308
21.7563
19.6808
17.6051
15.5299
13.4555
11.3823
9.31048
7.23991
5.17046
3.1019
1.0339
29.9858
27.8572
25.7654
23.6912
21.6235
19.5583
17.4941
15.431
13.3691
11.3087
9.24982
7.19248
5.13645
3.08144
1.02707
29.8986
27.7148
25.6149
23.5465
21.4888
19.4347
17.3821
15.3309
13.2814
11.2337
9.18797
7.14402
5.10165
3.06048
1.02007
29.6965
27.5136
25.442
23.3941
21.3513
19.3096
17.2689
15.2296
13.1923
11.1573
9.12471
7.09437
5.06594
3.03896
1.01288
29.0982
27.2348
25.2522
23.2378
21.2126
19.1837
17.1544
15.1266
13.1013
11.079
9.05976
7.04328
5.02915
3.01676
1.00546
28.8982
27.0383
25.0842
23.0888
21.0762
19.0577
17.0385
15.0216
13.0081
10.9985
8.99274
6.99047
4.99106
2.99377
0.997777
28.8161
26.9068
24.9445
22.9512
20.9437
18.9318
16.921
14.9139
12.9119
10.9151
8.92317
6.93557
4.95143
2.96983
0.989771
28.7724
26.8119
24.8258
22.8232
20.8138
18.8049
16.8005
14.8026
12.8119
10.8281
8.85049
6.87816
4.90997
2.94478
0.981393
28.742
26.7342
24.7184
22.6994
20.6834
18.6746
16.6752
14.6861
12.7069
10.7366
8.77403
6.81775
4.86636
2.91844
0.972583
28.7156
26.6617
24.6126
22.5734
20.5476
18.5373
16.5426
14.5625
12.5955
10.6396
8.69306
6.75386
4.82027
2.89061
0.963281
28.6883
26.5855
24.4998
22.4375
20.4009
18.389
16.3996
14.4297
12.4761
10.5361
8.60682
6.68597
4.77138
2.86114
0.953432
28.6564
26.497
24.3702
22.2836
20.2366
18.2248
16.2428
14.2852
12.3472
10.4249
8.51461
6.61362
4.71941
2.82985
0.942987
28.6148
26.3853
24.2124
22.1019
20.0475
18.0397
16.0688
14.1269
12.2074
10.3051
8.41585
6.53646
4.66416
2.79665
0.931913
28.5543
26.234
24.011
21.8808
19.8259
17.8286
15.8745
13.9528
12.0553
10.176
8.31015
6.45428
4.6055
2.76148
0.920196
28.454
26.0148
23.7447
21.607
19.5639
17.5871
15.6575
13.7617
11.8905
10.0374
8.19743
6.36707
4.54347
2.72438
0.907846
28.257
25.6779
23.386
21.2674
19.2555
17.3128
15.4168
13.5533
11.713
9.88943
8.07792
6.27506
4.47826
2.68545
0.894903
27.7872
25.1411
22.9066
20.8532
18.8989
17.0057
15.1532
13.3286
11.5237
9.73297
7.95229
6.17876
4.41021
2.6449
0.881436
10.5772
11.7319
12.8872
14.0436
15.2017
16.3626
17.5273
18.6979
19.8767
21.0676
22.2759
23.5095
24.7796
26.0999
27.4674
10.5656
11.6968
12.8281
13.9597
15.0917
16.2246
17.3588
18.4952
19.6348
20.7789
21.9288
23.0852
24.2454
25.3969
26.497
10.5539
11.6615
12.7687
13.8752
14.9807
16.0851
17.1879
18.2891
19.3881
20.4841
21.575
22.6566
23.7196
24.7447
25.6943
10.5423
11.6267
12.71
13.7916
14.8708
15.9467
17.0185
18.0849
19.1442
20.1939
21.2301
22.2461
23.2311
24.1675
25.0289
10.5311
11.5927
12.6528
13.7103
14.7639
15.8124
16.8542
17.8874
18.9095
19.917
20.9049
21.8663
22.7909
23.6649
24.4705
10.5203
11.5603
12.5983
13.6327
14.6621
15.6846
16.6984
17.7009
18.6891
19.6592
20.606
21.5229
22.4011
23.2301
23.998
10.5102
11.5299
12.5471
13.56
14.5668
15.5655
16.5536
17.5284
18.4867
19.4244
20.3368
21.2177
22.06
22.8558
23.5969
10.501
11.502
12.5001
13.4934
14.4796
15.4566
16.4218
17.3722
18.3045
19.2148
20.0986
20.9506
21.7651
22.5359
23.2572
10.4926
11.4768
12.4579
13.4336
14.4016
15.3595
16.3045
17.2338
18.144
19.0314
19.8918
20.7208
21.5135
22.2652
22.9714
10.4853
11.4549
12.421
13.3813
14.3335
15.275
16.2029
17.1143
18.006
18.8746
19.7162
20.5269
21.3027
22.0396
22.7343
10.4791
11.4362
12.3897
13.3372
14.2761
15.2038
16.1175
17.0143
17.891
18.7445
19.5711
20.3675
21.1302
21.8559
22.5418
10.4741
11.4211
12.3644
13.3015
14.2297
15.1464
16.0488
16.9341
17.7991
18.6408
19.456
20.2415
20.9944
21.7117
22.391
10.4703
11.4097
12.3453
13.2745
14.1947
15.1032
15.9972
16.8739
17.7302
18.5634
19.3702
20.148
20.8937
21.605
22.2797
10.4678
11.4021
12.3325
13.2564
14.1713
15.0743
15.9627
16.8337
17.6844
18.5119
19.3134
20.086
20.8272
21.5346
22.2062
10.4665
11.3982
12.326
13.2474
14.1595
15.0598
15.9454
16.8136
17.6615
18.4862
19.285
20.0551
20.7941
21.4996
22.1698
28.6275
29.0191
29.1996
29.3022
29.3704
29.4207
29.46
29.4922
29.5192
29.5422
29.5622
29.5798
29.5952
29.609
29.6213
29.6324
29.6423
29.6513
29.6595
29.6668
29.6735
29.6795
29.685
29.69
29.6945
29.6986
29.7023
29.7057
29.7087
29.7114
29.7139
29.7161
29.718
29.7198
29.7213
29.7226
29.7237
29.7246
29.7254
29.726
29.7264
29.7267
29.7268
29.7267
29.7265
29.7261
29.7256
29.7249
29.724
29.7229
29.7217
29.7203
29.7186
29.7167
29.7146
29.7123
29.7097
29.7067
29.7035
29.6999
29.696
29.6917
29.6869
29.6816
29.6759
29.6695
29.6626
29.655
29.6466
29.6373
29.6272
29.616
29.6037
29.5901
29.575
29.5583
29.5397
29.5189
29.4955
29.4691
29.4389
29.4041
29.3634
29.3148
29.2554
29.1796
29.0766
28.9217
28.6489
28.0571
27.3512
27.8749
28.2249
28.4699
28.651
28.7913
28.9043
28.9978
29.0769
29.1448
29.204
29.256
29.302
29.3429
29.3796
29.4125
29.4422
29.469
29.4932
29.5152
29.5351
29.5531
29.5695
29.5844
29.5979
29.6102
29.6212
29.6313
29.6403
29.6485
29.6558
29.6623
29.6682
29.6733
29.6778
29.6817
29.6851
29.6879
29.6901
29.6919
29.6932
29.6939
29.6943
29.6941
29.6935
29.6923
29.6907
29.6886
29.686
29.6829
29.6792
29.6748
29.6699
29.6643
29.658
29.651
29.6431
29.6344
29.6248
29.6141
29.6023
29.5894
29.5751
29.5594
29.5422
29.5233
29.5025
29.4797
29.4546
29.4271
29.3968
29.3635
29.3267
29.2862
29.2413
29.1915
29.1361
29.0742
29.0047
28.9263
28.837
28.7344
28.6151
28.474
28.3036
28.0917
27.8184
27.4485
26.9198
26.1288
26.4386
26.98
27.4008
27.729
27.9895
28.2009
28.3759
28.5236
28.65
28.7596
28.8555
28.9401
29.0153
29.0824
29.1426
29.1967
29.2455
29.2897
29.3296
29.3658
29.3987
29.4285
29.4556
29.4802
29.5025
29.5227
29.5411
29.5576
29.5726
29.5861
29.5982
29.609
29.6186
29.6272
29.6346
29.6411
29.6466
29.6512
29.655
29.6579
29.66
29.6613
29.6618
29.6615
29.6605
29.6586
29.656
29.6525
29.6482
29.643
29.6368
29.6297
29.6215
29.6123
29.6019
29.5902
29.5773
29.5628
29.5469
29.5292
29.5097
29.4883
29.4647
29.4388
29.4103
29.3791
29.3447
29.3071
29.2657
29.2202
29.1702
29.1152
29.0546
28.9878
28.9139
28.8321
28.7411
28.6397
28.5262
28.3984
28.2537
28.0883
27.8976
27.6748
27.4107
27.0918
26.6987
26.2033
25.568
24.7505
25.7199
26.2584
26.7096
27.085
27.3983
27.6621
27.8864
28.0793
28.2467
28.3933
28.5226
28.6373
28.7397
28.8313
28.9137
28.988
29.055
29.1158
29.1708
29.2207
29.266
29.3072
29.3446
29.3786
29.4094
29.4374
29.4627
29.4857
29.5064
29.5251
29.5418
29.5568
29.5701
29.5819
29.5922
29.6011
29.6088
29.6152
29.6204
29.6244
29.6273
29.6291
29.6298
29.6295
29.628
29.6255
29.6218
29.617
29.611
29.6037
29.5952
29.5854
29.5741
29.5613
29.5469
29.5308
29.5128
29.4928
29.4707
29.4463
29.4194
29.3897
29.3571
29.3212
29.2819
29.2386
29.1912
29.1391
29.0819
29.0192
28.9502
28.8744
28.7909
28.6989
28.5974
28.4851
28.3606
28.2222
28.0676
27.8945
27.6994
27.4782
27.2256
26.9346
26.5961
26.1982
25.7255
25.1591
24.4782
23.6654
25.1299
25.6621
26.1271
26.5298
26.8779
27.1794
27.4417
27.6711
27.8729
28.0514
28.2101
28.3518
28.4788
28.5929
28.6959
28.7889
28.8731
28.9494
29.0187
29.0816
29.1388
29.1907
29.2379
29.2809
29.3199
29.3552
29.3873
29.4163
29.4425
29.4661
29.4873
29.5063
29.5232
29.5381
29.5511
29.5625
29.5721
29.5802
29.5868
29.5919
29.5956
29.5979
29.5988
29.5983
29.5965
29.5932
29.5886
29.5825
29.5749
29.5657
29.555
29.5425
29.5282
29.512
29.4937
29.4733
29.4506
29.4253
29.3973
29.3664
29.3323
29.2947
29.2535
29.2081
29.1583
29.1036
29.0437
28.9779
28.9057
28.8265
28.7395
28.6439
28.5389
28.4232
28.2958
28.1551
27.9996
27.8271
27.6354
27.4215
27.182
26.9127
26.6082
26.2622
25.8666
25.4118
24.8867
24.2792
23.5777
22.7748
24.6361
25.1621
25.6336
26.0528
26.4241
26.7527
27.0437
27.302
27.532
27.7375
27.9215
28.0868
28.2357
28.3702
28.4918
28.6019
28.7019
28.7926
28.8751
28.9501
29.0183
29.0804
29.1369
29.1882
29.2349
29.2772
29.3156
29.3504
29.3818
29.4101
29.4355
29.4582
29.4784
29.4963
29.512
29.5255
29.5371
29.5468
29.5547
29.5608
29.5653
29.568
29.5691
29.5685
29.5663
29.5624
29.5569
29.5496
29.5404
29.5295
29.5165
29.5016
29.4844
29.465
29.4431
29.4186
29.3913
29.361
29.3275
29.2904
29.2495
29.2045
29.1551
29.1008
29.0411
28.9757
28.9039
28.8252
28.7389
28.6443
28.5405
28.4265
28.3014
28.1639
28.0127
27.8461
27.6623
27.4592
27.2343
26.9848
26.7071
26.3972
26.0502
25.6606
25.2217
24.7262
24.1662
23.5339
22.8229
22.0296
24.2197
24.7403
25.2147
25.6443
26.0314
26.3795
26.6922
26.9732
27.226
27.4537
27.6592
27.8449
28.0129
28.1653
28.3035
28.4291
28.5433
28.6471
28.7417
28.8278
28.9062
28.9776
29.0426
29.1017
29.1554
29.2042
29.2485
29.2886
29.3248
29.3575
29.3868
29.4131
29.4364
29.4571
29.4751
29.4908
29.5042
29.5154
29.5245
29.5316
29.5367
29.5399
29.5411
29.5405
29.5379
29.5335
29.527
29.5186
29.508
29.4953
29.4804
29.4631
29.4433
29.4209
29.3956
29.3673
29.3358
29.3008
29.262
29.2193
29.1721
29.1202
29.0631
29.0004
28.9316
28.8562
28.7735
28.6829
28.5835
28.4747
28.3554
28.2246
28.0812
27.9238
27.751
27.5611
27.3522
27.1221
26.8683
26.588
26.278
25.9345
25.5532
25.1293
24.6578
24.1329
23.5491
22.9015
22.1861
21.4012
23.8684
24.3843
24.8601
25.2963
25.6944
26.0567
26.3858
26.6845
26.9555
27.2015
27.4248
27.6278
27.8122
27.9801
28.1329
28.2721
28.3989
28.5145
28.6199
28.7159
28.8035
28.8834
28.9561
29.0223
29.0825
29.1372
29.1868
29.2318
29.2725
29.3091
29.342
29.3715
29.3977
29.4209
29.4412
29.4588
29.4738
29.4864
29.4966
29.5046
29.5103
29.5139
29.5153
29.5146
29.5117
29.5067
29.4994
29.4899
29.4781
29.4638
29.4471
29.4276
29.4054
29.3802
29.3518
29.32
29.2846
29.2453
29.2018
29.1538
29.1009
29.0426
28.9786
28.9082
28.8311
28.7466
28.6539
28.5524
28.4413
28.3196
28.1863
28.0403
27.8805
27.7053
27.5134
27.3029
27.0719
26.8184
26.5399
26.2336
25.8966
25.5255
25.1168
24.6663
24.1701
23.6238
23.0236
22.3661
21.6489
20.8712
23.5738
24.0859
24.562
25.0026
25.4084
25.7812
26.1227
26.4351
26.7206
26.9813
27.2193
27.4366
27.6349
27.816
27.9813
28.1323
28.2701
28.3959
28.5108
28.6157
28.7114
28.7988
28.8783
28.9509
29.0168
29.0768
29.1313
29.1806
29.2252
29.2654
29.3016
29.3339
29.3627
29.3882
29.4105
29.4298
29.4463
29.4602
29.4714
29.4801
29.4864
29.4903
29.4919
29.4911
29.4879
29.4824
29.4744
29.464
29.451
29.4354
29.4169
29.3956
29.3711
29.3434
29.3123
29.2774
29.2385
29.1953
29.1475
29.0948
29.0367
28.9727
28.9024
28.8253
28.7407
28.648
28.5464
28.4353
28.3136
28.1805
28.0348
27.8755
27.7012
27.5105
27.3019
27.0736
26.8237
26.5502
26.2507
25.9228
25.5637
25.1704
24.7399
24.2688
23.7538
23.1919
22.5801
21.9162
21.1985
20.4267
23.3298
23.8387
24.3148
24.7583
25.1697
25.5501
25.901
26.224
26.5208
26.7933
27.0431
27.2721
27.4819
27.674
27.8498
28.0107
28.1579
28.2926
28.4156
28.5281
28.6309
28.7247
28.8102
28.8882
28.9592
29.0238
29.0825
29.1356
29.1837
29.227
29.266
29.3009
29.3319
29.3594
29.3834
29.4043
29.4221
29.437
29.4491
29.4586
29.4654
29.4696
29.4712
29.4704
29.467
29.461
29.4524
29.4412
29.4271
29.4102
29.3903
29.3673
29.341
29.3111
29.2774
29.2398
29.1978
29.1513
29.0998
29.0429
28.9802
28.9113
28.8356
28.7525
28.6613
28.5615
28.4522
28.3326
28.2018
28.0588
27.9024
27.7316
27.5449
27.3409
27.1181
26.8747
26.609
26.3188
26.0021
25.6564
25.2794
24.8684
24.4208
23.9338
23.4048
22.8313
22.2113
21.543
20.8256
20.0587
23.132
23.6384
24.1143
24.5596
24.975
25.361
25.7189
26.05
26.3555
26.6372
26.8964
27.1348
27.3538
27.5549
27.7393
27.9084
28.0633
28.2052
28.3351
28.4539
28.5626
28.6618
28.7524
28.835
28.9103
28.9787
29.0409
29.0973
29.1483
29.1943
29.2357
29.2727
29.3056
29.3348
29.3603
29.3825
29.4014
29.4173
29.4301
29.4401
29.4474
29.4518
29.4536
29.4527
29.4491
29.4427
29.4336
29.4216
29.4067
29.3888
29.3677
29.3432
29.3152
29.2835
29.2477
29.2078
29.1632
29.1138
29.0591
28.9987
28.9322
28.859
28.7787
28.6905
28.5939
28.4881
28.3722
28.2455
28.107
27.9557
27.7904
27.6099
27.4128
27.1978
26.9633
26.7075
26.4288
26.1251
25.7944
25.4347
25.0435
24.6187
24.1579
23.6588
23.1193
22.5374
21.9114
21.2403
20.5233
19.7604
22.9772
23.4816
23.9571
24.4038
24.8219
25.212
25.5751
25.9121
26.2242
26.5128
26.7792
27.0249
27.251
27.4591
27.6502
27.8258
27.9869
28.1346
28.2699
28.3938
28.5072
28.6108
28.7054
28.7918
28.8705
28.9421
29.0072
29.0662
29.1195
29.1677
29.211
29.2497
29.2842
29.3148
29.3415
29.3647
29.3846
29.4011
29.4146
29.4251
29.4327
29.4374
29.4392
29.4382
29.4344
29.4278
29.4183
29.4057
29.3901
29.3713
29.3492
29.3236
29.2942
29.261
29.2236
29.1817
29.135
29.0833
29.026
28.9628
28.8931
28.8165
28.7324
28.6402
28.5391
28.4284
28.3073
28.1749
28.0302
27.8721
27.6996
27.5114
27.3061
27.0823
26.8384
26.5729
26.2839
25.9697
25.6282
25.2575
24.8556
24.4202
23.9495
23.4415
22.8943
22.3063
21.6762
21.0032
20.2867
19.5269
22.863
23.3659
23.8412
24.2887
24.7087
25.1016
25.4682
25.8094
26.1263
26.4199
26.6915
26.9424
27.1738
27.387
27.5831
27.7635
27.9292
28.0812
28.2206
28.3483
28.4652
28.5721
28.6698
28.759
28.8403
28.9143
28.9815
29.0425
29.0977
29.1475
29.1922
29.2323
29.268
29.2995
29.3272
29.3512
29.3717
29.3889
29.4028
29.4137
29.4215
29.4263
29.4282
29.4272
29.4233
29.4164
29.4066
29.3936
29.3775
29.358
29.3351
29.3086
29.2783
29.2439
29.2052
29.1618
29.1136
29.0601
29.0008
28.9354
28.8634
28.7842
28.6973
28.6019
28.4975
28.3831
28.258
28.1213
27.9719
27.8088
27.6309
27.4368
27.2254
26.995
26.7442
26.4714
26.1749
25.8529
25.5035
25.1249
24.7151
24.2722
23.7945
23.2801
22.7275
22.1353
21.5024
20.8282
20.1122
19.3546
22.7877
23.2897
23.7647
24.2127
24.6339
25.0286
25.3975
25.7414
26.0612
26.3581
26.6331
26.8874
27.1222
27.3388
27.5383
27.7218
27.8905
28.0454
28.1875
28.3177
28.437
28.5462
28.6459
28.7369
28.82
28.8955
28.9642
29.0266
29.0829
29.1338
29.1796
29.2205
29.257
29.2893
29.3176
29.3421
29.3631
29.3806
29.3949
29.4059
29.4139
29.4189
29.4209
29.4198
29.4158
29.4088
29.3987
29.3854
29.3689
29.349
29.3256
29.2985
29.2675
29.2323
29.1928
29.1485
29.0992
29.0444
28.9839
28.9171
28.8435
28.7625
28.6737
28.5762
28.4695
28.3526
28.2249
28.0852
27.9327
27.7663
27.5848
27.3869
27.1713
26.9365
26.6812
26.4036
26.1021
25.7749
25.4204
25.0366
24.6217
24.174
23.6917
23.1733
22.6172
22.0224
21.3878
20.7128
19.9972
19.2411
22.7503
23.2518
23.7267
24.175
24.5967
24.9923
25.3623
25.7075
26.0288
26.3272
26.6039
26.8599
27.0964
27.3147
27.5158
27.7009
27.8711
28.0274
28.1709
28.3024
28.4229
28.5331
28.6339
28.7259
28.8098
28.8861
28.9556
29.0185
29.0755
29.127
29.1732
29.2146
29.2515
29.2841
29.3127
29.3375
29.3587
29.3764
29.3909
29.4021
29.4101
29.4152
29.4171
29.4161
29.4121
29.4049
29.3947
29.3813
29.3646
29.3445
29.3209
29.2935
29.2621
29.2265
29.1865
29.1418
29.0919
29.0366
28.9754
28.9078
28.8334
28.7516
28.6618
28.5633
28.4554
28.3373
28.2082
28.0671
27.9131
27.745
27.5616
27.3618
27.1441
26.9072
26.6496
26.3696
26.0656
25.7359
25.3788
24.9924
24.5751
24.125
23.6405
23.1201
22.5624
21.9662
21.3308
20.6555
19.9401
19.1847
26.3033
24.236
22.2405
20.3218
18.4594
16.6366
14.8416
13.0661
11.3046
9.553
7.80848
6.06894
4.3328
2.59886
0.866155
24.8382
23.176
21.4368
19.685
17.9401
16.206
14.4818
12.7656
11.0553
9.34939
7.64647
5.9456
4.24606
2.54734
0.849068
23.6266
22.1927
20.6452
19.041
17.4096
15.765
14.1137
12.4588
10.8015
9.14257
7.48226
5.8208
4.15841
2.49533
0.831826
22.6225
21.3226
19.9097
18.4239
16.892
15.3303
13.749
12.154
10.5492
8.93693
7.31902
5.6968
4.07136
2.4437
0.814711
21.7801
20.5648
19.2468
17.8526
16.4036
14.915
13.3976
11.8589
10.304
8.73675
7.15996
5.5759
3.98646
2.39333
0.798015
21.0674
19.9094
18.6596
17.3359
15.9544
14.5281
13.0673
11.5796
10.071
8.54591
7.008
5.46024
3.90518
2.34508
0.78202
20.4624
19.3453
18.1459
16.8766
15.5495
14.1755
12.7636
11.3211
9.85421
8.36772
6.86575
5.35178
3.82886
2.29975
0.766984
19.95
18.8631
17.7017
16.4747
15.1914
13.8605
12.4901
11.0869
9.65679
8.20483
6.73534
5.25215
3.75866
2.25801
0.753137
19.5191
18.4551
17.3227
16.1287
14.8803
13.5848
12.2491
10.8793
9.48102
8.05928
6.6185
5.1627
3.69555
2.22046
0.74067
19.1615
18.1151
17.0051
15.8368
14.6161
13.3491
12.0419
10.6999
9.32853
7.9326
6.51655
5.0845
3.64029
2.18755
0.729741
18.8713
17.8382
16.7453
15.5969
14.3979
13.1535
11.869
10.5497
9.20042
7.82586
6.43045
5.01834
3.59349
2.15965
0.720474
18.6439
17.6208
16.5407
15.4072
14.2246
12.9976
11.7309
10.4292
9.09737
7.73981
6.36091
4.96484
3.55559
2.13705
0.712962
18.4761
17.4601
16.3891
15.2663
14.0956
12.8812
11.6274
10.3388
9.01983
7.67494
6.30841
4.92439
3.52692
2.11994
0.707275
18.3654
17.354
16.2889
15.173
14.01
12.8038
11.5585
10.2784
8.96802
7.63155
6.27325
4.89728
3.5077
2.10846
0.703459
18.3104
17.3013
16.239
15.1266
13.9673
12.7651
11.524
10.2483
8.9421
7.60981
6.25563
4.88369
3.49806
2.1027
0.701544
)
;

boundaryField
{
    hot
    {
        type            fixedValue;
        value           uniform 10;
    }
    cold
    {
        type            fixedValue;
        value           uniform 0;
    }
    interface_left
    {
        type            fixedValue;
        value           nonuniform List<scalar> 
90
(
22.2341
22.2341
22.2341
22.2341
22.2341
22.2341
22.2341
22.2341
22.2341
26.438
26.438
26.438
26.438
26.438
26.438
26.438
29.6855
29.6855
29.6855
29.6855
29.6855
29.6855
31.8791
31.8791
31.8791
31.8791
31.8791
31.8791
31.8791
33.2648
33.2648
33.2648
33.2648
33.2648
33.2648
33.2648
34.3052
34.3052
34.3052
34.3052
34.3052
34.3052
34.3052
34.7282
34.7282
34.7282
34.7282
34.7282
34.7282
34.6935
34.6935
34.6935
34.6935
34.6935
34.6935
34.6935
33.962
33.962
33.962
33.962
33.962
33.962
33.962
32.4837
32.4837
32.4837
32.4837
32.4837
32.4837
32.4837
31.0661
31.0661
31.0661
31.0661
31.0661
31.0661
31.0661
29.7364
29.7364
29.7364
29.7364
29.7364
29.7364
29.7364
29.7364
29.7364
29.7364
29.7364
29.7364
29.7364
)
;
    }
    interface_right
    {
        type            fixedValue;
        value           nonuniform List<scalar> 
90
(
34.2663
34.2663
34.2663
34.2663
34.2663
34.2663
34.2663
34.2663
34.2663
34.2663
34.2663
34.2663
34.2663
34.2663
34.2663
34.2663
34.2663
34.2663
34.2663
34.2663
34.2663
34.2663
34.2663
34.2663
34.2663
34.2663
34.2663
34.2663
34.2663
34.2663
34.2663
34.2663
34.2663
34.2663
34.2663
34.2663
34.2663
34.2663
34.2663
34.2663
34.2663
34.2663
34.2663
34.2663
34.2663
34.2663
34.2663
34.2663
34.7282
34.6935
34.6935
34.6935
34.6935
34.6935
34.6935
34.6935
33.962
33.962
33.962
33.962
33.962
33.962
33.962
32.4837
32.4837
32.4837
32.4837
32.4837
32.4837
32.4837
31.0661
31.0661
31.0661
31.0661
31.0661
31.0661
31.0661
29.7364
29.7364
29.7364
29.7364
29.7364
29.7364
29.7364
29.7364
29.7364
29.7364
29.7364
29.7364
29.7364
)
;
    }
    interface_top
    {
        type            fixedValue;
        value           uniform 29.7364;
    }
    interface_bottom
    {
        type            fixedValue;
        value           nonuniform List<scalar> 
90
(
22.2341
22.2341
22.2341
22.2341
22.2341
22.2341
22.2341
22.2341
22.2341
22.2341
22.2341
22.2341
22.2341
22.2341
22.2341
22.2341
22.2341
22.2341
22.2341
22.2341
22.2341
22.2341
22.2341
22.2341
22.2341
22.2341
22.2341
22.2341
22.2341
22.2341
22.2341
22.2341
24.7272
24.7272
24.7272
24.7272
24.7272
24.7272
24.7272
24.7272
24.7272
24.7272
24.7272
28.6535
28.6535
28.6535
28.6535
28.6535
28.6535
28.6535
28.6535
28.6535
28.6535
28.6535
28.6535
28.6535
31.4753
31.4753
31.4753
31.4753
31.4753
31.4753
31.4753
31.4753
31.4753
31.4753
31.4753
31.4753
31.4753
31.4753
33.4656
33.4656
33.4656
33.4656
33.4656
33.4656
33.4656
33.4656
33.4656
33.4656
33.4656
33.4656
33.4656
34.2663
34.2663
34.2663
34.2663
34.2663
34.2663
34.2663
)
;
    }
    defaultFaces
    {
        type            empty;
    }
}


// ************************************************************************* //
