/*--------------------------------*- C++ -*----------------------------------*\
| =========                 |                                                 |
| \\      /  F ield         | OpenFOAM: The Open Source CFD Toolbox           |
|  \\    /   O peration     | Version:  5.x                                   |
|   \\  /    A nd           | Web:      www.OpenFOAM.org                      |
|    \\/     M anipulation  |                                                 |
\*---------------------------------------------------------------------------*/
FoamFile
{
    version     2.0;
    format      ascii;
    class       volScalarField;
    location    "2.4";
    object      gradTx;
}
// * * * * * * * * * * * * * * * * * * * * * * * * * * * * * * * * * * * * * //

dimensions      [0 -1 0 1 0 0 0];

internalField   nonuniform List<scalar> 
6300
(
6844.48
6825.12
6786.32
6727.91
6649.68
6551.38
6432.83
6293.94
6134.78
5955.72
5757.52
5541.38
5309.08
5062.95
4805.88
6863.25
6843.98
6805.35
6747.16
6669.17
6571.08
6452.64
6313.66
6154.15
5974.36
5774.96
5557.08
5322.46
5073.45
4813.05
6900.71
6881.63
6843.35
6785.65
6708.18
6610.58
6492.43
6353.39
6193.27
6012.12
5810.39
5589.05
5349.77
5094.94
4827.71
6956.66
6937.89
6900.21
6843.31
6766.77
6670.05
6552.55
6413.67
6252.9
6069.94
5864.91
5638.5
5392.17
5128.37
4850.52
7030.78
7012.48
6975.69
6920.04
6844.97
6749.74
6633.5
6495.29
6334.17
6149.33
5940.33
5707.37
5451.6
5175.4
4882.6
7122.6
7104.96
7069.44
7015.6
6942.73
6849.87
6735.85
6599.28
6438.61
6252.34
6039.2
5798.57
5530.98
5238.6
4925.71
7231.46
7214.7
7180.93
7129.6
7059.88
6970.58
6860.19
6726.79
6568.11
6381.68
6165.03
5916.24
5634.66
5321.88
4982.57
7356.45
7340.85
7309.36
7261.39
7195.99
7111.8
7006.95
6878.99
6724.81
6540.69
6322.48
6066.19
5769.07
5431.21
5057.44
7496.43
7482.26
7453.65
7409.99
7350.29
7273.06
7176.22
7056.81
6910.87
6733.22
6517.45
6256.45
5943.72
5576.01
5157.19
7649.93
7637.49
7612.37
7574
7521.47
7453.33
7367.43
7260.56
7128.06
6963.28
6757.1
6497.91
6172.83
5771.46
5293.43
7815.21
7804.76
7783.68
7751.53
7707.61
7650.72
7578.97
7489.31
7376.91
7234.14
7049.18
6804.73
6477.68
6043.08
5487.17
7990.29
7982.01
7965.38
7940.19
7906.06
7862.32
7807.75
7740.15
7655.52
7546.55
7400.17
7193.56
6889.54
6435.46
5779.95
8172.95
8166.94
8154.96
8137.09
8113.44
8084.07
8048.9
8007.38
7957.8
7895.75
7810.75
7679.19
7450.83
7028.72
6263.97
8360.94
8357.15
8349.73
8339.09
8325.83
8310.93
8295.71
8281.97
8271.87
8267.22
8267.21
8260.92
8205.23
7964.03
7175.78
8552.02
8550.26
8547.03
8542.97
8539.17
8537.38
8540.33
8552.24
8579.77
8633.34
8729.23
8891.35
9144.4
9445.73
9234.58
4563.74
4340.26
4116.03
3893.23
3673.92
3460
3253.16
3054.79
2866.06
2687.83
2520.72
2365.11
2221.2
2088.99
1968.36
1859.05
1760.74
1673
1595.36
1527.29
1468.21
1417.49
1374.45
1338.38
1308.51
1284.05
1264.16
1248
1234.73
1223.52
1213.62
1204.34
1195.09
1185.35
1174.73
1162.88
1149.53
1134.45
1117.4
1098.18
1076.59
1052.47
1025.67
996.124
963.819
928.797
891.149
850.986
808.416
763.516
716.312
666.766
614.775
560.181
502.782
442.352
378.657
311.467
240.556
165.702
86.6718
3.20796
-84.989
-178.273
-277.062
-381.84
-493.149
-611.582
-737.768
-872.35
-1015.97
-1169.25
-1332.77
-1507.08
-1692.66
-1889.91
-2099.16
-2320.61
-2554.36
-2800.3
-3058.16
-3327.39
-3607.2
-3896.47
-4193.74
-4497.22
-4804.83
-5114.16
-5422.65
-5727.57
4567.57
4340.96
4113.63
3887.87
3665.84
3449.53
3240.66
3040.67
2850.69
2671.59
2503.94
2348.08
2204.16
2072.15
1951.88
1843.07
1745.36
1658.32
1581.45
1514.22
1456.05
1406.3
1364.3
1329.33
1300.63
1277.36
1258.7
1243.75
1231.65
1221.54
1212.63
1204.22
1195.68
1186.54
1176.39
1164.94
1151.94
1137.18
1120.44
1101.5
1080.16
1056.22
1029.54
1000.02
967.648
932.498
894.69
854.374
811.696
766.761
719.614
670.217
618.459
564.157
507.087
446.998
383.64
316.777
246.191
171.677
93.0232
9.99621
-77.6842
-170.36
-268.446
-372.433
-482.878
-600.399
-725.647
-859.294
-1002.01
-1154.43
-1317.16
-1490.76
-1675.73
-1872.5
-2081.42
-2302.74
-2536.59
-2782.93
-3041.52
-3311.9
-3593.29
-3884.62
-4184.43
-4490.92
-4801.92
-5114.95
-5427.3
-5736.11
4575.41
4342.35
4108.63
3876.8
3649.23
3428.06
3215.11
3011.87
2819.44
2638.64
2469.96
2313.66
2169.79
2038.23
1918.73
1810.95
1714.48
1628.84
1553.53
1487.99
1431.64
1383.84
1343.92
1311.17
1284.79
1263.96
1247.77
1235.3
1225.6
1217.74
1210.85
1204.16
1197.07
1189.07
1179.84
1169.15
1156.81
1142.67
1126.54
1108.2
1087.38
1063.85
1037.41
1007.92
975.4
939.949
901.765
861.088
818.149
773.121
726.084
677.003
625.739
572.06
515.68
456.295
393.617
327.399
257.44
183.573
105.639
23.4579
-63.2073
-154.671
-251.341
-353.723
-462.41
-578.067
-701.403
-833.145
-974.011
-1124.69
-1285.81
-1457.97
-1641.69
-1837.46
-2045.68
-2266.66
-2500.64
-2747.69
-3007.69
-3280.27
-3564.79
-3860.23
-4165.16
-4477.74
-4795.69
-5116.31
-5436.62
-5753.42
4587.5
4344.32
4100.58
3859.25
3623.08
3394.45
3175.32
2967.22
2771.21
2588
2417.95
2261.16
2117.51
1986.76
1868.53
1762.39
1667.84
1584.36
1511.41
1448.41
1394.79
1349.91
1313.12
1283.71
1260.87
1243.75
1231.39
1222.77
1216.8
1212.43
1208.66
1204.62
1199.64
1193.29
1185.31
1175.62
1164.18
1150.94
1135.75
1118.36
1098.43
1075.6
1049.56
1020.12
987.288
951.252
912.348
870.98
827.535
782.302
735.423
686.865
636.43
583.789
528.542
470.277
408.639
343.359
274.272
201.285
124.338
43.3466
-41.8441
-131.501
-226.021
-325.935
-431.899
-544.66
-665.026
-793.82
-931.84
-1079.84
-1238.49
-1408.43
-1590.21
-1784.37
-1991.39
-2211.71
-2445.69
-2693.59
-2955.48
-3231.2
-3520.28
-3821.84
-4134.53
-4456.46
-4785.18
-5117.68
-5450.5
-5779.91
4604.35
4346.7
4088.69
3833.95
3585.75
3346.85
3119.38
2904.88
2704.32
2518.2
2346.64
2189.52
2046.49
1917.09
1800.79
1697
1605.13
1524.6
1454.82
1395.22
1345.22
1304.23
1271.6
1246.67
1228.63
1216.6
1209.54
1206.3
1205.61
1206.18
1206.77
1206.33
1204.11
1199.74
1193.16
1184.52
1174.06
1161.92
1148.03
1132.08
1113.57
1091.89
1066.51
1037.12
1003.71
966.605
926.4
883.786
839.417
793.778
747.107
699.36
650.229
599.207
545.685
489.06
428.848
364.753
296.673
224.657
148.822
69.2515
-14.0758
-101.347
-192.944
-289.443
-391.597
-500.292
-616.492
-741.174
-875.259
-1019.58
-1174.86
-1341.73
-1520.8
-1712.63
-1917.8
-2136.91
-2370.52
-2619.14
-2883.13
-3162.64
-3457.51
-3767.11
-4090.25
-4425.04
-4768.83
-5118.14
-5468.84
-5816.3
4626.69
4349.24
4071.75
3798.9
3534.73
3282.5
3044.51
2822.23
2616.4
2427.18
2254.35
2097.4
1955.66
1828.41
1714.86
1614.29
1525.96
1449.22
1383.46
1328.09
1282.58
1246.37
1218.92
1199.59
1187.64
1182.18
1182.1
1186.06
1192.52
1199.8
1206.26
1210.49
1211.6
1209.29
1203.86
1195.95
1186.27
1175.33
1163.18
1149.4
1133.17
1113.42
1089.17
1059.82
1025.35
986.343
943.84
899.041
853.05
806.666
760.269
713.775
666.68
618.16
567.231
512.946
454.594
391.831
324.692
253.488
178.644
100.533
19.3444
-64.9883
-152.826
-244.818
-341.877
-445.108
-555.73
-674.959
-803.902
-943.488
-1094.45
-1257.41
-1432.91
-1621.55
-1824.02
-2041.07
-2273.56
-2522.34
-2788.19
-3071.72
-3373.24
-3692.56
-4028.84
-4380.31
-4744.11
-5116.18
-5491.36
-5863.67
4655.67
4351.45
4047.81
3751
3466.24
3197.36
2946.76
2715.66
2504.33
2312.37
2138.99
1983.18
1843.82
1719.82
1610.13
1513.8
1429.98
1357.93
1297.01
1246.66
1206.41
1175.82
1154.44
1141.78
1137.22
1139.92
1148.74
1162.13
1178.16
1194.52
1208.84
1219.06
1223.91
1223.26
1218.04
1209.82
1200.23
1190.38
1180.57
1170.17
1157.74
1141.33
1119.08
1089.8
1053.43
1011.04
964.506
915.933
867.169
819.5
773.496
728.983
685.114
640.515
593.543
542.624
486.633
425.157
358.513
287.512
213.13
136.207
57.2614
-23.6079
-106.743
-192.914
-283.275
-379.282
-482.565
-594.735
-717.19
-850.965
-996.732
-1154.94
-1326.01
-1510.47
-1709.09
-1922.87
-2152.99
-2400.77
-2667.57
-2954.66
-3263.05
-3593.31
-3945.22
-4317.44
-4707.05
-5109.3
-5517.53
-5923.63
4693.03
4352.48
4013.67
3685.43
3374.59
3085.6
2820.7
2580.42
2364.16
2170.62
1998.17
1845.09
1709.7
1590.47
1486.01
1395.16
1316.93
1250.5
1195.22
1150.6
1116.25
1091.9
1077.31
1072.22
1076.24
1088.76
1108.69
1134.33
1163.22
1192.09
1217.25
1235.26
1244.05
1243.7
1236.43
1225.6
1214.46
1205.27
1198.72
1193.8
1187.94
1177.56
1159.02
1129.92
1090.07
1041.61
988.03
933.018
879.632
829.861
784.5
743.193
704.526
666.219
625.471
579.541
526.508
465.867
398.552
326.357
251.229
174.755
97.9129
21.0058
-56.3122
-134.994
-216.555
-302.988
-396.599
-499.692
-614.157
-741.139
-881.047
-1033.9
-1199.73
-1378.9
-1572.24
-1780.99
-2006.81
-2251.63
-2517.54
-2806.69
-3121.13
-3462.57
-3832.02
-4229.14
-4651.41
-5093.37
-5546.28
-5998.62
4741.47
4350.66
3963.97
3594.48
3251.2
2938.89
2658.91
2410.35
2191.06
1998.3
1829.29
1681.38
1552.19
1439.69
1342.18
1258.25
1186.77
1126.9
1077.99
1039.64
1011.61
993.848
986.414
989.431
1002.96
1026.83
1060.32
1101.78
1148.2
1194.93
1235.85
1264.66
1277.24
1274
1259.87
1241.71
1225.8
1216.26
1214.43
1218.67
1224.56
1225.44
1214.1
1185.41
1139.04
1079.49
1013.53
947.679
886.813
833.79
789.593
753.527
723.348
695.367
664.789
626.621
577.271
516.127
445.562
369.372
291.217
213.789
138.617
66.1755
-3.94729
-72.9555
-142.838
-216.373
-296.987
-388.272
-493.089
-612.679
-746.69
-894.106
-1054.17
-1226.87
-1413.08
-1614.42
-1833.14
-2071.94
-2333.84
-2622.08
-2940.06
-3291.22
-3678.68
-4104.28
-4567.02
-5061.23
-5575.38
-6092.28
4805.36
4342.5
3889.15
3465.48
3082.94
2745.37
2451.63
2197.93
1979.53
1791.62
1629.88
1490.54
1370.5
1267.23
1178.68
1103.28
1039.81
987.408
945.479
913.724
892.104
880.839
880.39
891.425
914.724
950.975
1000.38
1061.98
1132.67
1206.03
1271.79
1317.35
1333.11
1319.91
1288.99
1254.48
1227.87
1216.07
1221.28
1241.1
1268.28
1290.85
1294.05
1266.26
1206.9
1126.49
1038.78
955.086
882.618
824.934
782.9
755.308
738.928
728.179
714.962
689.729
644.946
579.885
500.609
415.159
330.105
249.528
175.345
107.966
46.7759
-9.69105
-63.8916
-119.589
-182.031
-257.382
-350.752
-463.447
-593.014
-736.071
-890.351
-1055.32
-1232.03
-1422.71
-1630.43
-1858.85
-2112.04
-2394.46
-2710.99
-3067.32
-3470.09
-3925.61
-4436.9
-4999.95
-5600.06
-6210.44
4892.17
4320.27
3771.25
3276.94
2849.64
2488.53
2186.51
1934.54
1723.92
1547.14
1398.05
1271.8
1164.57
1073.43
996.15
931.032
876.847
832.749
798.238
773.14
757.616
752.183
757.757
775.687
807.762
856.104
922.804
1009.03
1113.2
1227.99
1336.72
1412.84
1430.58
1391.23
1323.19
1255.79
1208.52
1191.29
1207.02
1252.82
1318.57
1384.02
1418.53
1392.47
1304.98
1183.92
1058.16
946.25
857.058
793.466
755.341
740.87
746.323
764.47
782.358
780.909
741.745
664.039
564.476
460.315
362.494
276.011
202.234
140.803
90.66
50.272
17.1722
-13.1297
-48.5233
-100.578
-180.611
-289.931
-419.909
-561.859
-711.101
-866.819
-1030.8
-1206.37
-1397.8
-1609.94
-1848.02
-2117.52
-2424.4
-2776.32
-3185.26
-3666.3
-4231.89
-4884.88
-5609.47
-6362.91
5015.56
4264.74
3574.23
2991.65
2520.78
2146.39
1849.09
1611.41
1419.43
1262.63
1133.24
1025.55
935.36
859.604
796.018
742.962
699.28
664.217
637.377
618.708
608.534
607.617
617.271
639.519
677.311
734.73
817.044
930.149
1078.36
1258.56
1448.53
1592.3
1610.16
1503.77
1356.38
1228.01
1145.85
1118.94
1149.36
1235.72
1369.19
1521.66
1630.13
1607.05
1451.29
1248.02
1057.5
904.626
794.56
725.25
693.646
697.669
735.362
801.048
877.514
926.31
893.955
779.587
634.892
496.278
378.499
284.146
211.294
157.342
120.453
99.6953
94.1592
100.609
108.922
96.4575
31.6579
-86.6992
-229.584
-377.144
-522.504
-666.381
-812.818
-967.14
-1135.27
-1323.56
-1538.61
-1786.63
-2072.75
-2403.01
-2796.37
-3284.92
-3900.67
-4666.28
-5576.81
-6567.6
5203.01
4122.01
3221.51
2545.23
2052.74
1693.05
1425.67
1222.34
1064.16
938.553
837.083
753.993
685.293
628.177
580.656
541.33
509.242
483.791
464.696
451.992
446.071
447.781
458.598
480.919
518.546
577.45
666.884
800.655
997.359
1274.98
1626.75
1952.95
1968.52
1675.26
1362.07
1133.6
1003.51
963.95
1011.06
1150.69
1392.37
1722.52
2031.03
2012.57
1665.91
1293.67
1002.54
801.285
673.305
602.674
580.584
605.915
684.014
822.018
1012.42
1188.46
1164.16
938.715
696.47
502.173
360.715
261.274
193.096
149.267
126.974
127.151
153.829
211.599
296.207
368.771
320.971
151.792
-32.5652
-195.616
-336.039
-462.235
-583.441
-707.97
-843.636
-998.581
-1181.62
-1400.75
-1657.39
-1938.67
-2270.2
-2720.13
-3353.3
-4238.62
-5428.1
-6860.71
5514.98
3718.95
2545.61
1833.97
1393.31
1106.65
909.89
768.157
661.891
579.639
514.386
461.655
418.488
382.878
353.443
329.23
309.603
294.173
282.776
275.47
272.583
274.797
283.324
300.24
329.101
376.166
452.826
580.477
799.764
1184.54
1841.68
2760.75
2771.48
1875.31
1245.67
897.437
730.757
684.072
739.483
918.596
1288.05
1954.44
2902.61
2890.55
1917.25
1222.44
818.074
592.367
469.408
410.147
399.183
438.111
546.33
767.452
1167.87
1739
1723.87
1121.93
688.921
431.917
282.375
193.339
139.799
110.144
101.099
116.397
168.668
283.858
500.73
814.277
784.94
412.041
133.712
-46.7013
-170.071
-265.264
-349.257
-432.727
-524.195
-633.092
-772.585
-960.777
-1206.45
-1401.85
-1573.38
-1891.27
-2442.55
-3372.57
-4928.8
-7322.21
6089.7
2418.88
1204.67
732.314
511.985
390.687
314.794
262.834
224.985
196.197
173.614
155.506
140.764
128.654
118.68
110.501
103.894
98.7246
94.9388
92.5646
91.7293
92.6974
95.9489
102.336
113.417
132.235
165.308
228.301
363.802
701.816
1679.31
4876.34
4880.19
1691.4
723.98
399.765
285.153
257.127
289.717
412.341
756.074
1780.44
5156.72
5152.51
1767.41
732.891
376.277
235.446
173.747
148.035
145.896
170.487
246.005
454.62
1077.37
3133.54
3128.4
1061.74
427.85
206.86
116.871
74.2588
52.0815
41.3181
40.1386
52.366
92.8469
209.61
565.899
1753.31
1743.42
535.977
158.915
20.0345
-44.6902
-84.42
-115.815
-145.948
-179.63
-223.513
-293.395
-437.997
-827.896
-899.382
-665.684
-726.199
-986.209
-1604.54
-3223.51
-8135.16
-6055.25
-6400.47
-6728.45
-7035.75
-7319.67
-7578.3
-7810.44
-8015.54
-8193.5
-8344.58
-8469.26
-8568.09
-8641.64
-8690.38
-8714.66
-6067.87
-6417.15
-6748.54
-7058.5
-7344.31
-7604.1
-7836.8
-8041.96
-8219.64
-8370.24
-8494.35
-8592.62
-8665.68
-8714.07
-8738.16
-6093.59
-6451.15
-6789.48
-7104.79
-7394.32
-7656.34
-7889.99
-8095.13
-8272.13
-8421.65
-8544.52
-8641.58
-8713.62
-8761.27
-8784.97
-6133.3
-6503.82
-6852.84
-7176.22
-7471.18
-7736.25
-7970.98
-8175.73
-8351.35
-8498.95
-8619.72
-8714.8
-8785.17
-8831.62
-8854.71
-6188.58
-6577.4
-6941.22
-7275.42
-7577.28
-7845.8
-8081.24
-8284.73
-8457.83
-8602.31
-8719.84
-8811.93
-8879.84
-8924.57
-8946.76
-6261.84
-6675.39
-7058.62
-7406.31
-7716.05
-7987.72
-8222.73
-8423.36
-8592.19
-8731.83
-8844.58
-8932.42
-8996.91
-9039.25
-9060.21
-6356.82
-6803.13
-7210.95
-7574.49
-7892.21
-8165.58
-8397.88
-8593.02
-8755
-8887.45
-8993.43
-9075.42
-9135.31
-9174.48
-9193.84
-6479.35
-6968.75
-7406.91
-7787.83
-8112
-8383.81
-8609.4
-8795.09
-8946.58
-9068.75
-9165.47
-9239.69
-9293.59
-9328.7
-9346.01
-6638.7
-7185.01
-7659.43
-8057.24
-8383.42
-8647.52
-8860.05
-9030.51
-9166.69
-9274.72
-9359.19
-9423.43
-9469.8
-9499.88
-9514.67
-6850.57
-7472.52
-7987.88
-8397.54
-8716.14
-8962.02
-9151.97
-9299.36
-9414.12
-9503.42
-9572.3
-9624.2
-9661.42
-9685.47
-9697.28
-7143.29
-7865.94
-8421.34
-8828.15
-9120.8
-9331.68
-9485.64
-9599.97
-9686.15
-9751.71
-9801.55
-9838.77
-9865.33
-9882.44
-9890.82
-7572.81
-8425.9
-9002.64
-9372.12
-9606.4
-9757.43
-9858.09
-9927.83
-9977.9
-10014.9
-10042.6
-10063.1
-10077.8
-10087.2
-10091.9
-8263.41
-9261.46
-9790.39
-10050.4
-10174.3
-10232.7
-10260.6
-10274.4
-10281.8
-10286.4
-10289.8
-10292.4
-10294.5
-10295.9
-10296.6
-9533.53
-10565.3
-10846.2
-10864
-10806.7
-10737.7
-10676.2
-10626.4
-10587.7
-10558.4
-10536.8
-10521.4
-10510.9
-10504.3
-10501.2
-12349.7
-12618.8
-12164.2
-11751.6
-11449.8
-11234.3
-11079.2
-10966.2
-10883
-10821.7
-10776.8
-10744.6
-10722.3
-10708.4
-10701.7
8728.13
8727.96
8727.97
8728.94
8732.21
8739.96
8755.67
8785.02
8837.47
8929.45
9091.35
9385.18
9960.35
11272.9
15121.1
8887.84
8888.87
8891.29
8895.9
8904.08
8918.06
8941.45
8980.07
9043.76
9149.55
9328.36
9638.19
10189.4
11172.5
12694.3
9046.31
9048.28
9052.55
9059.84
9071.38
9089.12
9116.11
9157.2
9220.25
9318.39
9473.82
9722.98
10117.9
10697.4
11332.1
9202.89
9205.56
9211.17
9220.29
9233.84
9253.21
9280.46
9318.54
9371.82
9446.87
9553.63
9705.93
9917.75
10183.2
10418.6
9357.07
9360.26
9366.82
9377.11
9391.7
9411.31
9436.75
9468.77
9507.68
9552.77
9601.26
9646.95
9679.71
9689.15
9676.42
9508.49
9512.06
9519.31
9530.39
9545.53
9564.8
9587.92
9613.64
9638.67
9655.73
9650.27
9596.37
9457.28
9209.94
8933.33
9656.87
9660.76
9668.56
9680.3
9695.92
9715.07
9736.73
9758.4
9774.59
9773.76
9732.35
9604.36
9309.45
8750.47
8006.14
9801.98
9806.16
9814.5
9826.94
9843.29
9863.03
9884.95
9906.39
9921.76
9919.4
9873.96
9727.68
9344.42
8419.17
6570.09
9943.62
9948.09
9957.01
9970.29
9987.73
10008.9
10032.9
10058
10080.6
10094.4
10085
10015
9755.21
8728.89
3858.04
10081.6
10086.4
10095.9
10110.2
10129
10152.3
10179.6
10210.6
10245.1
10284.8
10337.5
10433.6
10697.7
11707.9
16551.6
10215.6
10220.7
10230.9
10246.2
10266.6
10292.2
10323.1
10360.1
10405.4
10465.7
10559.2
10734.8
11121.5
12024
13837.5
10345.5
10350.9
10361.8
10378.2
10400.1
10427.8
10461.9
10503.3
10554.7
10622.9
10723.1
10888.9
11186.5
11706.7
12391.4
10471
10476.7
10488.2
10505.6
10528.9
10558.5
10594.8
10638.7
10691.8
10757.4
10840.9
10950.8
11096.4
11274.3
11429.6
10591.9
10597.9
10610
10628.3
10652.8
10683.9
10721.9
10767.1
10819.7
10878.7
10939.6
10987.2
10983.3
10857
10584.4
10708
10714.3
10726.9
10745.9
10771.5
10803.9
10843.4
10889.8
10942.4
10998.1
11046.8
11059
10954.3
10540.8
9558.61
10819.1
10825.6
10838.6
10858.3
10884.9
10918.5
10959.3
11007.5
11062.3
11121.8
11178.8
11211.1
11139.3
10618.9
7859.63
10925
10931.7
10945.1
10965.4
10992.7
11027.3
11069.6
11119.9
11178.5
11246.5
11327.2
11435
11635.1
12251.2
15051.2
11025.7
11032.5
11046.2
11066.9
11094.8
11130.3
11173.7
11225.8
11287.4
11361.7
11456.2
11594
11841.3
12366.1
13398.7
11121
11127.9
11141.8
11162.8
11191
11227
11271.2
11324.2
11387
11462.1
11554.5
11676.4
11854.2
12127.8
12472.5
11210.9
11217.8
11231.8
11252.8
11281.3
11317.5
11362
11415.1
11477.5
11549.8
11631.5
11719.2
11799.8
11839.3
11795
11295.3
11302.2
11316.1
11337.1
11365.5
11401.6
11446
11498.9
11560.5
11630.2
11703.7
11766.4
11773.4
11608.4
11096.1
11374.3
11381.1
11394.8
11415.6
11443.6
11479.4
11523.3
11575.9
11637.3
11707.3
11782.8
11851.5
11865.7
11617.9
10050.9
11447.9
11454.6
11468
11488.3
11515.8
11550.8
11594
11646
11707.4
11779.8
11865.8
11973.7
12139.3
12542.9
14196.5
11516.2
11522.7
11535.6
11555.3
11582
11616
11658
11708.7
11769.3
11842.2
11932.9
12055.3
12246.8
12599.2
13230.7
11579.3
11585.5
11598
11616.8
11642.3
11675
11715.2
11763.8
11821.9
11891.6
11977.2
12088.1
12241.8
12460.8
12713.4
11637.5
11643.4
11655.2
11673
11697.1
11728
11766
11811.7
11865.7
11929.1
12003.4
12090.3
12190.7
12298.3
12381.5
11691
11696.5
11707.4
11724.1
11746.6
11775.4
11810.7
11852.9
11902.2
11958.4
12020
12082.4
12134
12151.9
12117.3
11740
11745
11755.1
11770.4
11791.1
11817.5
11850
11888.6
11933.2
11983.1
12035.3
12081.3
12099.8
12041.4
11839
11784.8
11789.3
11798.5
11812.3
11831
11854.8
11884.2
11919.2
11959.9
12005.6
12054.1
12098.7
12118.1
12030.1
11430.3
11825.8
11829.8
11837.9
11850
11866.5
11887.7
11913.8
11945.2
11982.3
12025.3
12074.8
12132.7
12210.3
12373.4
13004.1
11863.4
11866.8
11873.7
11884.1
11898.2
11916.4
11939
11966.6
11999.8
12039.8
12088.9
12152.1
12242.4
12391.2
12637.3
11898
11900.8
11906.4
11914.8
11926.4
11941.3
11960.1
11983.3
12011.7
12047.2
12092.5
12152
12232.9
12340.4
12451.9
11930
11932.1
11936.4
11942.8
11951.6
11963
11977.4
11995.5
12018.1
12047.1
12085.2
12136.3
12204.1
12285.9
12354.3
11959.9
11961.3
11964.1
11968.4
11974.2
11981.8
11991.5
12003.7
12019.3
12040
12068.2
12108
12164.5
12239.9
12314.7
11988.2
11988.9
11990.3
11992.3
11995.1
11998.6
12003.1
12008.9
12016.4
12026.8
12042.4
12067.3
12110.9
12193.4
12337.3
12015.3
12015.3
12015.2
12015.1
12014.7
12014.1
12013.2
12012
12010.6
12009.3
12009.2
12012.8
12029.5
12103.1
12470.3
12041.8
12041.2
12039.7
12037.3
12033.8
12029.1
12022.9
12014.7
12004
11990.3
11972.6
11948.2
11907.8
11808
11412.2
12068.3
12066.9
12064.1
12059.7
12053.3
12044.6
12033.2
12018.2
11998.8
11973.4
11940
11894
11826.5
11717.7
11545
12095
12093.1
12089.1
12082.7
12073.7
12061.4
12045.3
12024.3
11996.9
11961.5
11915.2
11854
11773.2
11671
11567.3
12122.6
12120.1
12115.1
12107.1
12095.7
12080.4
12060.2
12034
12000.1
11956.4
11899.9
11826.8
11733.8
11624.4
11526.9
12151.3
12148.4
12142.5
12133.2
12120
12102.1
12078.7
12048.4
12009.4
11959.5
11895.5
11812.7
11705
11568.7
11428
12181.5
12178.3
12171.8
12161.5
12146.9
12127.2
12101.5
12068.3
12025.8
11971.8
11903.4
11815.2
11695.2
11515.1
11240.3
12213.4
12210
12203.1
12192.2
12176.8
12156
12128.9
12093.9
12049.4
11993.6
11924.5
11839
11726.4
11526
10870.4
12247.1
12243.7
12236.6
12225.6
12209.9
12188.8
12161.2
12125.7
12080.5
12024.2
11956.3
11880.9
11818
11852.2
12392.3
12282.7
12279.4
12272.5
12261.6
12246.3
12225.6
12198.6
12163.6
12118.8
12062.3
11992.9
11913.8
11841.6
11826.8
11956.4
12320.2
12317.1
12310.6
12300.4
12285.9
12266.5
12241
12207.9
12164.8
12108.8
12035.9
11941.6
11825.1
11701.1
11616
12359.5
12356.7
12350.8
12341.6
12328.6
12311.2
12288.4
12258.6
12219.4
12166.8
12093.3
11984.3
11813.7
11548.2
11221.8
12400.4
12398
12392.9
12385.1
12374
12359.3
12340.2
12315.4
12282.9
12239
12175.1
12069.7
11867.8
11437.4
10605.8
12442.6
12440.6
12436.6
12430.3
12421.6
12410.1
12395.5
12377.1
12354.1
12324.9
12285.4
12221.9
12080.3
11604.9
9416.92
12485.8
12484.4
12481.5
12476.9
12470.8
12462.8
12453.1
12441.8
12429.3
12417.7
12412
12428.1
12524.3
12961.6
15124
12529.7
12528.8
12527
12524.4
12520.8
12516.4
12511.6
12506.9
12503.8
12506.2
12523.4
12578.7
12731.5
13120.3
13924.8
12573.8
12573.5
12572.9
12572.1
12571.1
12570.1
12569.7
12570.5
12574.1
12584.2
12608.1
12661.4
12774.9
12990.7
13287.1
12617.8
12618
12618.6
12619.6
12621
12623.2
12626.6
12631.9
12639.9
12652.5
12672.1
12702.4
12747.1
12805.3
12858
12661.3
12662.1
12663.8
12666.4
12670.1
12675.3
12682.1
12691
12702.3
12715.6
12728.7
12733.4
12710.1
12623.8
12468.2
12703.9
12705.2
12708
12712.2
12718
12725.8
12735.8
12748.3
12763.1
12778.9
12790.9
12783.9
12716.8
12490.7
11972.8
12745.3
12747.1
12750.8
12756.5
12764.3
12774.6
12787.6
12803.7
12823
12844.7
12866
12876
12833.8
12560.3
11120.4
12785.1
12787.4
12792
12799
12808.6
12821.2
12837.1
12856.7
12880.9
12910.7
12949
13004.2
13111.6
13439.8
14908.9
12823.1
12825.8
12831.2
12839.4
12850.7
12865.3
12883.6
12906.4
12934.6
12970.7
13019.9
13096.1
13235.9
13526.8
14082.8
12859
12862
12868.1
12877.4
12890.1
12906.5
12926.9
12952
12982.8
13021.3
13071.9
13143.8
13254.9
13429.6
13646.1
12892.4
12895.8
12902.5
12912.8
12926.7
12944.6
12966.6
12993.3
13025.3
13063.3
13108.9
13163.9
13229.7
13303.1
13363.1
12923.3
12926.9
12934.3
12945.4
12960.4
12979.5
13002.9
13030.8
13063.3
13099.9
13139.2
13176.2
13199.1
13185.8
13125.2
12951.3
12955.2
12963.1
12974.9
12990.9
13011.2
13035.8
13064.9
13098.1
13134.5
13170.9
13198.3
13193.2
13101.3
12848.7
12976.3
12980.4
12988.8
13001.4
13018.2
13039.5
13065.3
13095.7
13130.5
13168.8
13208.5
13242.5
13247.6
13128.1
12400.5
12998.1
13002.5
13011.3
13024.5
13042.2
13064.5
13091.4
13123.3
13160
13202
13249.8
13306.6
13388.1
13577.1
14340.2
13016.6
13021.2
13030.4
13044.2
13062.6
13085.8
13113.9
13147.1
13185.7
13230.7
13284.6
13353.3
13453.7
13626.9
13924.8
13031.6
13036.4
13046
13060.4
13079.5
13103.5
13132.5
13166.7
13206.6
13253.1
13308.6
13377.7
13468.5
13589.6
13720.7
13043
13048
13058
13072.9
13092.7
13117.5
13147.3
13182.2
13222.5
13269
13323
13386.6
13461.8
13544.9
13612.3
13050.6
13055.8
13066.2
13081.7
13102.2
13127.7
13158.1
13193.5
13233.7
13279.2
13330.3
13387.3
13449.2
13510.8
13555.3
13054.2
13059.7
13070.5
13086.6
13107.9
13134.2
13165.3
13201
13241.1
13285.3
13333.2
13384.1
13436.5
13488.1
13534
13053.8
13059.5
13070.8
13087.7
13109.8
13137
13168.9
13205.2
13245.2
13288.4
13333.7
13379.4
13423.9
13469.1
13549.1
13049.1
13055.1
13067
13084.7
13107.9
13136.2
13169.2
13206.3
13246.9
13289.7
13333.5
13375.4
13410.4
13425.7
13373.9
13039.9
13046.2
13058.9
13077.6
13102
13131.8
13166.3
13204.8
13246.5
13290.2
13334.1
13375.7
13410.1
13428.3
13418.4
13025.9
13032.7
13046.2
13066.1
13092.1
13123.7
13160.2
13200.8
13244.4
13290
13336.1
13380.7
13420.7
13450.2
13461.1
13006.8
13014.2
13028.7
13050.1
13078.1
13111.9
13151
13194.2
13240.6
13289.1
13338.7
13388.6
13438.1
13484.4
13516.4
12982.4
12990.3
13006
13029.3
13059.5
13096.2
13138.4
13185.1
13235
13287
13340.6
13396.4
13457.5
13528.2
13598.9
12952
12960.7
12977.8
13003.2
13036.2
13076.3
13122.4
13173.3
13227.5
13283.6
13340.6
13400.1
13469.7
13571.7
13735.6
12915.3
12924.8
12943.6
12971.4
13007.7
13051.9
13102.8
13158.9
13218.4
13279.1
13338.6
13396.3
13459
13571.7
13991.3
12871.7
12882.1
12902.7
12933.3
12973.4
13022.4
13079.1
13141.8
13208.2
13275
13337.5
13388.7
13413.2
13358.3
12961.3
12820.6
12832
12854.6
12888.3
12932.7
12987.2
13050.8
13121.7
13197.3
13273.4
13343.9
13399.1
13422.1
13382.1
13242.9
12761.2
12773.6
12798.4
12835.4
12884.5
12945.4
13017.1
13098.1
13185.6
13275.3
13360.7
13431.6
13474.5
13474.4
13433
12692.9
12706.3
12733.3
12773.8
12827.9
12895.7
12976.6
13069.5
13172
13280
13387
13483.1
13556.2
13595.1
13599.4
12614.9
12629.4
12658.4
12702.3
12761.5
12836.5
12927.4
13033.8
13154.2
13285
13420.4
13550.2
13661.4
13739.2
13774.1
12526.6
12541.9
12572.7
12619.8
12683.8
12765.9
12867.2
12988.1
13128.6
13286.7
13457.1
13630
13789.2
13912.9
13978.1
12427.3
12443.2
12475.5
12525.1
12593.2
12681.8
12792.8
12928.5
13090.5
13279.3
13491.8
13718.9
13941.3
14126.7
14232.7
12316.6
12332.9
12366
12417.1
12488.1
12581.7
12701
12850.2
13033.5
13255
13516
13810.7
14118.8
14395.1
14566.1
12194.3
12210.5
12243.6
12295
12367.1
12463.3
12588.1
12747.7
12949.7
13203
13516.3
13892.7
14317.9
14736.2
15023.4
12060.4
12076
12108
12158.1
12229
12324.6
12450.8
12615.4
12829.8
13109
13472.3
13940.5
14521.4
15168
15685.3
11915.3
11929.8
11959.6
12006.5
12073.3
12164.4
12286.3
12448.3
12664.5
12956.1
13355.3
13909.6
14679
15689.1
16711.7
11759.8
11772.6
11799
11840.7
11900.4
11982.6
12093.6
12243.2
12446.5
12728.1
13130.1
13728.8
14668.9
16201.2
18453.2
11595.1
11605.6
11627.4
11661.9
11711.7
11780.4
11873.8
12000.4
12173.8
12416.2
12767.9
13310.7
14247
16213.2
21763.6
-20339.6
-15163.7
-13333
-12462.7
-11959.1
-11633.3
-11409.2
-11249.4
-11132.8
-11047.2
-10984.3
-10939
-10907.7
-10887.9
-10878.4
-17249
-15153.2
-13727.6
-12853.8
-12297.7
-11924.8
-11663.9
-11475.9
-11337.8
-11235.6
-11160.2
-11105.5
-11067.4
-11043.3
-11031.7
-15624.2
-14676.4
-13738.2
-13023.3
-12508.4
-12137.7
-11867.2
-11667
-11517.2
-11404.7
-11320.9
-11259.6
-11216.7
-11189.5
-11176.2
-14668.4
-14192
-13592.7
-13053.2
-12618.1
-12280.3
-12021.1
-11822.3
-11669.9
-11553.3
-11465.3
-11400.3
-11354.4
-11325.1
-11310.8
-14054.1
-13792
-13404.9
-13009.8
-12659.4
-12367.7
-12132.1
-11944.6
-11796.8
-11681.5
-11593
-11526.9
-11479.8
-11449.6
-11434.9
-13632.6
-13478
-13221.9
-12934.5
-12659.1
-12415.4
-12208.9
-12038.6
-11900.5
-11790.4
-11704.5
-11639.5
-11592.9
-11562.7
-11547.9
-13329.3
-13233.5
-13059.8
-12850
-12636
-12436.4
-12260
-12109.4
-11983.9
-11881.7
-11800.7
-11738.6
-11693.7
-11664.4
-11650
-13103.4
-13042.3
-12921.9
-12767.7
-12602
-12440.5
-12292.4
-12161.9
-12050.4
-11957.7
-11883
-11825.1
-11782.8
-11755
-11741.3
-12930.7
-12891.4
-12806.7
-12692.4
-12564.3
-12434.6
-12311.7
-12200.3
-12103
-12020.5
-11953
-11900
-11860.9
-11835.2
-11822.4
-12796.2
-12771.2
-12711.1
-12626.1
-12527
-12423.3
-12322.2
-12228.3
-12144.4
-12072.2
-12012.2
-11964.5
-11929.1
-11905.6
-11893.9
-12689.8
-12674.8
-12632.1
-12568.6
-12492
-12409.5
-12326.9
-12248.5
-12177.1
-12114.6
-12062
-12019.8
-11988.2
-11967.1
-11956.5
-12604.6
-12596.7
-12566.7
-12519.4
-12460.3
-12394.9
-12327.9
-12263
-12202.9
-12149.4
-12103.9
-12067
-12039.1
-12020.5
-12011.1
-12535.9
-12533.1
-12512.6
-12477.6
-12432.3
-12380.7
-12326.7
-12273.4
-12223.2
-12177.9
-12139
-12107.2
-12082.9
-12066.6
-12058.4
-12480
-12481
-12467.6
-12442.2
-12407.7
-12367.4
-12324.2
-12280.8
-12239.3
-12201.4
-12168.4
-12141.3
-12120.4
-12106.3
-12099.2
-12434.2
-12438.2
-12430.3
-12412.4
-12386.5
-12355.2
-12321
-12286.1
-12252.1
-12220.7
-12193.1
-12170.2
-12152.5
-12140.5
-12134.4
-12396.5
-12402.8
-12399.2
-12387.1
-12368.3
-12344.4
-12317.7
-12289.8
-12262.3
-12236.6
-12213.8
-12194.7
-12179.8
-12169.7
-12164.6
-12365.4
-12373.4
-12373.3
-12365.9
-12352.6
-12334.9
-12314.3
-12292.5
-12270.5
-12249.7
-12231.1
-12215.4
-12203.1
-12194.7
-12190.4
-12339.5
-12349
-12351.5
-12347.9
-12339.2
-12326.5
-12311.2
-12294.4
-12277.2
-12260.6
-12245.7
-12233
-12223
-12216.1
-12212.6
-12317.9
-12328.5
-12333.3
-12332.8
-12327.8
-12319.3
-12308.2
-12295.7
-12282.6
-12269.7
-12257.9
-12247.8
-12239.9
-12234.3
-12231.5
-12299.8
-12311.4
-12317.9
-12320
-12318.1
-12313
-12305.6
-12296.7
-12287
-12277.3
-12268.3
-12260.5
-12254.3
-12249.9
-12247.7
-12284.6
-12296.9
-12305
-12309.1
-12309.7
-12307.5
-12303.2
-12297.4
-12290.6
-12283.7
-12277.1
-12271.3
-12266.6
-12263.3
-12261.5
-12271.7
-12284.7
-12293.9
-12299.8
-12302.6
-12302.8
-12301
-12297.9
-12293.7
-12289
-12284.5
-12280.4
-12277.1
-12274.7
-12273.5
-12260.7
-12274.2
-12284.5
-12291.8
-12296.4
-12298.7
-12299.1
-12298.2
-12296.2
-12293.6
-12290.9
-12288.4
-12286.2
-12284.6
-12283.8
-12251.3
-12265.2
-12276.3
-12284.9
-12291
-12295.1
-12297.5
-12298.5
-12298.4
-12297.6
-12296.4
-12295.2
-12294.1
-12293.2
-12292.8
-12243
-12257.3
-12269.2
-12278.8
-12286.3
-12291.9
-12295.9
-12298.7
-12300.2
-12301
-12301.3
-12301.2
-12301
-12300.8
-12300.6
-12235.7
-12250.3
-12262.9
-12273.4
-12282.1
-12289.1
-12294.6
-12298.8
-12301.9
-12304
-12305.5
-12306.6
-12307.2
-12307.5
-12307.7
-12229.1
-12244
-12257.2
-12268.6
-12278.3
-12286.5
-12293.4
-12298.9
-12303.3
-12306.8
-12309.4
-12311.4
-12312.8
-12313.6
-12314
-12222.9
-12238.1
-12251.9
-12264.1
-12274.8
-12284.2
-12292.2
-12299.1
-12304.7
-12309.3
-12313
-12315.9
-12318
-12319.3
-12319.9
-12217.1
-12232.6
-12246.8
-12259.8
-12271.5
-12281.9
-12291.2
-12299.2
-12306
-12311.7
-12316.4
-12320.1
-12322.9
-12324.6
-12325.5
-12211.3
-12227.1
-12241.9
-12255.6
-12268.3
-12279.8
-12290.2
-12299.4
-12307.4
-12314.1
-12319.8
-12324.3
-12327.6
-12329.8
-12330.9
-12205.4
-12221.5
-12236.8
-12251.4
-12265
-12277.6
-12289.2
-12299.6
-12308.7
-12316.6
-12323.2
-12328.5
-12332.4
-12335.1
-12336.4
-12199.2
-12215.6
-12231.6
-12247
-12261.6
-12275.4
-12288.2
-12299.9
-12310.2
-12319.1
-12326.7
-12332.8
-12337.4
-12340.5
-12342
-12192.5
-12209.3
-12225.9
-12242.2
-12258.1
-12273.1
-12287.3
-12300.3
-12311.9
-12322
-12330.5
-12337.5
-12342.7
-12346.2
-12347.9
-12185
-12202.2
-12219.6
-12237.1
-12254.2
-12270.8
-12286.4
-12300.9
-12313.8
-12325.1
-12334.7
-12342.5
-12348.4
-12352.3
-12354.3
-12176.5
-12194.1
-12212.5
-12231.3
-12250
-12268.2
-12285.6
-12301.6
-12316.1
-12328.7
-12339.4
-12348.2
-12354.7
-12359.1
-12361.3
-12166.4
-12184.7
-12204.3
-12224.7
-12245.3
-12265.5
-12284.8
-12302.8
-12318.9
-12332.9
-12344.9
-12354.5
-12361.8
-12366.7
-12369.1
-12154.5
-12173.6
-12194.7
-12217.2
-12240.1
-12262.7
-12284.3
-12304.3
-12322.3
-12337.9
-12351.1
-12361.8
-12369.8
-12375.2
-12377.9
-12140.1
-12160.3
-12183.4
-12208.4
-12234.2
-12259.7
-12284
-12306.5
-12326.5
-12343.9
-12358.5
-12370.2
-12379
-12384.9
-12387.8
-12122.4
-12144.1
-12169.9
-12198.3
-12227.8
-12256.8
-12284.3
-12309.5
-12331.9
-12351.1
-12367.1
-12379.9
-12389.5
-12395.8
-12399
-12100.3
-12124.1
-12153.6
-12186.6
-12220.8
-12254.1
-12285.5
-12313.8
-12338.6
-12359.8
-12377.3
-12391.2
-12401.5
-12408.3
-12411.7
-12072.5
-12099.4
-12134.1
-12173.2
-12213.4
-12252.2
-12287.9
-12319.7
-12347.2
-12370.3
-12389.3
-12404.2
-12415.3
-12422.5
-12426.1
-12036.6
-12068.2
-12110.5
-12158.2
-12206.2
-12251.5
-12292.3
-12327.8
-12358
-12383.1
-12403.5
-12419.3
-12431
-12438.6
-12442.4
-11989.5
-12028.5
-12082.4
-12141.9
-12200.2
-12253.2
-12299.5
-12338.9
-12371.7
-12398.6
-12420.1
-12436.7
-12448.8
-12456.7
-12460.6
-11925.8
-11977.4
-12049.3
-12125.7
-12196.8
-12258.8
-12310.9
-12353.9
-12388.9
-12417.1
-12439.4
-12456.5
-12468.9
-12477
-12480.9
-11836.8
-11911
-12012.1
-12112.2
-12199.1
-12270.4
-12327.8
-12373.6
-12410.2
-12439.1
-12461.8
-12479
-12491.4
-12499.4
-12503.4
-11706.5
-11824.7
-11974.5
-12107.1
-12211.3
-12291
-12352
-12399.2
-12436.1
-12464.9
-12487.3
-12504.2
-12516.3
-12524.2
-12528
-11504.1
-11715
-11947.8
-12120.6
-12239.9
-12323.8
-12385.1
-12431.4
-12467
-12494.7
-12516.1
-12532.2
-12543.7
-12551.2
-12554.8
-11164.6
-11588.8
-11961.8
-12170.6
-12292.4
-12371.7
-12428
-12470.3
-12502.9
-12528.3
-12547.9
-12562.7
-12573.4
-12580.2
-12583.6
-8854.65
-11496.7
-12089.2
-12280.3
-12374
-12435
-12480.2
-12515.4
-12543.3
-12565.4
-12582.6
-12595.7
-12605.1
-12611.2
-12614.2
-14811.5
-12827.9
-12494.9
-12457.2
-12477.8
-12508.7
-12538.9
-12565.2
-12587.3
-12605.4
-12619.7
-12630.7
-12638.7
-12643.9
-12646.4
-13738.8
-13013.3
-12695.5
-12593.5
-12574
-12582.8
-12599.7
-12617.6
-12633.8
-12647.5
-12658.7
-12667.4
-12673.7
-12677.9
-12679.9
-13173.5
-12916.2
-12746.3
-12672.5
-12650.4
-12650.8
-12659.6
-12670.7
-12681.5
-12691
-12699
-12705.3
-12709.9
-12713
-12714.5
-12790
-12758.8
-12730.7
-12715.6
-12711.1
-12712.8
-12717.7
-12723.7
-12729.7
-12735.2
-12740
-12743.9
-12746.7
-12748.7
-12749.6
-12431
-12599.6
-12706.1
-12751.4
-12767.3
-12772.5
-12774.7
-12776.3
-12777.9
-12779.6
-12781.3
-12782.7
-12783.9
-12784.7
-12785
-11957.7
-12484
-12724.1
-12807.5
-12830.9
-12834.2
-12831.8
-12828.6
-12825.8
-12823.8
-12822.4
-12821.5
-12820.9
-12820.5
-12820.4
-11121.7
-12567.3
-12850.9
-12905.4
-12908.4
-12899.7
-12889.4
-12880.3
-12872.9
-12867.2
-12862.8
-12859.6
-12857.4
-12855.9
-12855.2
-14922.8
-13457.7
-13136.9
-13038.9
-12994
-12966
-12945.9
-12930.6
-12918.6
-12909.3
-12902.2
-12896.8
-12892.9
-12890.5
-12889.2
-14106.4
-13553.4
-13268
-13135.6
-13067.5
-13026.8
-12998.9
-12978.2
-12962.2
-12949.7
-12939.9
-12932.6
-12927.2
-12923.8
-12922.1
-13677.4
-13463.2
-13292.8
-13187.3
-13122
-13078.4
-13046.7
-13022.3
-13003.1
-12987.8
-12975.8
-12966.6
-12959.9
-12955.5
-12953.4
-13400.6
-13342.4
-13272.3
-13211
-13161.4
-13121.4
-13089.1
-13062.7
-13041
-13023.4
-13009.4
-12998.6
-12990.6
-12985.4
-12982.9
-13167.7
-13229.8
-13245.6
-13226.4
-13193.7
-13159.1
-13127.2
-13099.4
-13075.8
-13056.3
-13040.5
-13028.2
-13019.2
-13013.2
-13010.3
-12895.4
-13149
-13243.1
-13251
-13227.1
-13194.6
-13162.2
-13132.9
-13107.5
-13086.2
-13068.9
-13055.3
-13045.2
-13038.6
-13035.3
-12450.5
-13179
-13300.2
-13297.5
-13266.3
-13229.8
-13194.8
-13163.4
-13136.1
-13113.1
-13094.3
-13079.6
-13068.6
-13061.3
-13057.7
-14393
-13630.6
-13443
-13363.5
-13309
-13263.8
-13224.6
-13190.6
-13161.5
-13136.9
-13116.8
-13100.9
-13089
-13081.2
-13077.3
-13979.9
-13682.6
-13510.5
-13411.7
-13344.9
-13293.2
-13250.5
-13214.2
-13183.3
-13157.3
-13136
-13119
-13106.4
-13098.1
-13093.9
-13777.8
-13647.1
-13526.9
-13437.4
-13370
-13316.2
-13271.6
-13233.7
-13201.5
-13174.2
-13151.7
-13133.9
-13120.5
-13111.7
-13107.2
-13671
-13604
-13521.6
-13447.5
-13385.2
-13332.6
-13287.7
-13249.1
-13215.8
-13187.5
-13164
-13145.3
-13131.2
-13121.9
-13117.2
-13615.4
-13571.1
-13510.2
-13449.1
-13393.2
-13343.4
-13299.2
-13260.3
-13226.3
-13197.1
-13172.7
-13153.1
-13138.4
-13128.5
-13123.5
-13595.2
-13549.6
-13498.4
-13446.7
-13396.7
-13349.8
-13306.7
-13267.8
-13233.2
-13203.1
-13177.7
-13157.3
-13141.8
-13131.4
-13126.1
-13611.3
-13531.5
-13486.7
-13442.8
-13397.8
-13353.3
-13311.1
-13271.9
-13236.6
-13205.5
-13179.1
-13157.6
-13141.3
-13130.3
-13124.8
-13437
-13488.9
-13473.9
-13439.4
-13398
-13355
-13312.8
-13273.1
-13236.7
-13204.3
-13176.6
-13154
-13136.8
-13125.1
-13119.3
-13482.2
-13492.3
-13474.3
-13440.3
-13399.1
-13355.7
-13312.6
-13271.5
-13233.6
-13199.6
-13170.4
-13146.4
-13128
-13115.6
-13109.3
-13525.5
-13514.7
-13485.4
-13445.7
-13401.4
-13355.7
-13310.6
-13267.4
-13227.3
-13191.3
-13160.1
-13134.4
-13114.8
-13101.5
-13094.7
-13581.4
-13549.5
-13503.4
-13454.1
-13404.4
-13355.1
-13306.9
-13260.9
-13217.9
-13179.2
-13145.7
-13118
-13096.8
-13082.4
-13075.1
-13664.5
-13593.9
-13523.2
-13462.2
-13406.6
-13353.2
-13301.4
-13251.7
-13205.3
-13163.3
-13126.8
-13096.8
-13073.7
-13058
-13050.1
-13801.8
-13637.8
-13535.8
-13466.3
-13406.9
-13350
-13294
-13239.9
-13189.2
-13143.2
-13103.2
-13070.3
-13045.1
-13028
-13019.3
-14058
-13638.4
-13525.6
-13462.9
-13405.2
-13345.6
-13285
-13225.5
-13169.4
-13118.5
-13074.4
-13038.1
-13010.4
-12991.6
-12982.2
-13028.5
-13425.5
-13480.3
-13455.6
-13404.3
-13341.7
-13274.8
-13208.3
-13145.5
-13088.8
-13039.8
-12999.7
-12969.1
-12948.5
-12938.2
-13310.7
-13449.8
-13489.7
-13466.5
-13411
-13340.3
-13263.9
-13188.2
-13117.1
-13053.4
-12998.8
-12954.3
-12920.6
-12897.9
-12886.6
-13501.3
-13542.7
-13542.5
-13499.3
-13428
-13342.4
-13252.3
-13164.5
-13083.3
-13011.3
-12950.3
-12901
-12863.9
-12839.1
-12826.7
-13668.5
-13664
-13624.8
-13551.2
-13454.6
-13347.1
-13238.7
-13135.8
-13042.6
-12961.3
-12893.3
-12839
-12798.4
-12771.4
-12758
-13844
-13808.9
-13730.5
-13618.8
-13488.3
-13352.3
-13220.8
-13100
-12993.1
-12901.9
-12826.6
-12767.1
-12723
-12693.9
-12679.5
-14049.1
-13983.5
-13859.1
-13699.1
-13525.3
-13354
-13195.2
-13054.1
-12932.6
-12830.9
-12748.4
-12684.1
-12636.9
-12605.9
-12590.6
-14305
-14198.4
-14012
-13788.5
-13560.2
-13346.6
-13156.9
-12994.1
-12857.8
-12746.3
-12657.3
-12588.9
-12539.1
-12506.7
-12490.7
-14640.1
-14468.2
-14190.4
-13880.7
-13584.5
-13322.3
-13099.7
-12915.4
-12765.5
-12645.6
-12551.7
-12480.3
-12429
-12395.7
-12379.4
-15099.8
-14811.1
-14390.6
-13963.2
-13584.9
-13270
-13015.4
-12812.4
-12652.1
-12526.6
-12430
-12357.5
-12305.9
-12272.6
-12256.4
-15765.1
-15245.1
-14595.2
-14011.3
-13540.7
-13175.5
-12894.9
-12679.5
-12514
-12387.2
-12291.1
-12219.9
-12169.6
-12137.4
-12121.8
-16796.7
-15768.9
-14753.6
-13980.2
-13423.1
-13021.9
-12728.8
-12511.5
-12348.7
-12226.2
-12134.7
-12067.5
-12020.4
-11990.5
-11975.9
-18547.1
-16283.7
-14743.5
-13798.6
-13196.8
-12792.8
-12509.7
-12305.3
-12155
-12043.5
-11960.9
-11900.8
-11859
-11832.4
-11819.6
-21874.4
-16295.7
-14319.5
-13378.4
-12832.8
-12479.3
-12235.6
-12061.3
-11934
-11840.2
-11771.2
-11721.2
-11686.5
-11664.6
-11654
11405.5
11413
11428.6
11453.4
11489.1
11538.7
11606.1
11697.2
11820.6
11989.3
12223.1
12549.8
12995.9
13487.9
13206.9
11190.7
11194.4
11202.1
11214.3
11232.2
11256.8
11290.1
11333.7
11389.6
11458.2
11535.1
11599.8
11584.5
11287.4
10186
10971.7
10971.2
10970.4
10969.3
10967.9
10966
10963.1
10957.4
10945.3
10918.3
10858.9
10729.5
10454.3
9890.79
8823.81
10752.6
10748.1
10738.7
10724.1
10703.6
10675.8
10638.3
10587.2
10515.3
10410.6
10252.1
10004.5
9612.08
8997.2
8085.29
10537.8
10529.2
10511.7
10484.4
10446.2
10394.8
10326.8
10237.2
10117.8
9956.2
9733.85
9424.04
8991.9
8400.28
7628.79
10331.1
10318.8
10293.9
10255.4
10201.5
10129.8
10036.7
9916.62
9762.03
9562.18
9302.68
8965.49
8530.84
7982.87
7320.45
10136.1
10120.7
10089.4
10041.1
9974.15
9885.93
9772.91
9630.16
9451.13
9227.42
8948.81
8604.03
8182.76
7679.59
7099.53
9956.21
9938.14
9901.49
9845.2
9767.64
9666.46
9538.48
9379.57
9184.51
8947.17
8660.75
8318.69
7916.23
7452.88
6935.08
9793.94
9773.7
9732.75
9670.13
9584.36
9473.4
9334.61
9164.7
8959.79
8715.62
8427.98
8093.39
7710.27
7280.33
6809.85
9651.51
9629.57
9585.28
9517.8
9425.87
9307.79
9161.48
8984.45
8773.95
8527.2
8241.81
7916.28
7550.8
7148.01
6713.6
9530.62
9507.4
9460.59
9389.51
9293.11
9170.04
9018.7
8837.3
8623.98
8377.08
8095.43
7778.8
7428.33
7047
6639.89
9432.57
9408.41
9359.79
9286.13
9186.62
9060.18
8905.62
8721.69
8507.23
8261.34
7983.71
7674.84
7336.42
6971.48
6584.61
9358.3
9333.49
9283.63
9208.24
9106.65
8978.05
8821.54
8636.27
8421.54
8177.01
7902.88
7600.13
7270.69
6917.61
6545.07
9308.46
9283.24
9232.61
9156.16
9053.32
8923.45
8765.85
8579.93
8365.3
8121.93
7850.35
7551.78
7228.3
6882.92
6519.56
9283.44
9258.03
9207.03
9130.07
9026.66
8896.2
8738.12
8551.95
8337.44
8094.73
7824.48
7528.03
7207.52
6865.92
6507.04
8699.74
3440.81
1702.34
1026.61
711.666
538.291
429.684
355.108
300.508
258.649
225.439
198.386
175.883
156.847
140.522
126.362
113.965
103.025
93.3071
84.6266
76.8357
69.8144
63.4641
57.7026
52.4604
47.6785
43.3058
39.2979
35.6159
32.2253
29.0955
26.1989
23.5106
21.008
18.6704
16.4787
14.4153
12.4637
10.6086
8.83534
7.13023
5.47999
3.87188
2.29352
0.732761
-0.822367
-2.38381
-3.96355
-5.57373
-7.22676
-8.93541
-10.7129
-12.5732
-14.5307
-16.6009
-18.8004
-21.1469
-23.6594
-26.3587
-29.2676
-32.4111
-35.8169
-39.5157
-43.5422
-47.9356
-52.7403
-58.0077
-63.7972
-70.1786
-77.2344
-85.0639
-93.7875
-103.554
-114.548
-127.008
-141.239
-157.646
-176.778
-199.395
-226.585
-259.963
-302.034
-356.912
-431.867
-541.026
-715.283
-1031.84
-1711
-3458.33
-8744.07
7819.15
5252.83
3576.56
2560.29
1931.1
1521.58
1240.03
1036.55
883.162
763.48
667.441
588.596
522.648
466.631
418.442
376.544
339.791
307.31
278.424
252.595
229.396
208.474
189.542
172.357
156.716
142.444
129.39
117.423
106.426
96.2991
86.9495
78.2957
70.2636
62.7856
55.8002
49.2506
43.0841
37.2516
31.7073
26.4076
21.3114
16.3791
11.5726
6.85509
2.19015
-2.45798
-7.12497
-11.8466
-16.6593
-21.5999
-26.7067
-32.0192
-37.5788
-43.4291
-49.616
-56.1889
-63.2006
-70.708
-78.7732
-87.4639
-96.8544
-107.027
-118.074
-130.097
-143.212
-157.552
-173.269
-190.537
-209.561
-230.586
-253.901
-279.857
-308.888
-341.531
-378.468
-420.577
-469.01
-525.309
-591.591
-670.835
-767.36
-887.649
-1041.81
-1246.33
-1529.32
-1940.92
-2573.31
-3594.75
-5279.55
-7858.94
7321.16
5782.98
4500.26
3536.46
2834.13
2320.55
1937.9
1645.8
1417.25
1234.23
1084.66
960.212
855.088
765.125
687.284
619.3
559.451
506.408
459.125
416.769
378.665
344.26
313.095
284.782
258.995
235.45
213.904
194.144
175.981
159.249
143.798
129.494
116.215
103.851
92.3003
81.4688
71.27
61.6231
52.4523
43.6858
35.2555
27.0962
19.1449
11.3406
3.62324
-4.06634
-11.7871
-19.5982
-27.5597
-35.7329
-44.1806
-52.9684
-62.1644
-71.8407
-82.0732
-92.9432
-104.538
-116.951
-130.284
-144.649
-160.167
-176.974
-195.22
-215.072
-236.719
-260.376
-286.288
-314.738
-346.056
-380.63
-418.922
-461.489
-509.007
-562.316
-622.465
-690.792
-769.025
-859.442
-965.097
-1090.17
-1240.51
-1424.45
-1654.16
-1947.74
-2332.34
-2848.53
-3554.43
-4523.13
-5812.38
-7358.39
7008.62
5945.03
4964.52
4135.97
3465.26
2930.89
2505.27
2163.5
1885.69
1656.79
1465.64
1303.97
1165.66
1046.13
941.904
850.315
769.287
697.188
632.711
574.801
522.592
475.367
432.526
393.56
358.032
325.567
295.838
268.557
243.469
220.347
198.989
179.21
160.845
143.742
127.76
112.772
98.6582
85.3066
72.6128
60.478
48.8079
37.5126
26.5049
15.7004
5.01615
-5.62965
-16.3186
-27.1325
-38.1544
-49.4688
-61.1631
-73.3273
-86.056
-99.4482
-113.609
-128.65
-144.692
-161.863
-180.303
-200.166
-221.618
-244.843
-270.045
-297.454
-327.323
-359.942
-395.641
-434.797
-477.847
-525.304
-577.771
-635.969
-700.767
-773.227
-854.661
-946.711
-1051.46
-1171.6
-1310.6
-1473.09
-1665.21
-1895.27
-2174.49
-2517.99
-2945.77
-3482.85
-4156.98
-4989.74
-5975.23
-7044.23
6794.25
5987.18
5209.75
4508.01
3899.9
3384.51
2951.81
2588.99
2283.62
2024.94
1804.09
1614.02
1449.14
1305.06
1178.29
1066.08
966.235
876.963
796.816
724.599
659.32
600.142
546.36
497.368
452.644
411.732
374.235
339.8
308.114
278.897
251.896
226.884
203.652
182.01
161.784
142.812
124.944
108.039
91.9655
76.5983
61.8188
47.513
33.5712
19.8863
6.3535
-7.13065
-20.6693
-34.3662
-48.326
-62.6559
-77.466
-92.8705
-108.988
-125.945
-143.872
-162.912
-183.214
-204.94
-228.268
-253.386
-280.505
-309.853
-341.684
-376.279
-413.952
-455.059
-499.999
-549.229
-603.274
-662.742
-728.344
-800.919
-881.465
-971.184
-1071.53
-1184.3
-1311.71
-1456.52
-1622.23
-1813.26
-2035.23
-2295.22
-2602.14
-2966.8
-3401.69
-3919.69
-4530.9
-5236.2
-6017.58
-6828.75
6637.84
5986.41
5345.77
4745.05
4200.86
3718.9
3297.61
2931.65
2614.24
2338.5
2098.16
1887.74
1702.63
1538.99
1393.65
1264.01
1147.91
1043.56
949.467
864.378
787.232
717.123
653.274
595.01
541.745
492.963
448.206
407.07
369.191
334.242
301.93
271.984
244.16
218.233
193.996
171.257
149.838
129.57
110.297
91.869
74.1447
56.9875
40.266
23.8522
7.62057
-8.55284
-24.7916
-41.2197
-57.9627
-75.1489
-92.9099
-111.382
-130.708
-151.038
-172.528
-195.348
-219.676
-245.705
-273.643
-303.716
-336.17
-371.275
-409.327
-450.654
-495.621
-544.636
-598.158
-656.704
-720.865
-791.318
-868.846
-954.357
-1048.92
-1153.79
-1270.47
-1400.76
-1546.83
-1711.3
-1897.34
-2108.83
-2350.38
-2627.51
-2946.53
-3314.34
-3737.77
-4222.18
-4769.13
-5372.91
-6016.8
-6671.53
6519.01
5969.88
5424.08
4900.47
4412.06
3965.76
3563.58
3204.27
2884.72
2601.01
2349.05
2124.93
1925.12
1746.49
1586.36
1442.39
1312.62
1195.34
1089.11
992.683
904.977
825.059
752.116
685.43
624.37
568.375
516.945
469.632
426.032
385.779
348.542
314.016
281.925
252.013
224.042
197.795
173.066
149.663
127.406
106.123
85.6506
65.8322
46.516
27.5547
8.80348
-9.88062
-28.6401
-47.6179
-66.9589
-86.8109
-107.326
-128.66
-150.979
-174.452
-199.263
-225.604
-253.679
-283.709
-315.932
-350.604
-388.005
-428.437
-472.237
-519.769
-571.441
-627.702
-689.056
-756.065
-829.365
-909.675
-997.814
-1094.72
-1201.48
-1319.34
-1449.77
-1594.45
-1755.39
-1934.92
-2135.74
-2360.99
-2614.23
-2899.38
-3220.54
-3581.68
-3985.89
-4434.45
-4925.34
-5451.61
-6000.17
-6552.09
6426.48
5948.28
5470.23
5005
4562.44
4148.92
3767.69
3419.51
3103.48
2817.7
2559.75
2327.03
2117.01
1927.3
1755.7
1600.28
1459.28
1331.17
1214.6
1108.38
1011.47
922.919
841.915
767.719
699.673
637.189
579.734
526.828
478.035
432.958
391.234
352.53
316.541
282.985
251.598
222.138
194.377
168.101
143.107
119.205
96.2114
73.9507
52.2532
30.9534
9.88933
-11.0995
-32.1729
-53.4911
-75.2166
-97.5149
-120.556
-144.516
-169.578
-195.934
-223.787
-253.352
-284.856
-318.545
-354.682
-393.549
-435.456
-480.734
-529.75
-582.902
-640.627
-703.408
-771.781
-846.336
-927.736
-1016.72
-1114.11
-1220.86
-1338
-1466.75
-1608.46
-1764.67
-1937.12
-2127.79
-2338.87
-2572.76
-2832.01
-3119.24
-3436.87
-3786.81
-4169.98
-4585.59
-5030.39
-5497.97
-5978.45
-6459.07
6353.49
5926.24
5497.66
5076.7
4670.8
4285.43
3924.03
3588.3
3278.56
2994.2
2733.99
2496.35
2279.58
2081.93
1901.7
1737.32
1587.3
1450.32
1325.13
1210.65
1105.86
1009.88
921.874
841.118
766.94
698.734
635.949
578.08
524.667
475.289
429.559
387.12
347.642
310.82
276.369
244.026
213.542
184.683
157.231
130.974
105.713
81.2551
57.4152
34.0116
10.8664
-12.1963
-35.3517
-58.7756
-82.6462
-107.145
-132.458
-158.779
-186.307
-215.253
-245.838
-278.296
-312.875
-349.843
-389.483
-432.102
-478.032
-527.63
-581.286
-639.423
-702.504
-771.035
-845.569
-926.716
-1015.15
-1111.61
-1216.91
-1331.96
-1457.77
-1595.44
-1746.2
-1911.41
-2092.54
-2291.19
-2509.05
-2747.88
-3009.41
-3295.2
-3606.51
-3943.94
-4307.17
-4694.49
-5102.44
-5525.54
-5956.29
-6385.7
6295.81
5905.88
5513.9
5126.49
4749.4
4387.24
4043.25
3719.5
3416.96
3135.8
2875.6
2635.53
2414.53
2211.37
2024.81
1853.59
1696.51
1552.41
1420.2
1298.89
1187.54
1085.3
991.36
905.009
825.575
752.445
685.056
622.889
565.466
512.348
463.128
417.429
374.903
335.226
298.094
263.226
230.356
199.235
169.625
141.303
114.052
87.6668
61.9465
36.6961
11.724
-13.1592
-38.1422
-63.4145
-89.1679
-115.598
-142.905
-171.296
-200.986
-232.202
-265.181
-300.172
-337.443
-377.277
-419.978
-465.87
-515.305
-568.66
-626.344
-688.8
-756.505
-829.983
-909.798
-996.568
-1090.96
-1193.71
-1305.61
-1427.52
-1560.38
-1705.2
-1863.07
-2035.14
-2222.64
-2426.82
-2648.94
-2890.22
-3151.73
-3434.3
-3738.37
-4063.76
-4409.49
-4773.49
-5152.48
-5541.86
-5935.82
-6327.73
6250.69
5888.21
5523.35
5161.18
4806.33
4462.67
4133.18
3820
3524.42
3247.09
2988.1
2747.16
2523.66
2316.82
2125.73
1949.44
1786.95
1637.3
1499.53
1372.74
1256.07
1148.7
1049.88
958.9
875.097
797.858
726.614
660.839
600.043
543.773
491.606
443.152
398.047
355.951
316.547
279.538
244.643
211.6
180.159
150.082
121.141
93.1172
65.7986
38.9783
12.4531
-13.9777
-40.5145
-67.3581
-94.7118
-122.783
-151.784
-181.933
-213.461
-246.604
-281.614
-318.754
-358.306
-400.568
-445.858
-494.517
-546.911
-603.433
-664.506
-730.586
-802.164
-879.77
-963.976
-1055.4
-1154.7
-1262.59
-1379.84
-1507.25
-1645.71
-1796.11
-1959.4
-2136.58
-2328.63
-2536.51
-2761.14
-3003.3
-3263.59
-3542.31
-3839.38
-4154.15
-4485.3
-4830.7
-5187.35
-5551.35
-5918.06
-6282.37
6216.27
5873.76
5528.66
5185.12
4846.95
4517.5
4199.47
3894.97
3605.45
3331.82
3074.51
2833.55
2608.7
2399.48
2205.27
2025.32
1858.83
1705
1562.98
1431.96
1311.13
1199.75
1097.07
1002.42
915.128
834.602
760.268
691.592
628.079
569.264
514.717
464.034
416.841
372.785
331.538
292.791
256.254
221.65
188.721
157.218
126.904
97.5482
68.9303
40.8337
13.0459
-14.6433
-42.4432
-70.5642
-99.2189
-128.624
-159.001
-190.58
-223.6
-258.308
-294.966
-333.85
-375.252
-419.481
-466.868
-517.765
-572.55
-631.627
-695.43
-764.424
-839.107
-920.016
-1007.72
-1102.84
-1206.01
-1317.95
-1439.36
-1571.03
-1713.76
-1868.36
-2035.67
-2216.52
-2411.71
-2621.98
-2847.96
-3090.13
-3348.75
-3623.76
-3914.74
-4220.78
-4540.41
-4871.53
-5211.41
-5556.69
-5903.53
-6247.77
6191.35
5862.77
5531.52
5201.1
4874.83
4555.67
4246.12
3948.21
3663.46
3392.92
3137.22
2896.63
2671.12
2460.45
2264.17
2081.71
1912.43
1755.62
1610.53
1476.42
1352.56
1238.21
1132.67
1035.27
945.385
862.397
785.741
714.882
649.321
588.587
532.241
479.873
431.099
385.559
342.915
302.851
265.067
229.28
195.222
162.637
131.279
100.913
71.3085
42.2427
13.496
-15.1487
-43.9079
-72.9989
-102.641
-133.059
-164.482
-197.145
-231.297
-267.192
-305.101
-345.307
-388.11
-433.829
-482.803
-535.393
-591.984
-652.99
-718.85
-790.036
-867.052
-950.434
-1040.76
-1138.62
-1244.67
-1359.59
-1484.06
-1618.83
-1764.64
-1922.23
-2092.35
-2275.72
-2472.99
-2684.72
-2911.36
-3153.16
-3410.15
-3682.06
-3968.25
-4267.66
-4578.77
-4899.55
-5227.47
-5559.55
-5892.48
-6222.73
6175.13
5855.39
5532.93
5210.89
4892.28
4579.8
4275.83
3982.34
3700.85
3432.51
3178.04
2937.86
2712.08
2500.58
2303.06
2119.05
1947.99
1789.27
1642.2
1506.09
1380.22
1263.92
1156.49
1057.28
965.664
881.036
802.831
730.515
663.584
601.564
544.014
490.516
440.681
394.145
350.564
309.615
270.993
234.411
199.594
166.281
134.222
103.176
72.908
43.1904
13.7988
-15.4887
-44.8931
-74.6365
-104.943
-136.042
-168.167
-201.56
-236.473
-273.166
-311.915
-353.009
-396.754
-443.473
-493.511
-547.236
-605.037
-667.334
-734.57
-807.22
-885.792
-970.822
-1062.88
-1162.57
-1270.52
-1387.4
-1513.88
-1650.66
-1798.46
-1957.98
-2129.88
-2314.81
-2513.33
-2725.89
-2952.8
-3194.19
-3449.94
-3719.64
-4002.54
-4297.52
-4603.02
-4917.08
-5237.31
-5560.97
-5885.07
-6206.43
6167.14
5851.69
5533.5
5215.55
4900.67
4591.49
4290.29
3999
3719.18
3451.96
3198.16
2958.23
2732.36
2520.5
2322.39
2137.63
1965.72
1806.07
1658.02
1520.92
1394.07
1276.8
1168.43
1068.32
975.835
890.388
811.409
738.363
670.746
608.082
549.927
495.862
445.496
398.459
354.407
313.014
273.972
236.99
201.791
168.113
135.702
104.313
73.712
43.6667
13.951
-15.6595
-45.3883
-75.4596
-106.1
-137.541
-170.02
-203.779
-239.074
-276.168
-315.339
-356.879
-401.096
-448.318
-498.89
-553.184
-611.593
-674.536
-742.461
-815.845
-895.194
-981.047
-1073.97
-1174.57
-1283.47
-1401.31
-1528.79
-1666.57
-1815.35
-1975.8
-2148.56
-2334.24
-2533.34
-2746.27
-2973.27
-3214.41
-3469.49
-3738.05
-4019.29
-4312.05
-4614.77
-4925.52
-5241.98
-5561.54
-5881.34
-6198.39
-13274.1
-13556.6
-13062
-12613.6
-12285.1
-12050.2
-11880.6
-11756.6
-11665.1
-11597.3
-11547.5
-11511.5
-11486.6
-11471
-11463.4
-10237.8
-11344.8
-11643.4
-11658.8
-11593.7
-11516.4
-11447.4
-11391.2
-11347.4
-11314
-11289.2
-11271.3
-11258.9
-11251.2
-11247.5
-8868.67
-9941.06
-10507.4
-10784
-10914
-10973.8
-11000.8
-11013
-11018.7
-11021.7
-11023.6
-11025
-11026.1
-11026.9
-11027.3
-8126.37
-9042.91
-9660.91
-10055.3
-10304.1
-10463.4
-10568.7
-10640.9
-10692.3
-10730
-10757.9
-10778.5
-10793.2
-10802.6
-10807.2
-7667.53
-8442.93
-9037.55
-9471.87
-9783.24
-10006.7
-10169.1
-10289.1
-10379.2
-10447.5
-10499.2
-10537.6
-10565
-10582.6
-10591.2
-7357.6
-8023.39
-8574.13
-9010.98
-9349.87
-9610.68
-9811.54
-9966.91
-10087.5
-10181.2
-10253.2
-10307.4
-10346.1
-10371.2
-10383.4
-7135.54
-7718.55
-8224.26
-8647.66
-8994.19
-9274.21
-9499.05
-9678.98
-9822.46
-9936.06
-10024.7
-10092
-10140.6
-10172
-10187.5
-6970.25
-7490.68
-7956.37
-8360.86
-8704.66
-8992.53
-9231.07
-9427.11
-9586.84
-9715.47
-9817.15
-9895.09
-9951.66
-9988.5
-10006.7
-6844.38
-7317.24
-7749.35
-8134.42
-8470.7
-8759.8
-9005.2
-9211.15
-9381.92
-9521.41
-9632.92
-9719.12
-9782.06
-9823.22
-9843.57
-6747.63
-7184.24
-7589.07
-7956.41
-8283.58
-8570.42
-8818.4
-9029.97
-9207.9
-9354.95
-9473.61
-9566
-9633.83
-9678.35
-9700.41
-6673.54
-7082.72
-7465.98
-7818.22
-8136.45
-8419.52
-8667.67
-8882.06
-9064.39
-9216.48
-9340.17
-9437.06
-9508.51
-9555.56
-9578.91
-6617.98
-7006.81
-7373.58
-7713.73
-8024.15
-8303.19
-8550.31
-8765.87
-8950.72
-9106.06
-9233.13
-9333.16
-9407.19
-9456.07
-9480.36
-6578.24
-6952.66
-7307.52
-7638.63
-7942.91
-8218.42
-8464.18
-8680
-8866.21
-9023.51
-9152.76
-9254.87
-9330.65
-9380.77
-9405.71
-6552.59
-6917.79
-7264.92
-7590.03
-7890.11
-8163.06
-8407.66
-8623.37
-8810.23
-8968.63
-9099.16
-9202.52
-9279.37
-9330.26
-9355.61
-6540.01
-6900.7
-7244.03
-7566.16
-7864.1
-8135.72
-8379.66
-8595.25
-8782.36
-8941.24
-9072.37
-9176.31
-9253.66
-9304.92
-9330.46
)
;

boundaryField
{
    hot
    {
        type            calculated;
        value           nonuniform List<scalar> 
120
(
6849.31
6868.06
6905.47
6961.34
7035.34
7126.99
7235.63
7360.34
7499.95
7653.02
7817.81
7992.35
8174.46
8361.9
8552.48
8728.2
8887.61
9045.84
9202.24
9356.29
9507.6
9655.9
9800.94
9942.5
10080.4
10214.3
10344.1
10469.5
10590.4
10706.4
10817.4
10923.4
11024
11119.3
11209.2
11293.6
11372.6
11446.2
11514.6
11577.8
11636.1
11689.6
11738.7
11783.7
11824.8
11862.6
11897.3
11929.5
11959.5
11988
12015.3
12042
12068.6
12095.5
12123.2
12152
12182.3
12214.2
12247.9
12283.5
12321
12360.2
12401
12443.1
12486.2
12529.9
12573.8
12617.7
12661
12703.5
12744.8
12784.6
12822.4
12858.2
12891.6
12922.3
12950.3
12975.3
12997
13015.5
13030.4
13041.7
13049.3
13052.9
13052.4
13047.6
13038.3
13024.2
13005
12980.4
12949.9
12913
12869.1
12817.8
12758.1
12689.6
12611.3
12522.8
12423.4
12312.6
12190.3
12056.5
11911.7
11756.6
11592.5
11403.6
11189.8
10971.8
10753.8
10539.9
10334.1
10140
9960.7
9798.97
9656.97
9536.41
9438.59
9364.49
9314.75
9289.78
)
;
    }
    cold
    {
        type            calculated;
        value           nonuniform List<scalar> 
120
(
-8720.72
-8744.17
-8790.88
-8860.46
-8952.28
-9065.43
-9198.65
-9350.31
-9518.34
-9700.2
-9892.9
-10093
-10296.8
-10500.4
-10700
-10876
-11028.8
-11172.9
-11307.3
-11431.2
-11544.3
-11646.4
-11737.9
-11819.2
-11891
-11953.9
-12008.7
-12056.3
-12097.4
-12132.9
-12163.3
-12189.3
-12211.7
-12230.8
-12247.1
-12261.1
-12273.2
-12283.6
-12292.6
-12300.6
-12307.7
-12314.1
-12320.1
-12325.7
-12331.2
-12336.7
-12342.3
-12348.3
-12354.7
-12361.8
-12369.7
-12378.5
-12388.5
-12399.8
-12412.6
-12427
-12443.3
-12461.6
-12481.9
-12504.4
-12529
-12555.7
-12584.4
-12614.9
-12647
-12680.4
-12714.8
-12749.8
-12785.1
-12820.3
-12855
-12888.9
-12921.6
-12952.8
-12982.2
-13009.5
-13034.5
-13056.8
-13076.3
-13092.8
-13106.1
-13116
-13122.3
-13124.8
-13123.4
-13117.8
-13107.8
-13093
-13073.3
-13048.2
-13017.2
-12979.8
-12935.6
-12883.7
-12823.6
-12754.6
-12675.9
-12586.8
-12486.7
-12375.4
-12252.4
-12117.9
-11972.3
-11816.4
-11651.4
-11461.5
-11246.5
-11027.4
-10808.3
-10593.4
-10386.5
-10191.4
-10011.2
-9848.62
-9705.9
-9584.72
-9486.41
-9411.93
-9361.93
-9336.83
)
;
    }
    interface_left
    {
        type            calculated;
        value           nonuniform List<scalar> 
90
(
18041.4
13587.1
11628.8
10510.9
9665.9
8808.13
7619.08
5371.4
-189.267
20584.4
15018
12748.7
11489.8
10416.2
8893.83
5543.13
17371.7
14069.7
12650.9
11747.2
10730
8715.68
15550.8
13629.7
12837.5
12410.7
12085.6
11693.5
10917.9
13517.9
12788.9
12502.7
12379.3
12347.1
12427
12777.4
11090.1
11440.4
11519.9
11487
11362.6
11075.7
10349.9
12874
12069.8
11591.6
11055.9
10069.5
7602.96
16928.8
14451.8
13444.4
12878.9
12376.6
11624.9
9911.92
16123.7
14440.2
13756.2
13385.4
13083.6
12673.3
11783.2
14964.6
14110.8
13782.9
13637.2
13570.3
13554.5
13605.5
13321.8
13404.9
13460.8
13526.6
13631.3
13836.5
14332.4
12622.1
13144.4
13404
13594.1
13780.1
13993.5
14260.3
14614.5
15113.7
15874.3
17170.5
19751.8
25950.9
)
;
    }
    interface_right
    {
        type            calculated;
        value           nonuniform List<scalar> 
90
(
-24245.7
-18457.6
-16048.6
-14840.9
-14134.6
-13674.3
-13352.2
-13116
-12937.1
-12798.7
-12689.6
-12602.6
-12532.5
-12475.6
-12429.1
-12390.8
-12359.2
-12333
-12311.1
-12292.8
-12277.4
-12264.3
-12253.2
-12243.6
-12235.2
-12227.8
-12221.1
-12214.9
-12209
-12203.1
-12197.2
-12190.9
-12184.1
-12176.5
-12167.8
-12157.6
-12145.5
-12130.8
-12112.7
-12090.1
-12061.4
-12024.2
-11975
-11907.5
-11811
-11664.7
-11423.6
-10979.8
-6672.16
-16505.1
-14228
-13315.7
-12803.8
-12335.6
-11607.5
-9911.67
-16136.4
-14463
-13787
-13422.4
-13125.8
-12719.7
-11833
-15017.2
-14165.7
-13839.8
-13695.8
-13630.2
-13615.6
-13667.7
-13384.8
-13468.7
-13525.3
-13591.6
-13696.9
-13902.6
-14399
-12689.3
-13212.2
-13472.5
-13663.2
-13850.1
-14064.6
-14332.8
-14688.8
-15190.5
-15955.1
-17257.9
-19852.4
-26083.2
)
;
    }
    interface_top
    {
        type            calculated;
        value           nonuniform List<scalar> 
90
(
8699.74
3440.81
1702.34
1026.61
711.666
538.291
429.684
355.108
300.508
258.649
225.439
198.386
175.883
156.847
140.522
126.362
113.965
103.025
93.3071
84.6266
76.8357
69.8144
63.4641
57.7026
52.4604
47.6785
43.3058
39.2979
35.6159
32.2253
29.0955
26.1989
23.5106
21.008
18.6704
16.4787
14.4153
12.4637
10.6086
8.83534
7.13023
5.47999
3.87188
2.29352
0.732761
-0.822367
-2.38381
-3.96355
-5.57373
-7.22676
-8.93541
-10.7129
-12.5732
-14.5307
-16.6009
-18.8004
-21.1469
-23.6594
-26.3587
-29.2676
-32.4111
-35.8169
-39.5157
-43.5422
-47.9356
-52.7403
-58.0077
-63.7972
-70.1786
-77.2344
-85.0639
-93.7875
-103.554
-114.548
-127.008
-141.239
-157.646
-176.778
-199.395
-226.585
-259.963
-302.034
-356.912
-431.867
-541.026
-715.283
-1031.84
-1711
-3458.33
-8744.07
)
;
    }
    interface_bottom
    {
        type            calculated;
        value           nonuniform List<scalar> 
90
(
6089.7
2418.88
1204.67
732.314
511.985
390.687
314.794
262.834
224.985
196.197
173.614
155.506
140.764
128.654
118.68
110.501
103.894
98.7246
94.9388
92.5646
91.7293
92.6974
95.9489
102.336
113.417
132.235
165.308
228.301
363.802
701.816
1679.31
4876.34
4880.19
1691.4
723.98
399.765
285.153
257.127
289.717
412.341
756.074
1780.44
5156.72
5152.51
1767.41
732.891
376.277
235.446
173.747
148.035
145.896
170.487
246.005
454.62
1077.37
3133.54
3128.4
1061.74
427.85
206.86
116.871
74.2588
52.0815
41.3181
40.1386
52.366
92.8469
209.61
565.899
1753.31
1743.42
535.977
158.915
20.0345
-44.6902
-84.42
-115.815
-145.948
-179.63
-223.513
-293.395
-437.997
-827.896
-899.382
-665.684
-726.199
-986.209
-1604.54
-3223.51
-8135.16
)
;
    }
    defaultFaces
    {
        type            empty;
    }
}


// ************************************************************************* //
