/*--------------------------------*- C++ -*----------------------------------*\
| =========                 |                                                 |
| \\      /  F ield         | OpenFOAM: The Open Source CFD Toolbox           |
|  \\    /   O peration     | Version:  5.x                                   |
|   \\  /    A nd           | Web:      www.OpenFOAM.org                      |
|    \\/     M anipulation  |                                                 |
\*---------------------------------------------------------------------------*/
FoamFile
{
    version     2.0;
    format      ascii;
    class       volScalarField;
    location    "2.3";
    object      T;
}
// * * * * * * * * * * * * * * * * * * * * * * * * * * * * * * * * * * * * * //

dimensions      [0 0 0 1 0 0 0];

internalField   nonuniform List<scalar> 
6300
(
47.1844
121.448
195.397
268.819
341.5
413.225
483.773
552.923
620.456
686.152
749.797
811.189
870.14
926.487
980.092
47.2863
121.755
195.909
269.539
342.431
414.368
485.131
554.498
622.244
688.148
751.991
813.565
872.676
929.154
982.857
47.4896
122.365
196.931
270.976
344.289
416.654
487.849
557.649
625.826
692.15
756.394
818.339
877.776
934.524
988.426
47.7932
123.278
198.457
273.125
347.069
420.076
491.922
562.379
631.211
698.178
763.038
825.554
885.497
942.663
996.876
48.1953
124.487
200.48
275.974
350.761
424.626
497.347
568.69
638.411
706.257
771.966
835.275
895.926
953.679
1008.33
48.6932
125.984
202.988
279.51
355.346
430.287
504.109
576.577
647.436
716.417
783.233
847.587
909.179
967.722
1022.96
49.2834
127.76
205.964
283.708
360.799
437.032
512.187
586.026
658.288
728.685
796.901
862.595
925.409
984.989
1041.01
49.9609
129.799
209.382
288.538
367.083
444.821
521.541
597.007
670.953
743.075
813.026
880.413
944.801
1005.74
1062.79
50.7193
132.082
213.214
293.957
374.143
453.594
532.108
609.461
685.388
759.577
831.652
901.16
967.57
1030.29
1088.71
51.5506
134.585
217.417
299.909
381.911
463.267
543.796
623.292
701.507
778.133
852.777
924.933
993.953
1059.05
1119.35
52.4455
137.28
221.946
306.326
390.297
473.729
556.472
638.354
719.159
798.61
876.324
951.767
1024.18
1092.52
1155.5
53.3931
140.135
226.743
313.127
399.193
484.842
569.967
654.441
738.109
820.758
902.072
981.555
1058.39
1131.28
1198.26
54.3816
143.113
231.747
320.222
408.474
496.442
584.067
671.283
758.02
844.175
929.581
1013.91
1096.47
1175.85
1249.26
55.3989
146.176
236.894
327.514
418.006
508.348
598.528
688.552
778.45
868.275
958.094
1047.94
1137.65
1226.31
1310.8
56.4328
149.289
242.119
334.909
427.657
520.374
613.096
705.893
798.893
892.311
986.501
1082.03
1179.78
1280.85
1385.18
1026.62
1066.91
1105.17
1141.39
1175.62
1207.87
1238.22
1266.73
1293.48
1318.57
1342.1
1364.16
1384.86
1404.32
1422.62
1439.89
1456.21
1471.69
1486.43
1500.5
1513.99
1526.99
1539.56
1551.77
1563.68
1575.35
1586.82
1598.12
1609.29
1620.35
1631.31
1642.19
1652.99
1663.7
1674.32
1684.85
1695.26
1705.56
1715.71
1725.7
1735.52
1745.14
1754.54
1763.69
1772.58
1781.17
1789.45
1797.39
1804.98
1812.18
1818.98
1825.36
1831.3
1836.77
1841.76
1846.23
1850.16
1853.52
1856.27
1858.38
1859.81
1860.53
1860.48
1859.63
1857.93
1855.32
1851.75
1847.14
1841.45
1834.58
1826.45
1816.99
1806.09
1793.66
1779.6
1763.79
1746.13
1726.51
1704.8
1680.9
1654.7
1626.08
1594.94
1561.18
1524.73
1485.52
1443.49
1398.62
1350.9
1300.35
1029.44
1069.75
1108
1144.19
1178.35
1210.52
1240.77
1269.15
1295.77
1320.72
1344.1
1366
1386.55
1405.85
1424.01
1441.13
1457.31
1472.66
1487.26
1501.21
1514.59
1527.48
1539.95
1552.08
1563.91
1575.51
1586.92
1598.18
1609.32
1620.35
1631.3
1642.18
1652.98
1663.7
1674.33
1684.87
1695.31
1705.62
1715.8
1725.82
1735.67
1745.32
1754.75
1763.94
1772.86
1781.49
1789.8
1797.77
1805.38
1812.61
1819.44
1825.85
1831.82
1837.33
1842.36
1846.87
1850.84
1854.25
1857.05
1859.21
1860.7
1861.47
1861.49
1860.71
1859.08
1856.56
1853.08
1848.58
1842.99
1836.23
1828.24
1818.91
1808.15
1795.87
1781.96
1766.31
1748.82
1729.36
1707.82
1684.08
1658.04
1629.57
1598.57
1564.93
1528.58
1489.44
1447.46
1402.6
1354.85
1304.24
1035.12
1075.47
1113.71
1149.83
1183.86
1215.86
1245.89
1274.03
1300.37
1325.03
1348.1
1369.7
1389.94
1408.93
1426.78
1443.6
1459.5
1474.57
1488.92
1502.62
1515.77
1528.45
1540.73
1552.68
1564.36
1575.83
1587.13
1598.3
1609.37
1620.36
1631.28
1642.15
1652.95
1663.69
1674.35
1684.92
1695.39
1705.75
1715.98
1726.06
1735.97
1745.68
1755.18
1764.44
1773.43
1782.12
1790.5
1798.53
1806.19
1813.48
1820.37
1826.84
1832.87
1838.45
1843.55
1848.14
1852.2
1855.7
1858.6
1860.86
1862.46
1863.36
1863.5
1862.86
1861.39
1859.03
1855.73
1851.43
1846.05
1839.54
1831.79
1822.73
1812.26
1800.28
1786.68
1771.35
1754.18
1735.06
1713.86
1690.45
1664.73
1636.57
1605.85
1572.46
1536.32
1497.33
1455.44
1410.61
1362.82
1312.09
1043.75
1084.16
1122.37
1158.37
1192.21
1223.93
1253.62
1281.38
1307.31
1331.51
1354.12
1375.24
1395
1413.53
1430.92
1447.29
1462.76
1477.42
1491.37
1504.71
1517.51
1529.87
1541.86
1553.54
1564.99
1576.26
1587.39
1598.43
1609.4
1620.33
1631.22
1642.07
1652.89
1663.65
1674.35
1684.98
1695.51
1705.94
1716.24
1726.4
1736.4
1746.22
1755.82
1765.19
1774.28
1783.07
1791.54
1799.66
1807.41
1814.78
1821.75
1828.3
1834.43
1840.1
1845.31
1850.03
1854.22
1857.86
1860.91
1863.33
1865.1
1866.17
1866.5
1866.07
1864.81
1862.7
1859.67
1855.67
1850.62
1844.46
1837.09
1828.44
1818.39
1806.86
1793.73
1778.89
1762.22
1743.61
1722.92
1700.02
1674.8
1647.11
1616.83
1583.84
1548.02
1509.28
1467.54
1422.76
1374.9
1323.98
1055.44
1095.95
1134.11
1169.94
1203.49
1234.83
1264.05
1291.27
1316.61
1340.19
1362.16
1382.63
1401.75
1419.63
1436.41
1452.18
1467.07
1481.17
1494.6
1507.44
1519.78
1531.7
1543.3
1554.63
1565.76
1576.76
1587.67
1598.53
1609.37
1620.22
1631.07
1641.92
1652.76
1663.58
1674.34
1685.04
1695.65
1706.16
1716.57
1726.84
1736.97
1746.92
1756.67
1766.18
1775.42
1784.36
1792.95
1801.19
1809.05
1816.52
1823.58
1830.24
1836.48
1842.29
1847.65
1852.53
1856.9
1860.73
1863.97
1866.61
1868.59
1869.89
1870.47
1870.3
1869.33
1867.54
1864.87
1861.26
1856.64
1850.95
1844.1
1835.99
1826.53
1815.6
1803.1
1788.92
1772.92
1755
1735
1712.81
1688.27
1661.24
1631.58
1599.14
1563.79
1525.42
1483.91
1439.2
1391.26
1340.09
1070.4
1111.02
1149.12
1184.71
1217.87
1248.68
1277.27
1303.77
1328.33
1351.1
1372.23
1391.87
1410.16
1427.23
1443.21
1458.22
1472.38
1485.79
1498.55
1510.76
1522.51
1533.9
1544.99
1555.87
1566.6
1577.25
1587.88
1598.53
1609.22
1619.97
1630.79
1641.66
1652.55
1663.44
1674.29
1685.08
1695.8
1706.42
1716.94
1727.35
1737.64
1747.77
1757.72
1767.43
1776.87
1785.98
1794.74
1803.12
1811.1
1818.68
1825.86
1832.64
1839.02
1844.99
1850.53
1855.61
1860.21
1864.28
1867.78
1870.67
1872.91
1874.49
1875.36
1875.51
1874.9
1873.5
1871.26
1868.14
1864.07
1858.98
1852.77
1845.35
1836.61
1826.45
1814.75
1801.4
1786.26
1769.21
1750.11
1728.82
1705.18
1679.02
1650.18
1618.5
1583.79
1545.92
1504.75
1460.18
1412.15
1360.66
1088.87
1129.63
1167.63
1202.9
1235.52
1265.63
1293.38
1318.95
1342.52
1364.26
1384.35
1402.95
1420.21
1436.28
1451.3
1465.38
1478.65
1491.21
1503.17
1514.63
1525.67
1536.38
1546.86
1557.19
1567.43
1577.66
1587.95
1598.33
1608.85
1619.51
1630.31
1641.23
1652.22
1663.22
1674.19
1685.11
1695.94
1706.68
1717.34
1727.92
1738.4
1748.76
1758.96
1768.94
1778.63
1787.98
1796.94
1805.48
1813.59
1821.28
1828.57
1835.47
1842
1848.15
1853.91
1859.25
1864.13
1868.5
1872.3
1875.5
1878.06
1879.95
1881.16
1881.67
1881.46
1880.51
1878.78
1876.24
1872.82
1868.45
1863.02
1856.44
1848.6
1839.37
1828.64
1816.29
1802.2
1786.23
1768.24
1748.07
1725.56
1700.52
1672.75
1642.05
1608.22
1571.05
1530.36
1486
1437.89
1386.01
1111.2
1152.14
1189.99
1224.79
1256.7
1285.87
1312.54
1336.92
1359.23
1379.69
1398.5
1415.83
1431.86
1446.75
1460.62
1473.6
1485.82
1497.39
1508.4
1518.96
1529.16
1539.09
1548.84
1558.5
1568.15
1577.87
1587.74
1597.81
1608.13
1618.71
1629.54
1640.57
1651.73
1662.91
1674.06
1685.11
1696.07
1706.93
1717.73
1728.48
1739.19
1749.85
1760.39
1770.72
1780.76
1790.4
1799.59
1808.3
1816.54
1824.32
1831.7
1838.7
1845.38
1851.73
1857.76
1863.41
1868.65
1873.39
1877.56
1881.11
1884.02
1886.25
1887.81
1888.71
1888.93
1888.48
1887.33
1885.46
1882.8
1879.28
1874.79
1869.21
1862.42
1854.29
1844.71
1833.55
1820.69
1806.01
1789.35
1770.55
1749.43
1725.79
1699.39
1669.99
1637.31
1601.11
1561.11
1517.11
1468.95
1416.58
1137.86
1179.02
1216.62
1250.78
1281.69
1309.63
1334.88
1357.75
1378.5
1397.39
1414.65
1430.48
1445.06
1458.55
1471.08
1482.8
1493.82
1504.24
1514.17
1523.69
1532.92
1541.94
1550.83
1559.71
1568.65
1577.75
1587.11
1596.81
1606.91
1617.43
1628.36
1639.61
1651.05
1662.53
1673.91
1685.14
1696.2
1707.14
1718.04
1728.95
1739.93
1750.96
1761.96
1772.8
1783.31
1793.34
1802.8
1811.67
1819.99
1827.81
1835.21
1842.27
1849.07
1855.64
1861.98
1868.04
1873.73
1878.94
1883.56
1887.52
1890.79
1893.37
1895.28
1896.56
1897.22
1897.29
1896.77
1895.65
1893.88
1891.36
1887.98
1883.57
1878.01
1871.16
1862.89
1853.1
1841.67
1828.48
1813.39
1796.23
1776.8
1754.89
1730.21
1702.48
1671.36
1636.48
1597.49
1554.06
1505.93
1453
1169.51
1210.92
1248.13
1281.33
1310.87
1337.14
1360.56
1381.51
1400.34
1417.33
1432.75
1446.81
1459.71
1471.6
1482.62
1492.9
1502.55
1511.68
1520.38
1528.74
1536.86
1544.83
1552.73
1560.68
1568.78
1577.14
1585.87
1595.11
1604.94
1615.44
1626.58
1638.24
1650.2
1662.15
1673.86
1685.26
1696.37
1707.29
1718.18
1729.2
1740.46
1751.97
1763.64
1775.22
1786.41
1796.94
1806.71
1815.71
1824.01
1831.75
1839.06
1846.08
1852.95
1859.73
1866.46
1873.05
1879.37
1885.19
1890.35
1894.76
1898.4
1901.3
1903.53
1905.14
1906.21
1906.79
1906.93
1906.64
1905.87
1904.54
1902.46
1899.45
1895.32
1889.9
1883.11
1874.85
1865.02
1853.53
1840.25
1825.01
1807.61
1787.8
1765.29
1739.71
1710.65
1677.63
1640.13
1597.63
1549.7
1496.1
1207.08
1248.78
1285.31
1317.06
1344.64
1368.65
1389.69
1408.23
1424.7
1439.43
1452.69
1464.72
1475.69
1485.77
1495.1
1503.78
1511.92
1519.61
1526.95
1534.02
1540.9
1547.68
1554.45
1561.32
1568.41
1575.85
1583.79
1592.42
1601.9
1612.38
1623.91
1636.33
1649.22
1661.96
1674.15
1685.67
1696.66
1707.34
1718.02
1728.98
1740.48
1752.63
1765.3
1778.07
1790.29
1801.52
1811.6
1820.6
1828.71
1836.16
1843.17
1849.98
1856.79
1863.77
1870.97
1878.33
1885.56
1892.24
1898.08
1902.96
1906.93
1910.06
1912.5
1914.35
1915.74
1916.79
1917.57
1918.15
1918.53
1918.62
1918.15
1916.8
1914.3
1910.49
1905.3
1898.69
1890.62
1881.02
1869.77
1856.74
1841.72
1824.46
1804.62
1781.81
1755.51
1725.09
1689.82
1648.88
1601.49
1547.13
1252.02
1293.99
1329.25
1358.71
1383.43
1404.35
1422.28
1437.82
1451.45
1463.51
1474.29
1484.01
1492.84
1500.93
1508.38
1515.31
1521.81
1527.94
1533.8
1539.44
1544.96
1550.41
1555.9
1561.52
1567.41
1573.7
1580.6
1588.36
1597.28
1607.69
1619.82
1633.62
1648.33
1662.45
1675.25
1686.73
1697.25
1707.26
1717.29
1727.86
1739.43
1752.38
1766.68
1781.57
1795.48
1807.6
1817.89
1826.64
1834.23
1841.04
1847.43
1853.73
1860.26
1867.32
1875.12
1883.64
1892.39
1900.36
1907.03
1912.35
1916.49
1919.69
1922.15
1924.07
1925.64
1927
1928.33
1929.79
1931.48
1933.32
1934.96
1935.65
1935
1932.89
1929.37
1924.49
1918.27
1910.7
1901.71
1891.18
1878.91
1864.66
1848.09
1828.76
1806.13
1779.4
1747.53
1709.26
1663.15
1608.03
1306.79
1348.74
1381.46
1407.09
1427.55
1444.26
1458.2
1470.07
1480.33
1489.33
1497.31
1504.47
1510.95
1516.86
1522.3
1527.36
1532.08
1536.55
1540.82
1544.94
1548.97
1552.98
1557.03
1561.23
1565.68
1570.55
1576.05
1582.51
1590.4
1600.37
1613.22
1629.48
1648.15
1664.68
1678.12
1689.06
1698.41
1707.03
1715.67
1725.13
1736.27
1750.04
1767.08
1786.36
1803.07
1816.18
1826.27
1834.2
1840.71
1846.39
1851.68
1857.01
1862.83
1869.66
1878.08
1888.48
1900.21
1910.19
1917.76
1923.28
1927.28
1930.22
1932.43
1934.17
1935.66
1937.11
1938.77
1940.96
1944.02
1948.19
1952.97
1956.29
1957.62
1957.18
1955.24
1952.05
1947.71
1942.28
1935.72
1927.95
1918.8
1908.04
1895.35
1880.33
1862.48
1840.93
1814.33
1780.76
1737.66
1682.11
1376.37
1416.68
1443.75
1462.79
1476.96
1488.03
1497
1504.5
1510.91
1516.48
1521.39
1525.78
1529.74
1533.35
1536.67
1539.74
1542.61
1545.33
1547.93
1550.43
1552.89
1555.35
1557.84
1560.44
1563.24
1566.36
1569.99
1574.47
1580.39
1588.79
1601.58
1621.72
1650.92
1671.25
1684.45
1693.53
1700.51
1706.61
1712.75
1719.85
1729.18
1742.87
1764.1
1794.71
1815.73
1828.97
1837.61
1843.65
1848.27
1852.14
1855.73
1859.45
1863.8
1869.56
1878.04
1891.26
1910.39
1923.35
1931.3
1936.24
1939.45
1941.64
1943.22
1944.47
1945.58
1946.75
1948.3
1950.7
1954.82
1961.99
1972.96
1979.6
1982.66
1983.45
1982.78
1981.08
1978.56
1975.31
1971.32
1966.53
1960.84
1954.03
1945.82
1935.82
1924.01
1909.55
1890.97
1865.85
1829.92
1776.1
1473.63
1503.58
1517.47
1525.41
1530.73
1534.68
1537.81
1540.38
1542.56
1544.45
1546.11
1547.59
1548.93
1550.14
1551.25
1552.28
1553.25
1554.16
1555.03
1555.87
1556.7
1557.53
1558.37
1559.25
1560.21
1561.29
1562.58
1564.25
1566.67
1570.76
1579.22
1600.77
1666.34
1687.97
1696.57
1700.91
1703.72
1706.01
1708.32
1711.19
1715.69
1724.7
1747.47
1816.72
1839.42
1848.28
1852.52
1855.02
1856.76
1858.16
1859.45
1860.83
1862.59
1865.38
1871.03
1885.41
1929.28
1943.57
1949.04
1951.55
1952.92
1953.77
1954.36
1954.82
1955.24
1955.72
1956.44
1957.82
1961.09
1970.17
1999
2007.91
2010.81
2011.65
2011.62
2011.12
2010.31
2009.23
2007.89
2006.27
2004.31
2001.89
1998.68
1993.72
1989.2
1983.91
1976.88
1966.33
1947.77
1907.46
1241.68
1173.78
1102.15
1027
948.579
867.155
783.016
696.46
607.788
517.299
425.288
332.043
237.847
142.977
47.7035
1245.47
1177.41
1105.57
1030.18
951.497
869.792
785.364
698.515
609.552
518.776
426.484
332.965
238.501
143.367
47.8332
1253.1
1184.7
1112.45
1036.57
957.351
875.077
790.062
702.623
613.074
521.722
428.869
334.802
239.803
144.144
48.0914
1264.66
1195.75
1122.85
1046.22
966.172
883.024
797.114
708.778
618.343
526.125
432.428
337.541
241.743
145.301
48.4761
1280.32
1210.68
1136.88
1059.2
978.003
893.654
806.522
716.969
625.34
531.961
437.139
341.163
244.306
146.829
48.9836
1300.28
1229.69
1154.67
1075.6
992.9
906.986
818.278
727.171
634.03
539.191
442.964
345.634
247.467
148.712
49.6091
1324.85
1253
1176.41
1095.55
1010.92
923.031
832.361
739.341
644.359
547.761
449.853
350.913
251.193
150.93
50.3454
1354.43
1280.95
1202.32
1119.16
1032.1
941.777
848.719
753.407
656.248
557.59
457.733
356.938
255.441
153.456
51.1837
1389.56
1313.94
1232.66
1146.55
1056.47
963.166
867.255
769.253
669.578
568.569
466.508
363.633
260.154
156.256
52.1123
1430.97
1352.49
1267.69
1177.82
1083.98
987.071
887.801
786.702
684.179
580.547
476.054
370.901
265.262
159.288
53.1173
1479.7
1397.22
1307.69
1212.95
1114.45
1013.25
910.097
805.503
699.829
593.335
486.215
378.621
270.68
162.501
54.1821
1537.22
1448.87
1352.79
1251.73
1147.51
1041.29
933.749
825.31
716.235
606.694
496.804
386.654
276.312
165.838
55.2878
1605.68
1508.1
1402.75
1293.54
1182.48
1070.55
958.214
845.678
733.041
620.345
507.609
394.842
282.049
169.237
56.4137
1688.21
1574.97
1456.45
1337.08
1218.21
1100.12
982.787
866.069
749.839
633.981
518.399
403.019
287.779
172.632
57.5384
1787.95
1646.97
1510.87
1380
1253.03
1128.85
1006.65
885.893
766.196
647.28
528.94
411.017
293.39
175.959
58.6408
57.3859
152.157
246.927
341.703
436.501
531.357
626.337
721.552
817.19
913.57
1011.24
1111.17
1215.27
1327.75
1460.44
58.2502
154.756
251.281
347.844
444.476
541.227
638.176
735.453
833.264
931.952
1032.1
1134.71
1241.64
1356.29
1484.65
59.1081
157.335
255.596
353.919
452.345
550.929
649.754
748.942
848.682
949.271
1051.18
1155.2
1262.58
1375.24
1495.29
59.9557
159.882
259.853
359.905
460.08
560.434
661.043
762.006
863.465
965.618
1068.75
1173.27
1279.78
1388.99
1501.35
60.7905
162.389
264.04
365.784
467.664
569.732
672.049
774.685
877.719
981.231
1085.29
1189.91
1295.04
1400.48
1505.92
61.6103
164.851
268.15
371.549
475.093
578.827
682.797
787.045
891.593
996.412
1101.37
1206.13
1310.01
1411.88
1510.54
62.4138
167.263
272.175
377.194
482.363
587.725
693.315
799.155
905.228
1011.44
1117.53
1222.9
1326.3
1425.42
1516.92
63.1997
169.622
276.112
382.715
489.474
596.432
703.621
811.057
918.718
1026.5
1134.13
1240.97
1345.5
1444.17
1528.96
63.967
171.925
279.955
388.105
496.421
604.946
713.718
822.76
932.072
1041.61
1151.22
1260.56
1368.69
1472.49
1558.69
64.7146
174.169
283.701
393.36
503.195
613.256
723.587
834.23
945.222
1056.6
1168.43
1280.93
1394.81
1512.95
1648.42
65.4414
176.351
287.343
398.47
509.786
621.344
733.201
845.414
958.05
1071.22
1185.13
1300.27
1417.9
1541.29
1678.19
66.1463
178.468
290.875
403.427
516.179
629.193
742.528
856.256
970.459
1085.26
1200.89
1317.8
1436.93
1560.15
1690.34
66.8282
180.515
294.293
408.222
522.364
636.783
751.544
866.72
982.396
1098.67
1215.71
1333.72
1453.04
1574.08
1697.11
67.486
182.49
297.589
412.847
528.328
644.1
760.23
876.792
993.859
1111.5
1229.78
1348.66
1467.87
1586.54
1702.91
68.1186
184.389
300.759
417.294
534.063
651.133
768.576
886.465
1004.87
1123.83
1243.36
1363.29
1482.98
1600.53
1711.16
68.7252
186.21
303.797
421.557
539.558
657.872
776.572
895.733
1015.43
1135.71
1256.6
1378.02
1499.5
1619.24
1729.34
69.3047
187.95
306.7
425.628
544.806
664.306
784.206
904.584
1025.52
1147.1
1269.42
1392.63
1517.15
1644.57
1782.32
69.8566
189.606
309.464
429.504
549.8
670.427
791.465
912.997
1035.11
1157.91
1281.53
1406.26
1532.71
1662.62
1800.27
70.38
191.177
312.085
433.178
554.533
676.226
798.339
920.957
1044.17
1168.08
1292.82
1418.6
1545.8
1675.19
1808.04
70.8745
192.661
314.56
436.648
559
681.697
804.82
928.454
1052.69
1177.61
1303.32
1429.87
1557.28
1685.28
1813.09
71.3396
194.057
316.888
439.909
563.198
686.835
810.901
935.484
1060.67
1186.53
1313.15
1440.48
1568.26
1695.4
1818.93
71.7751
195.363
319.066
442.96
567.123
691.636
816.581
942.044
1068.11
1194.88
1322.4
1450.71
1579.58
1707.94
1830.71
72.1807
196.58
321.094
445.8
570.774
696.098
821.855
948.132
1075.02
1202.62
1331.05
1460.46
1591.19
1724.25
1864.26
72.5565
197.708
322.973
448.428
574.151
700.222
826.723
953.742
1081.37
1209.72
1338.93
1469.23
1601.09
1735.64
1875.57
72.9025
198.745
324.701
450.845
577.254
704.008
831.187
958.876
1087.17
1216.16
1345.98
1476.82
1609.03
1743.2
1880.26
73.2189
199.694
326.28
453.053
580.087
707.459
835.25
963.539
1092.41
1221.95
1352.24
1483.39
1615.5
1748.67
1882.86
73.506
200.554
327.712
455.053
582.651
710.581
838.92
967.744
1097.13
1227.14
1357.84
1489.21
1621.16
1753.33
1884.98
73.7642
201.328
329
456.85
584.952
713.379
842.205
971.506
1101.35
1231.8
1362.88
1494.55
1626.57
1758.25
1887.83
73.994
202.017
330.144
458.446
586.994
715.858
845.114
974.834
1105.09
1235.94
1367.43
1499.55
1632.14
1764.51
1893.91
74.1961
202.622
331.15
459.847
588.782
718.026
847.653
977.736
1108.35
1239.57
1371.48
1504.15
1637.75
1772.75
1911.53
74.3712
203.146
332.019
461.055
590.322
719.888
849.826
980.212
1111.12
1242.65
1374.9
1508.02
1642.28
1778.27
1917.32
74.5201
203.591
332.756
462.078
591.62
721.451
851.641
982.266
1113.41
1245.16
1377.64
1511.01
1645.52
1781.54
1919.52
74.6437
203.961
333.366
462.921
592.685
722.724
853.105
983.904
1115.2
1247.09
1379.68
1513.13
1647.61
1783.36
1920.43
74.7433
204.257
333.855
463.591
593.525
723.716
854.231
985.14
1116.52
1248.45
1381.05
1514.42
1648.73
1784.13
1920.7
74.8201
204.486
334.228
464.099
594.152
724.444
855.035
985.992
1117.38
1249.29
1381.79
1514.98
1648.99
1783.99
1920.32
74.8756
204.65
334.494
464.454
594.58
724.922
855.537
986.485
1117.83
1249.63
1381.96
1514.89
1648.46
1782.82
1918.64
74.9117
204.755
334.661
464.669
594.823
725.17
855.76
986.647
1117.89
1249.53
1381.64
1514.24
1647.29
1780.52
1912.93
74.9301
204.808
334.738
464.756
594.9
725.21
855.73
986.508
1117.59
1249.04
1380.9
1513.2
1645.87
1778.69
1910.99
74.9329
204.813
334.736
464.731
594.829
725.064
855.473
986.098
1116.99
1248.19
1379.78
1511.79
1644.25
1777.09
1910.03
74.9226
204.779
334.667
464.61
594.632
724.757
855.019
985.451
1116.1
1247.01
1378.27
1509.98
1642.27
1775.32
1909.18
74.9015
204.712
334.543
464.411
594.33
724.319
854.401
984.601
1114.96
1245.52
1376.37
1507.67
1639.67
1772.85
1907.89
74.8723
204.62
334.378
464.152
593.95
723.781
853.656
983.592
1113.61
1243.75
1374.09
1504.78
1636.14
1768.98
1905.18
74.8378
204.513
334.186
463.855
593.519
723.176
852.827
982.475
1112.12
1241.79
1371.5
1501.33
1631.48
1762.67
1898.09
74.8008
204.398
333.981
463.54
593.064
722.541
851.96
981.308
1110.57
1239.73
1368.75
1497.57
1626
1753.31
1876.26
74.7644
204.285
333.779
463.23
592.615
721.915
851.104
980.156
1109.04
1237.7
1366.07
1494.01
1621.21
1746.88
1869.12
74.7312
204.182
333.595
462.945
592.202
721.335
850.309
979.082
1107.6
1235.81
1363.62
1490.89
1617.4
1742.73
1866.27
74.7042
204.097
333.443
462.707
591.853
720.839
849.621
978.144
1106.35
1234.15
1361.48
1488.23
1614.33
1739.74
1864.65
74.6858
204.039
333.335
462.535
591.593
720.461
849.083
977.394
1105.32
1232.78
1359.69
1485.97
1611.66
1737.02
1862.97
74.6783
204.014
333.285
462.447
591.447
720.231
848.733
976.88
1104.59
1231.75
1358.27
1484.07
1609.15
1733.82
1859.65
74.6838
204.028
333.303
462.457
591.436
720.176
848.608
976.646
1104.19
1231.13
1357.33
1482.63
1606.88
1729.75
1849.98
74.7038
204.087
333.396
462.579
591.575
720.319
848.735
976.731
1104.2
1231
1356.96
1481.9
1605.53
1727.47
1847.03
74.7394
204.193
333.572
462.82
591.877
720.676
849.138
977.166
1104.64
1231.41
1357.3
1482.04
1605.33
1726.82
1846.26
74.7912
204.349
333.831
463.185
592.349
721.257
849.829
977.969
1105.56
1232.44
1358.4
1483.18
1606.38
1727.57
1846.5
74.8593
204.554
334.177
463.675
592.991
722.062
850.81
979.144
1106.95
1234.08
1360.33
1485.39
1608.81
1729.88
1847.76
74.9434
204.808
334.605
464.286
593.799
723.083
852.071
980.679
1108.81
1236.33
1363.07
1488.75
1612.88
1734.42
1851.04
75.0424
205.107
335.112
465.012
594.761
724.307
853.59
982.543
1111.08
1239.12
1366.54
1493.18
1618.76
1742.37
1860.05
75.155
205.448
335.689
465.84
595.862
725.711
855.338
984.691
1113.71
1242.34
1370.55
1498.37
1626.01
1754.47
1888
75.2795
205.825
336.327
466.757
597.083
727.269
857.278
987.07
1116.61
1245.87
1374.85
1503.68
1632.73
1763.05
1897.25
75.4137
206.231
337.016
467.747
598.4
728.95
859.369
989.63
1119.71
1249.58
1379.27
1508.86
1638.57
1768.99
1901.1
75.5554
206.659
337.743
468.792
599.791
730.724
861.574
992.323
1122.95
1253.45
1383.79
1513.96
1643.96
1773.78
1903.45
75.7019
207.103
338.495
469.873
601.23
732.56
863.854
995.105
1126.3
1257.42
1388.43
1519.21
1649.49
1778.71
1905.88
75.8507
207.553
339.259
470.971
602.692
734.423
866.169
997.932
1129.71
1261.5
1393.25
1524.82
1655.8
1785.1
1910.03
75.999
208.002
340.021
472.066
604.149
736.282
868.479
1000.76
1133.13
1265.61
1398.21
1530.85
1663.31
1794.56
1920.1
76.144
208.441
340.766
473.137
605.574
738.1
870.74
1003.52
1136.48
1269.67
1403.15
1537.05
1671.67
1808.01
1950.51
76.2831
208.862
341.48
474.164
606.942
739.845
872.908
1006.17
1139.68
1273.53
1407.81
1542.76
1678.86
1817.23
1960.48
76.4135
209.257
342.151
475.129
608.227
741.484
874.942
1008.65
1142.67
1277.09
1412.03
1547.7
1684.49
1823.07
1964.4
76.5327
209.618
342.764
476.013
609.406
742.988
876.809
1010.92
1145.39
1280.3
1415.75
1551.88
1688.9
1827.02
1966.39
76.6382
209.938
343.309
476.798
610.455
744.33
878.476
1012.95
1147.82
1283.14
1419
1555.46
1692.54
1830.13
1967.83
76.7275
210.209
343.772
477.469
611.355
745.487
879.919
1014.71
1149.93
1285.62
1421.85
1558.62
1695.85
1833.17
1969.57
76.7983
210.425
344.142
478.009
612.087
746.436
881.115
1016.19
1151.71
1287.74
1424.32
1561.47
1699.11
1836.87
1973.11
76.8484
210.578
344.408
478.404
612.632
747.157
882.041
1017.35
1153.14
1289.47
1426.4
1563.98
1702.29
1841.62
1983.27
76.8753
210.662
344.559
478.639
612.971
747.628
882.674
1018.18
1154.19
1290.79
1428.03
1565.98
1704.78
1844.74
1986.6
76.8767
210.67
344.584
478.697
613.086
747.827
882.99
1018.64
1154.85
1291.67
1429.16
1567.39
1706.46
1846.55
1987.85
76.85
210.594
344.469
478.562
612.955
747.731
882.964
1018.72
1155.08
1292.07
1429.76
1568.2
1707.43
1847.49
1988.36
76.7926
210.426
344.202
478.216
612.558
747.315
882.569
1018.39
1154.85
1291.99
1429.85
1568.46
1707.81
1847.88
1988.54
76.7017
210.157
343.769
477.64
611.869
746.551
881.774
1017.62
1154.14
1291.4
1429.41
1568.19
1707.68
1847.83
1988.51
76.574
209.779
343.154
476.812
610.861
745.406
880.543
1016.36
1152.92
1290.27
1428.44
1567.4
1707.09
1847.39
1988.22
76.4064
209.281
342.341
475.71
609.506
743.845
878.835
1014.57
1151.13
1288.57
1426.9
1566.09
1706.04
1846.58
1987.38
76.1952
208.653
341.312
474.306
607.768
741.826
876.601
1012.21
1148.73
1286.24
1424.75
1564.23
1704.57
1845.56
1986.88
75.9367
207.883
340.047
472.574
605.611
739.301
873.783
1009.19
1145.63
1283.19
1421.91
1561.76
1702.62
1844.28
1986.4
75.6271
206.959
338.526
470.484
602.994
736.218
870.315
1005.44
1141.74
1279.33
1418.27
1558.56
1700.1
1842.64
1985.82
75.2628
205.871
336.729
468.005
599.875
732.519
866.122
1000.87
1136.94
1274.5
1413.67
1554.47
1696.84
1840.53
1985.09
74.8403
204.608
334.637
465.109
596.212
728.146
861.122
995.363
1131.1
1268.55
1407.9
1549.28
1692.65
1837.77
1984.12
74.3567
203.16
332.234
461.769
591.965
723.04
855.233
988.807
1124.05
1261.25
1400.71
1542.67
1687.21
1834.14
1982.83
73.8101
201.521
329.508
457.964
587.099
717.148
848.373
981.079
1115.61
1252.37
1391.77
1534.24
1680.07
1829.24
1981.06
73.1996
199.689
326.451
453.68
581.592
710.428
840.473
972.067
1105.62
1241.63
1380.68
1523.45
1670.6
1822.46
1978.51
72.5258
197.664
323.065
448.918
575.434
702.858
831.486
961.681
1093.9
1228.75
1366.98
1509.61
1657.81
1812.74
1974.59
71.7912
195.454
319.36
443.688
568.637
694.443
821.399
949.872
1080.35
1213.49
1350.22
1491.86
1640.32
1798.18
1967.86
71.0003
193.071
315.359
438.02
561.235
685.22
810.245
936.657
1064.93
1195.72
1330.02
1469.35
1616.28
1775.37
1954.41
70.1593
190.537
311.093
431.961
553.291
675.265
798.114
922.137
1047.74
1175.5
1306.29
1441.53
1583.78
1738.67
1922.07
1888.94
1708.37
1555.82
1415.65
1282.31
1153.26
1027.11
903.019
780.409
658.89
538.173
418.043
298.328
178.891
59.6128
1920.84
1744.63
1587.98
1443.22
1305.85
1173.36
1044.23
917.499
792.523
668.843
546.126
424.113
302.604
181.433
60.4566
1934.12
1767.18
1611.79
1465.55
1325.93
1191.05
1059.61
930.702
803.684
678.086
553.552
429.807
306.627
183.829
61.2524
1940.78
1781.61
1629.14
1483.19
1342.63
1206.27
1073.16
942.532
813.809
686.546
560.396
435.078
310.365
186.061
61.9942
1944.67
1791.27
1641.87
1497
1356.31
1219.17
1084.92
952.978
822.866
694.189
566.624
439.902
313.798
188.115
62.678
1947.21
1798.03
1651.34
1507.8
1367.44
1229.98
1095
962.092
830.875
701.016
572.229
444.268
316.917
189.987
63.3018
1948.99
1802.94
1658.51
1516.29
1376.48
1238.98
1103.57
969.97
837.885
707.052
577.224
448.181
319.724
191.675
63.8653
1950.29
1806.63
1664.03
1523.02
1383.82
1246.46
1110.82
976.728
843.973
712.344
581.636
451.656
322.228
193.185
64.3699
1951.28
1809.45
1668.34
1528.38
1389.79
1252.65
1116.92
982.495
849.225
716.95
585.503
454.719
324.443
194.525
64.818
1952.04
1811.65
1671.75
1532.69
1394.66
1257.78
1122.05
987.395
853.732
720.935
588.87
457.4
326.389
195.704
65.2131
1952.64
1813.4
1674.48
1536.17
1398.66
1262.04
1126.34
991.544
857.582
724.364
591.786
459.732
328.088
196.736
65.5591
1953.12
1814.79
1676.68
1539
1401.93
1265.56
1129.94
995.049
860.859
727.303
594.297
461.75
329.562
197.633
65.8604
1953.5
1815.92
1678.46
1541.32
1404.63
1268.49
1132.95
998.005
863.641
729.811
596.452
463.487
330.835
198.41
66.1213
1953.82
1816.83
1679.91
1543.22
1406.86
1270.93
1135.47
1000.49
865.996
731.945
598.292
464.976
331.929
199.078
66.3461
1954.07
1817.58
1681.1
1544.78
1408.7
1272.95
1137.57
1002.58
867.985
733.756
599.86
466.248
332.866
199.651
66.539
1954.28
1818.19
1682.08
1546.07
1410.23
1274.63
1139.33
1004.34
869.661
735.287
601.19
467.331
333.665
200.141
66.7038
1954.45
1818.69
1682.89
1547.13
1411.49
1276.03
1140.8
1005.81
871.07
736.579
602.314
468.248
334.343
200.557
66.8439
1954.59
1819.1
1683.55
1548
1412.54
1277.2
1142.02
1007.04
872.251
737.664
603.262
469.023
334.916
200.909
66.9627
1954.7
1819.44
1684.09
1548.73
1413.4
1278.16
1143.04
1008.06
873.238
738.574
604.058
469.674
335.399
201.205
67.0627
1954.8
1819.72
1684.54
1549.32
1414.11
1278.96
1143.88
1008.91
874.059
739.332
604.722
470.218
335.803
201.454
67.1466
1954.88
1819.95
1684.91
1549.81
1414.7
1279.61
1144.57
1009.61
874.738
739.96
605.273
470.671
336.139
201.661
67.2164
1954.94
1820.13
1685.21
1550.21
1415.18
1280.14
1145.14
1010.19
875.295
740.475
605.727
471.043
336.416
201.831
67.274
1954.99
1820.28
1685.45
1550.53
1415.56
1280.57
1145.6
1010.65
875.746
740.893
606.094
471.346
336.641
201.97
67.3209
1955.03
1820.4
1685.64
1550.78
1415.86
1280.92
1145.96
1011.02
876.105
741.226
606.388
471.587
336.821
202.081
67.3583
1955.06
1820.49
1685.78
1550.97
1416.1
1281.18
1146.24
1011.3
876.381
741.484
606.615
471.775
336.96
202.167
67.3874
1955.08
1820.55
1685.89
1551.11
1416.27
1281.37
1146.44
1011.51
876.585
741.673
606.782
471.913
337.064
202.231
67.409
1955.1
1820.6
1685.96
1551.21
1416.38
1281.5
1146.58
1011.65
876.721
741.801
606.895
472.007
337.134
202.274
67.4236
1955.1
1820.62
1685.99
1551.25
1416.44
1281.56
1146.65
1011.72
876.794
741.87
606.958
472.058
337.173
202.298
67.4319
1955.1
1820.62
1685.99
1551.26
1416.44
1281.57
1146.66
1011.74
876.807
741.884
606.971
472.071
337.182
202.305
67.434
1955.1
1820.6
1685.96
1551.21
1416.39
1281.51
1146.61
1011.69
876.761
741.843
606.937
472.044
337.163
202.293
67.4301
1955.08
1820.55
1685.89
1551.13
1416.29
1281.4
1146.49
1011.57
876.654
741.747
606.855
471.978
337.115
202.264
67.4204
1955.06
1820.49
1685.78
1550.99
1416.12
1281.22
1146.31
1011.39
876.484
741.594
606.724
471.873
337.038
202.217
67.4046
1955.03
1820.39
1685.64
1550.79
1415.9
1280.98
1146.05
1011.14
876.248
741.381
606.542
471.726
336.931
202.152
67.3827
1954.98
1820.27
1685.44
1550.53
1415.6
1280.65
1145.72
1010.81
875.939
741.104
606.304
471.535
336.792
202.067
67.3542
1954.93
1820.11
1685.18
1550.2
1415.21
1280.23
1145.29
1010.39
875.55
740.756
606.007
471.298
336.618
201.962
67.3189
1954.86
1819.9
1684.85
1549.78
1414.72
1279.71
1144.76
1009.88
875.073
740.331
605.647
471.01
336.409
201.835
67.2764
1954.77
1819.63
1684.44
1549.25
1414.11
1279.06
1144.11
1009.26
874.497
739.822
605.217
470.668
336.161
201.685
67.2262
1954.65
1819.29
1683.91
1548.58
1413.36
1278.27
1143.32
1008.51
873.811
739.22
604.712
470.268
335.873
201.511
67.1681
1954.5
1818.86
1683.24
1547.74
1412.42
1277.3
1142.37
1007.61
873.003
738.517
604.126
469.808
335.542
201.312
67.1016
1954.3
1818.29
1682.38
1546.69
1411.26
1276.12
1141.23
1006.56
872.061
737.705
603.456
469.285
335.168
201.087
67.0267
1954.03
1817.54
1681.27
1545.35
1409.83
1274.69
1139.87
1005.32
870.973
736.78
602.699
468.697
334.75
200.837
66.9435
1953.67
1816.53
1679.8
1543.64
1408.05
1272.95
1138.27
1003.89
869.731
735.736
601.854
468.047
334.29
200.563
66.8525
1953.14
1815.13
1677.84
1541.44
1405.83
1270.87
1136.39
1002.24
868.331
734.577
600.926
467.339
333.792
200.267
66.7546
1952.34
1813.1
1675.18
1538.6
1403.1
1268.39
1134.21
1000.38
866.779
733.311
599.923
466.581
333.262
199.954
66.6509
1951.02
1810.05
1671.48
1534.92
1399.75
1265.47
1131.74
998.324
865.091
731.954
598.861
465.784
332.708
199.628
66.5433
1948.51
1805.22
1666.29
1530.19
1395.71
1262.11
1128.99
996.092
863.298
730.534
597.762
464.967
332.144
199.297
66.4341
1942.96
1797.26
1659.05
1524.26
1390.99
1258.38
1126.03
993.749
861.449
729.089
596.655
464.149
331.582
198.968
66.3261
1928.32
1784.01
1649.35
1517.21
1385.75
1254.41
1122.97
991.381
859.61
727.668
595.576
463.358
331.041
198.653
66.2224
1883.31
1763.98
1637.84
1509.62
1380.38
1250.45
1119.99
989.102
857.859
726.328
594.565
462.62
330.538
198.36
66.1263
1860.3
1748.6
1627.73
1502.69
1375.44
1246.83
1117.28
987.039
856.283
725.127
593.662
461.963
330.091
198.101
66.0413
1852.4
1739.56
1620.47
1497.26
1371.42
1243.82
1115.01
985.31
854.962
724.121
592.907
461.414
329.719
197.885
65.9704
1849.44
1734.85
1616.03
1493.63
1368.59
1241.64
1113.32
984.014
853.964
723.358
592.333
460.997
329.435
197.72
65.9163
1848.56
1733.07
1614.07
1491.83
1367.05
1240.38
1112.31
983.214
853.337
722.872
591.965
460.727
329.251
197.613
65.8813
1849.15
1733.72
1614.34
1491.77
1366.81
1240.08
1112.01
982.941
853.105
722.684
591.817
460.617
329.175
197.568
65.8665
1852.01
1737.11
1616.83
1493.38
1367.81
1240.69
1112.4
983.191
853.271
722.797
591.895
460.67
329.209
197.587
65.8727
1860.71
1744.25
1621.53
1496.45
1369.87
1242.12
1113.42
983.931
853.817
723.201
592.192
460.882
329.352
197.67
65.8996
1888.45
1755.74
1627.9
1500.57
1372.74
1244.21
1114.97
985.106
854.708
723.876
592.695
461.246
329.598
197.812
65.9462
1897.54
1763.87
1633.92
1505.04
1376.12
1246.8
1116.97
986.65
855.901
724.79
593.384
461.747
329.938
198.01
66.0109
1901.27
1769.46
1639.23
1509.54
1379.8
1249.74
1119.31
988.497
857.348
725.909
594.233
462.368
330.361
198.256
66.0916
1903.53
1773.97
1644.19
1514.11
1383.7
1252.96
1121.92
990.583
858.998
727.195
595.213
463.088
330.853
198.542
66.1857
1905.88
1778.69
1649.38
1518.92
1387.84
1256.41
1124.73
992.851
860.802
728.609
596.296
463.885
331.399
198.86
66.2903
1909.97
1784.9
1655.42
1524.17
1392.25
1260.04
1127.69
995.243
862.712
730.111
597.449
464.736
331.983
199.201
66.4023
1919.99
1794.22
1662.7
1529.92
1396.87
1263.79
1130.74
997.699
864.677
731.659
598.64
465.617
332.588
199.555
66.5186
1950.36
1807.56
1670.88
1535.88
1401.53
1267.54
1133.77
1000.15
866.644
733.213
599.838
466.503
333.198
199.911
66.6359
1960.3
1816.68
1677.92
1541.4
1405.97
1271.15
1136.71
1002.54
868.564
734.732
601.011
467.373
333.796
200.261
66.751
1964.2
1822.45
1683.43
1546.17
1409.99
1274.5
1139.48
1004.8
870.388
736.179
602.129
468.202
334.367
200.595
66.8608
1966.16
1826.33
1687.73
1550.22
1413.55
1277.53
1142.01
1006.89
872.076
737.519
603.165
468.97
334.895
200.904
66.9623
1967.59
1829.39
1691.29
1553.68
1416.67
1280.22
1144.28
1008.76
873.592
738.722
604.093
469.656
335.365
201.178
67.0526
1969.31
1832.39
1694.53
1556.75
1419.4
1282.58
1146.26
1010.39
874.907
739.76
604.89
470.242
335.766
201.411
67.1289
1972.84
1836.04
1697.73
1559.52
1421.78
1284.59
1147.93
1011.75
875.994
740.609
605.533
470.71
336.082
201.594
67.1886
1982.99
1840.76
1700.86
1561.96
1423.78
1286.23
1149.26
1012.81
876.826
741.244
606.003
471.043
336.303
201.719
67.2291
1986.31
1843.86
1703.31
1563.9
1425.34
1287.48
1150.24
1013.56
877.38
741.641
606.278
471.225
336.414
201.779
67.2478
1987.55
1845.64
1704.95
1565.26
1426.41
1288.29
1150.82
1013.96
877.628
741.777
606.336
471.237
336.405
201.765
67.2421
1988.05
1846.57
1705.89
1566.04
1426.97
1288.64
1150.99
1013.98
877.542
741.626
606.157
471.062
336.26
201.671
67.2093
1988.23
1846.94
1706.24
1566.26
1427.01
1288.5
1150.71
1013.59
877.095
741.162
605.717
470.681
335.967
201.487
67.1465
1988.19
1846.87
1706.09
1565.95
1426.53
1287.87
1149.95
1012.77
876.254
740.355
604.991
470.074
335.511
201.204
67.0507
1987.9
1846.43
1705.47
1565.13
1425.52
1286.7
1148.69
1011.46
874.981
739.171
603.949
469.219
334.876
200.813
66.9188
1987.05
1845.6
1704.41
1563.8
1423.95
1284.96
1146.86
1009.64
873.235
737.575
602.563
468.091
334.044
200.303
66.7472
1986.55
1844.56
1702.91
1561.91
1421.77
1282.59
1144.42
1007.23
870.965
735.522
600.796
466.663
332.997
199.664
66.5324
1986.06
1843.27
1700.94
1559.41
1418.9
1279.51
1141.29
1004.18
868.112
732.965
598.611
464.908
331.715
198.884
66.2704
1985.48
1841.62
1698.4
1556.19
1415.22
1275.61
1137.36
1000.4
864.609
729.85
595.966
462.796
330.177
197.95
65.9574
1984.74
1839.49
1695.12
1552.07
1410.59
1270.75
1132.52
995.788
860.38
726.12
592.82
460.295
328.364
196.852
65.5897
1983.77
1836.72
1690.9
1546.84
1404.78
1264.75
1126.64
990.242
855.343
721.713
589.128
457.376
326.255
195.578
65.1638
1982.47
1833.06
1685.42
1540.19
1397.55
1257.41
1119.54
983.642
849.414
716.572
584.851
454.012
323.835
194.12
64.6768
1980.69
1828.14
1678.25
1531.72
1388.56
1248.48
1111.06
975.867
842.512
710.643
579.955
450.182
321.091
192.471
64.1265
1978.13
1821.32
1668.72
1520.87
1377.4
1237.67
1101.01
966.803
834.566
703.883
574.414
445.873
318.015
190.627
63.5122
1974.19
1811.55
1655.87
1506.95
1363.64
1224.73
1089.23
956.36
825.529
696.271
568.22
441.082
314.609
188.59
62.8344
1967.42
1796.92
1638.3
1489.11
1346.78
1209.39
1075.6
944.488
815.387
687.81
561.386
435.823
310.884
186.367
62.0957
1953.91
1774
1614.14
1466.49
1326.48
1191.53
1060.1
931.204
804.174
678.537
553.944
430.124
306.86
183.972
61.3004
1921.41
1737.12
1581.47
1438.53
1302.64
1171.21
1042.82
916.609
791.98
668.53
545.958
424.033
302.572
181.424
60.4549
69.1885
187.608
306.159
424.936
544.05
663.636
783.861
904.941
1027.17
1150.93
1276.78
1405.54
1538.33
1676.5
1819.65
68.0856
184.279
300.542
416.925
533.486
650.295
767.438
885.018
1003.16
1122
1241.66
1362.21
1483.32
1603.63
1718.64
66.959
180.878
294.8
408.727
522.662
636.608
750.562
864.514
978.427
1092.21
1205.64
1318.26
1429.08
1536.04
1635.18
65.8302
177.47
289.045
400.511
511.816
622.897
733.673
844.031
953.806
1062.74
1170.4
1276.1
1378.67
1476.25
1566.05
64.7211
174.121
283.394
392.449
501.183
609.477
717.184
824.113
930.009
1034.51
1137.1
1237.02
1333.21
1424.18
1508.08
63.6527
170.897
277.956
384.699
490.979
596.631
701.457
805.212
907.585
1008.17
1106.43
1201.66
1292.94
1379.16
1459.06
62.6441
167.855
272.829
377.402
481.393
584.598
686.785
787.674
886.929
984.132
1078.77
1170.22
1257.71
1340.42
1417.46
61.7121
165.044
268.099
370.681
472.582
573.573
673.396
771.754
868.304
962.638
1054.28
1142.69
1227.24
1307.3
1382.24
60.8708
162.509
263.835
364.632
464.67
563.703
661.456
757.628
851.875
943.812
1033.01
1118.99
1201.25
1279.28
1352.61
60.1318
160.283
260.095
359.334
457.756
555.1
651.086
745.409
837.737
927.707
1014.93
1098.98
1179.46
1255.93
1328.04
59.5042
158.393
256.923
354.847
451.909
547.843
642.364
735.171
825.94
914.332
999.988
1082.54
1161.63
1236.92
1308.09
58.9949
156.86
254.351
351.213
447.183
541.988
635.345
726.954
816.504
903.673
988.13
1069.54
1147.59
1221.99
1292.46
58.609
155.699
252.405
348.464
443.612
537.571
630.059
720.78
809.433
895.707
979.293
1059.88
1137.19
1210.95
1280.92
58.3499
154.92
251.098
346.621
441.219
534.616
626.527
716.662
804.723
890.412
973.43
1053.49
1130.31
1203.66
1273.32
58.2198
154.528
250.443
345.697
440.02
533.135
624.759
714.601
802.37
887.769
970.508
1050.3
1126.89
1200.04
1269.54
1941.02
1981.96
2000.83
2011.54
2018.66
2023.89
2028
2031.35
2034.16
2036.56
2038.64
2040.46
2042.08
2043.51
2044.79
2045.94
2046.98
2047.92
2048.76
2049.53
2050.23
2050.86
2051.44
2051.96
2052.43
2052.87
2053.26
2053.61
2053.94
2054.23
2054.49
2054.73
2054.95
2055.14
2055.31
2055.46
2055.6
2055.71
2055.81
2055.89
2055.96
2056.02
2056.06
2056.08
2056.1
2056.1
2056.08
2056.06
2056.01
2055.96
2055.89
2055.81
2055.71
2055.59
2055.45
2055.3
2055.13
2054.94
2054.72
2054.48
2054.21
2053.92
2053.6
2053.24
2052.84
2052.41
2051.93
2051.41
2050.83
2050.19
2049.49
2048.72
2047.87
2046.93
2045.89
2044.73
2043.44
2042
2040.38
2038.55
2036.45
2034.04
2031.22
2027.85
2023.73
2018.47
2011.32
2000.55
1981.6
1940.45
1807.92
1862.62
1899.17
1924.74
1943.62
1958.25
1970.02
1979.76
1987.99
1995.07
2001.22
2006.63
2011.42
2015.68
2019.5
2022.93
2026.02
2028.81
2031.34
2033.63
2035.71
2037.6
2039.32
2040.88
2042.3
2043.59
2044.76
2045.83
2046.79
2047.67
2048.46
2049.17
2049.81
2050.38
2050.89
2051.35
2051.75
2052.09
2052.39
2052.64
2052.85
2053.01
2053.13
2053.21
2053.25
2053.25
2053.2
2053.12
2053
2052.84
2052.63
2052.37
2052.07
2051.72
2051.32
2050.87
2050.35
2049.78
2049.13
2048.41
2047.62
2046.74
2045.77
2044.7
2043.52
2042.22
2040.8
2039.23
2037.5
2035.6
2033.51
2031.21
2028.67
2025.86
2022.76
2019.31
2015.48
2011.19
2006.38
2000.95
1994.76
1987.65
1979.37
1969.59
1957.76
1943.06
1924.09
1898.4
1861.67
1806.7
1712.87
1769.38
1813.28
1847.5
1874.66
1896.67
1914.91
1930.28
1943.44
1954.85
1964.83
1973.64
1981.46
1988.45
1994.71
2000.35
2005.43
2010.03
2014.2
2017.98
2021.41
2024.53
2027.37
2029.95
2032.29
2034.43
2036.36
2038.12
2039.72
2041.17
2042.47
2043.65
2044.71
2045.66
2046.51
2047.26
2047.91
2048.49
2048.98
2049.39
2049.73
2050
2050.2
2050.33
2050.4
2050.4
2050.33
2050.19
2049.99
2049.72
2049.37
2048.95
2048.46
2047.88
2047.22
2046.46
2045.61
2044.66
2043.59
2042.41
2041.09
2039.64
2038.03
2036.26
2034.31
2032.17
2029.81
2027.22
2024.37
2021.23
2017.78
2013.99
2009.8
2005.18
2000.07
1994.4
1988.11
1981.09
1973.22
1964.37
1954.34
1942.88
1929.65
1914.21
1895.89
1873.76
1846.47
1812.08
1767.97
1711.18
1638.1
1694.25
1741.28
1780.4
1813.04
1840.5
1863.86
1883.94
1901.36
1916.62
1930.07
1942.01
1952.66
1962.2
1970.78
1978.51
1985.5
1991.83
1997.56
2002.77
2007.51
2011.82
2015.73
2019.3
2022.54
2025.49
2028.17
2030.61
2032.81
2034.82
2036.62
2038.26
2039.72
2041.03
2042.21
2043.24
2044.15
2044.95
2045.63
2046.2
2046.67
2047.05
2047.32
2047.5
2047.59
2047.59
2047.5
2047.31
2047.03
2046.65
2046.17
2045.59
2044.91
2044.11
2043.19
2042.14
2040.97
2039.64
2038.17
2036.53
2034.71
2032.7
2030.48
2028.03
2025.34
2022.37
2019.11
2015.53
2011.59
2007.26
2002.5
1997.27
1991.5
1985.14
1978.12
1970.35
1961.73
1952.14
1941.44
1929.45
1915.93
1900.6
1883.09
1862.91
1839.44
1811.84
1779.04
1739.73
1692.47
1636.05
1576.76
1632.2
1680.63
1722.57
1758.82
1790.2
1817.5
1841.37
1862.37
1880.94
1897.45
1912.19
1925.41
1937.29
1948
1957.69
1966.46
1974.41
1981.64
1988.2
1994.18
1999.61
2004.56
2009.06
2013.16
2016.89
2020.28
2023.36
2026.16
2028.69
2030.98
2033.04
2034.9
2036.56
2038.05
2039.36
2040.51
2041.52
2042.38
2043.11
2043.7
2044.17
2044.52
2044.75
2044.87
2044.86
2044.75
2044.51
2044.15
2043.67
2043.07
2042.34
2041.47
2040.45
2039.29
2037.97
2036.48
2034.8
2032.93
2030.86
2028.55
2026.01
2023.2
2020.1
2016.69
2012.95
2008.83
2004.3
1999.33
1993.86
1987.86
1981.26
1974
1966.01
1957.2
1947.46
1936.7
1924.76
1911.48
1896.66
1880.07
1861.41
1840.31
1816.32
1788.89
1757.35
1720.93
1678.79
1630.12
1574.41
1525.47
1580.21
1629.28
1672.91
1711.55
1745.74
1776.01
1802.89
1826.82
1848.18
1867.33
1884.53
1900.02
1914.01
1926.67
1938.14
1948.55
1958.01
1966.61
1974.44
1981.57
1988.06
1993.97
1999.36
2004.26
2008.73
2012.79
2016.48
2019.83
2022.86
2025.61
2028.08
2030.31
2032.3
2034.08
2035.65
2037.04
2038.24
2039.28
2040.15
2040.86
2041.43
2041.85
2042.12
2042.26
2042.26
2042.11
2041.83
2041.4
2040.83
2040.1
2039.22
2038.18
2036.97
2035.57
2033.98
2032.2
2030.19
2027.95
2025.46
2022.7
2019.65
2016.28
2012.57
2008.49
2004.01
1999.08
1993.66
1987.72
1981.19
1974.03
1966.16
1957.52
1948.01
1937.55
1926.02
1913.3
1899.25
1883.68
1866.39
1847.16
1825.68
1801.64
1774.63
1744.21
1709.86
1671.03
1627.18
1577.88
1522.86
1482.22
1536.37
1585.72
1630.39
1670.66
1706.86
1739.39
1768.61
1794.9
1818.59
1839.96
1859.27
1876.76
1892.61
1907
1920.07
1931.96
1942.79
1952.65
1961.64
1969.83
1977.29
1984.1
1990.3
1995.95
2001.1
2005.78
2010.04
2013.9
2017.4
2020.57
2023.43
2026
2028.3
2030.35
2032.17
2033.77
2035.16
2036.36
2037.36
2038.19
2038.84
2039.33
2039.65
2039.81
2039.8
2039.64
2039.31
2038.81
2038.15
2037.31
2036.3
2035.09
2033.69
2032.08
2030.25
2028.18
2025.86
2023.28
2020.4
2017.22
2013.7
2009.81
2005.53
2000.83
1995.65
1989.97
1983.74
1976.9
1969.39
1961.16
1952.13
1942.22
1931.34
1919.39
1906.25
1891.8
1875.87
1858.3
1838.89
1817.41
1793.61
1767.19
1737.83
1705.14
1668.76
1628.3
1583.41
1533.82
1479.41
1445.76
1499.39
1548.85
1594.19
1635.58
1673.25
1707.47
1738.52
1766.7
1792.28
1815.51
1836.61
1855.8
1873.26
1889.17
1903.66
1916.87
1928.91
1939.9
1949.93
1959.08
1967.43
1975.05
1981.99
1988.32
1994.09
1999.34
2004.12
2008.45
2012.38
2015.94
2019.14
2022.03
2024.61
2026.92
2028.96
2030.76
2032.32
2033.66
2034.79
2035.72
2036.46
2037
2037.36
2037.54
2037.53
2037.34
2036.98
2036.42
2035.68
2034.74
2033.59
2032.24
2030.66
2028.86
2026.8
2024.48
2021.88
2018.97
2015.75
2012.17
2008.22
2003.86
1999.06
1993.79
1987.99
1981.62
1974.64
1966.99
1958.6
1949.4
1939.32
1928.28
1916.17
1902.9
1888.34
1872.36
1854.81
1835.52
1814.32
1790.98
1765.27
1736.96
1705.75
1671.36
1633.51
1591.92
1546.35
1496.66
1442.76
1415.18
1468.39
1517.86
1563.64
1605.82
1644.56
1680.06
1712.53
1742.21
1769.32
1794.06
1816.66
1837.29
1856.13
1873.33
1889.04
1903.4
1916.51
1928.5
1939.44
1949.44
1958.58
1966.91
1974.52
1981.46
1987.78
1993.54
1998.78
2003.54
2007.85
2011.75
2015.28
2018.45
2021.28
2023.82
2026.06
2028.03
2029.75
2031.22
2032.47
2033.49
2034.29
2034.89
2035.29
2035.48
2035.47
2035.27
2034.86
2034.25
2033.44
2032.4
2031.15
2029.66
2027.93
2025.94
2023.68
2021.14
2018.28
2015.09
2011.55
2007.62
2003.29
1998.5
1993.24
1987.45
1981.09
1974.12
1966.47
1958.09
1948.91
1938.86
1927.86
1915.82
1902.64
1888.21
1872.42
1855.13
1836.2
1815.47
1792.77
1767.9
1740.66
1710.84
1678.21
1642.54
1603.61
1561.22
1515.22
1465.5
1412.04
1389.87
1442.72
1492.17
1538.24
1580.98
1620.51
1656.97
1690.53
1721.39
1749.71
1775.69
1799.5
1821.32
1841.3
1859.6
1876.35
1891.68
1905.71
1918.54
1930.28
1941.01
1950.82
1959.79
1967.97
1975.44
1982.25
1988.45
1994.09
1999.22
2003.87
2008.08
2011.87
2015.29
2018.35
2021.08
2023.5
2025.63
2027.49
2029.08
2030.42
2031.52
2032.39
2033.03
2033.46
2033.67
2033.66
2033.44
2033
2032.34
2031.46
2030.35
2028.99
2027.39
2025.52
2023.38
2020.94
2018.19
2015.11
2011.67
2007.85
2003.62
1998.95
1993.79
1988.12
1981.89
1975.04
1967.53
1959.31
1950.3
1940.44
1929.65
1917.86
1904.96
1890.86
1875.45
1858.62
1840.23
1820.15
1798.23
1774.3
1748.2
1719.73
1688.73
1655
1618.36
1578.64
1535.69
1489.41
1439.71
1386.6
1369.35
1421.92
1471.33
1517.59
1560.72
1600.83
1638.01
1672.41
1704.16
1733.44
1760.38
1785.17
1807.94
1828.86
1848.05
1865.65
1881.79
1896.57
1910.12
1922.52
1933.87
1944.25
1953.74
1962.41
1970.32
1977.54
1984.12
1990.1
1995.54
2000.48
2004.94
2008.98
2012.6
2015.86
2018.75
2021.33
2023.59
2025.55
2027.24
2028.67
2029.83
2030.76
2031.44
2031.9
2032.12
2032.11
2031.88
2031.41
2030.71
2029.78
2028.59
2027.15
2025.45
2023.47
2021.19
2018.6
2015.68
2012.41
2008.76
2004.71
2000.22
1995.25
1989.79
1983.77
1977.16
1969.9
1961.94
1953.23
1943.69
1933.26
1921.86
1909.39
1895.78
1880.92
1864.71
1847.02
1827.73
1806.72
1783.83
1758.92
1731.84
1702.43
1670.52
1635.95
1598.59
1558.29
1514.94
1468.46
1418.81
1365.98
1353.29
1405.64
1455.01
1501.39
1544.81
1585.33
1623.03
1658.04
1690.48
1720.47
1748.16
1773.7
1797.22
1818.85
1838.75
1857.02
1873.8
1889.19
1903.3
1916.23
1928.07
1938.91
1948.83
1957.89
1966.16
1973.71
1980.6
1986.86
1992.55
1997.72
2002.39
2006.62
2010.41
2013.82
2016.86
2019.55
2021.92
2023.98
2025.75
2027.24
2028.46
2029.43
2030.15
2030.62
2030.85
2030.85
2030.6
2030.11
2029.38
2028.4
2027.16
2025.66
2023.87
2021.79
2019.41
2016.7
2013.64
2010.21
2006.39
2002.15
1997.44
1992.25
1986.53
1980.23
1973.31
1965.72
1957.4
1948.3
1938.33
1927.44
1915.54
1902.54
1888.36
1872.89
1856.04
1837.67
1817.68
1795.94
1772.3
1746.64
1718.82
1688.68
1656.08
1620.9
1583.01
1542.29
1498.66
1452.06
1402.45
1349.84
1341.44
1393.64
1442.96
1489.42
1533.03
1573.83
1611.91
1647.35
1680.27
1710.78
1739.01
1765.09
1789.15
1811.33
1831.74
1850.51
1867.77
1883.61
1898.14
1911.47
1923.69
1934.87
1945.1
1954.46
1963.01
1970.81
1977.92
1984.4
1990.28
1995.62
2000.46
2004.82
2008.75
2012.27
2015.41
2018.2
2020.65
2022.78
2024.61
2026.15
2027.42
2028.42
2029.16
2029.65
2029.89
2029.88
2029.63
2029.13
2028.37
2027.35
2026.07
2024.51
2022.67
2020.52
2018.05
2015.25
2012.09
2008.54
2004.59
2000.2
1995.34
1989.97
1984.05
1977.54
1970.39
1962.55
1953.96
1944.56
1934.27
1923.03
1910.76
1897.36
1882.75
1866.83
1849.5
1830.63
1810.12
1787.83
1763.65
1737.45
1709.08
1678.42
1645.34
1609.73
1571.46
1530.46
1486.64
1439.95
1390.39
1337.94
1333.64
1385.72
1435.02
1481.53
1525.25
1566.24
1604.55
1640.27
1673.49
1704.34
1732.92
1759.35
1783.77
1806.3
1827.05
1846.16
1863.72
1879.86
1894.68
1908.28
1920.74
1932.15
1942.6
1952.16
1960.89
1968.86
1976.12
1982.74
1988.75
1994.21
1999.15
2003.61
2007.63
2011.23
2014.44
2017.29
2019.79
2021.97
2023.84
2025.42
2026.71
2027.74
2028.5
2029
2029.24
2029.24
2028.98
2028.46
2027.69
2026.65
2025.34
2023.74
2021.86
2019.66
2017.14
2014.27
2011.04
2007.42
2003.38
1998.89
1993.92
1988.43
1982.38
1975.73
1968.43
1960.42
1951.64
1942.04
1931.54
1920.07
1907.55
1893.88
1878.99
1862.77
1845.12
1825.92
1805.06
1782.43
1757.89
1731.32
1702.6
1671.61
1638.22
1602.32
1563.83
1522.64
1478.7
1431.97
1382.43
1330.09
1329.76
1381.79
1431.08
1477.6
1521.38
1562.46
1600.88
1636.74
1670.12
1701.12
1729.87
1756.49
1781.08
1803.78
1824.7
1843.97
1861.7
1877.99
1892.95
1906.67
1919.26
1930.79
1941.34
1951
1959.82
1967.87
1975.22
1981.9
1987.98
1993.5
1998.49
2003
2007.06
2010.7
2013.95
2016.83
2019.36
2021.56
2023.45
2025.05
2026.36
2027.39
2028.16
2028.67
2028.92
2028.91
2028.65
2028.13
2027.34
2026.29
2024.97
2023.36
2021.45
2019.23
2016.68
2013.78
2010.51
2006.85
2002.77
1998.23
1993.21
1987.66
1981.55
1974.82
1967.44
1959.35
1950.48
1940.78
1930.17
1918.58
1905.93
1892.14
1877.11
1860.73
1842.92
1823.56
1802.53
1779.72
1755.01
1728.26
1699.37
1668.21
1634.67
1598.64
1560.03
1518.76
1474.76
1428.01
1378.48
1326.2
1818.49
1674.64
1535.8
1402.36
1272.98
1146.51
1022.15
899.325
777.653
656.84
536.669
416.971
297.612
178.48
59.479
1716.98
1601.42
1480.52
1358.81
1237.69
1117.43
998.017
879.301
761.148
643.432
526.051
408.919
291.966
175.134
58.3704
1633.11
1533.5
1426.02
1314.66
1201.49
1087.5
973.163
858.695
744.187
629.675
515.172
400.679
286.194
171.715
57.2379
1563.65
1473.41
1375.35
1272.28
1166.07
1057.88
948.42
838.11
727.212
615.895
504.271
392.422
280.411
168.289
56.1034
1505.4
1421.09
1329.68
1233.02
1132.6
1029.51
924.505
818.093
710.641
602.408
493.585
384.319
274.732
164.924
54.9888
1456.14
1375.84
1289.21
1197.48
1101.79
1003.05
901.97
799.097
694.836
589.498
483.33
376.53
269.266
161.684
53.915
1414.33
1336.91
1253.8
1165.88
1073.99
978.889
881.212
781.473
680.091
577.406
473.696
369.198
264.114
158.626
52.9014
1378.93
1303.63
1223.19
1138.22
1049.38
957.289
862.495
765.474
666.635
566.325
464.841
362.442
259.36
155.802
51.9647
1349.16
1275.47
1197.06
1114.4
1028
938.37
845.985
751.278
654.637
556.406
456.891
356.364
255.075
153.254
51.1193
1324.47
1252.01
1175.16
1094.3
1009.83
922.186
831.777
738.999
644.215
547.761
449.942
351.04
251.316
151.017
50.3767
1304.42
1232.9
1157.25
1077.78
994.819
908.745
819.922
728.71
635.451
540.468
444.067
346.53
248.128
149.118
49.746
1288.72
1217.9
1143.15
1064.71
982.902
898.034
810.44
720.452
628.396
534.585
439.317
342.879
245.544
147.577
49.2341
1277.12
1206.81
1132.69
1055.01
974.022
890.029
803.334
714.249
623.085
530.146
435.728
340.116
243.588
146.41
48.8463
1269.48
1199.48
1125.78
1048.58
968.131
884.708
798.601
710.11
619.535
527.176
433.324
338.265
242.275
145.627
48.5859
1265.68
1195.84
1122.34
1045.38
965.194
882.052
796.236
708.04
617.759
525.688
432.119
337.336
241.616
145.234
48.4552
)
;

boundaryField
{
    hot
    {
        type            fixedValue;
        value           uniform 10;
    }
    cold
    {
        type            fixedValue;
        value           uniform 0;
    }
    interface_left
    {
        type            fixedValue;
        value           nonuniform List<scalar> 
90
(
1557.29
1557.29
1557.29
1557.29
1557.29
1557.29
1557.29
1557.29
1557.29
1757.87
1757.87
1757.87
1757.87
1757.87
1757.87
1757.87
1874.9
1874.9
1874.9
1874.9
1874.9
1874.9
1948.66
1948.66
1948.66
1948.66
1948.66
1948.66
1948.66
1987.6
1987.6
1987.6
1987.6
1987.6
1987.6
1987.6
1974.37
1974.37
1974.37
1974.37
1974.37
1974.37
1974.37
1925.49
1925.49
1925.49
1925.49
1925.49
1925.49
1905.36
1905.36
1905.36
1905.36
1905.36
1905.36
1905.36
1969.03
1969.03
1969.03
1969.03
1969.03
1969.03
1969.03
2036.77
2036.77
2036.77
2036.77
2036.77
2036.77
2036.77
2058.78
2058.78
2058.78
2058.78
2058.78
2058.78
2058.78
2056.91
2056.91
2056.91
2056.91
2056.91
2056.91
2056.91
2056.91
2056.91
2056.91
2056.91
2056.91
2056.91
)
;
    }
    interface_right
    {
        type            fixedValue;
        value           nonuniform List<scalar> 
90
(
2020.37
2020.37
2020.37
2020.37
2020.37
2020.37
2020.37
2020.37
2020.37
2020.37
2020.37
2020.37
2020.37
2020.37
2020.37
2020.37
2020.37
2020.37
2020.37
2020.37
2020.37
2020.37
2020.37
2020.37
2020.37
2020.37
2020.37
2020.37
2020.37
2020.37
2020.37
2020.37
2020.37
2020.37
2020.37
2020.37
2020.37
2020.37
2020.37
2020.37
2020.37
2020.37
2020.37
2020.37
2020.37
2020.37
2020.37
2020.37
1925.49
1905.36
1905.36
1905.36
1905.36
1905.36
1905.36
1905.36
1969.03
1969.03
1969.03
1969.03
1969.03
1969.03
1969.03
2036.77
2036.77
2036.77
2036.77
2036.77
2036.77
2036.77
2058.78
2058.78
2058.78
2058.78
2058.78
2058.78
2058.78
2056.91
2056.91
2056.91
2056.91
2056.91
2056.91
2056.91
2056.91
2056.91
2056.91
2056.91
2056.91
2056.91
)
;
    }
    interface_top
    {
        type            fixedValue;
        value           uniform 2056.91;
    }
    interface_bottom
    {
        type            fixedValue;
        value           nonuniform List<scalar> 
90
(
1557.29
1557.29
1557.29
1557.29
1557.29
1557.29
1557.29
1557.29
1557.29
1557.29
1557.29
1557.29
1557.29
1557.29
1557.29
1557.29
1557.29
1557.29
1557.29
1557.29
1557.29
1557.29
1557.29
1557.29
1557.29
1557.29
1557.29
1557.29
1557.29
1557.29
1557.29
1557.29
1704.28
1704.28
1704.28
1704.28
1704.28
1704.28
1704.28
1704.28
1704.28
1704.28
1704.28
1859.72
1859.72
1859.72
1859.72
1859.72
1859.72
1859.72
1859.72
1859.72
1859.72
1859.72
1859.72
1859.72
1958.42
1958.42
1958.42
1958.42
1958.42
1958.42
1958.42
1958.42
1958.42
1958.42
1958.42
1958.42
1958.42
1958.42
2024.61
2024.61
2024.61
2024.61
2024.61
2024.61
2024.61
2024.61
2024.61
2024.61
2024.61
2024.61
2024.61
2020.37
2020.37
2020.37
2020.37
2020.37
2020.37
2020.37
)
;
    }
    defaultFaces
    {
        type            empty;
    }
}


// ************************************************************************* //
