/*--------------------------------*- C++ -*----------------------------------*\
| =========                 |                                                 |
| \\      /  F ield         | OpenFOAM: The Open Source CFD Toolbox           |
|  \\    /   O peration     | Version:  5.x                                   |
|   \\  /    A nd           | Web:      www.OpenFOAM.org                      |
|    \\/     M anipulation  |                                                 |
\*---------------------------------------------------------------------------*/
FoamFile
{
    version     2.0;
    format      ascii;
    class       volScalarField;
    location    "19.2";
    object      T;
}
// * * * * * * * * * * * * * * * * * * * * * * * * * * * * * * * * * * * * * //

dimensions      [0 0 0 1 0 0 0];

internalField   nonuniform List<scalar> 
6300
(
10.018
10.0539
10.0897
10.1252
10.1603
10.1949
10.229
10.2623
10.2948
10.3264
10.357
10.3865
10.4149
10.442
10.4678
10.0181
10.0541
10.09
10.1256
10.1608
10.1955
10.2297
10.2631
10.2957
10.3274
10.3581
10.3877
10.4161
10.4432
10.4691
10.0182
10.0544
10.0905
10.1263
10.1618
10.1967
10.2311
10.2647
10.2975
10.3294
10.3603
10.39
10.4185
10.4458
10.4717
10.0183
10.0549
10.0913
10.1275
10.1632
10.1985
10.2332
10.2671
10.3002
10.3324
10.3635
10.3935
10.4222
10.4497
10.4757
10.0185
10.0556
10.0924
10.129
10.1652
10.2009
10.236
10.2703
10.3039
10.3364
10.3679
10.3982
10.4273
10.4549
10.4811
10.0188
10.0564
10.0938
10.1309
10.1676
10.2039
10.2395
10.2744
10.3084
10.3415
10.3735
10.4043
10.4337
10.4616
10.488
10.0191
10.0573
10.0954
10.1332
10.1706
10.2075
10.2437
10.2793
10.314
10.3477
10.3803
10.4116
10.4415
10.4698
10.4965
10.0195
10.0585
10.0973
10.1358
10.174
10.2116
10.2487
10.285
10.3205
10.355
10.3883
10.4204
10.4509
10.4797
10.5067
10.0199
10.0598
10.0994
10.1388
10.1779
10.2164
10.2544
10.2916
10.328
10.3634
10.3977
10.4306
10.4619
10.4915
10.519
10.0204
10.0612
10.1018
10.1422
10.1822
10.2218
10.2608
10.299
10.3365
10.373
10.4084
10.4424
10.4748
10.5052
10.5334
10.021
10.0628
10.1045
10.146
10.1871
10.2277
10.2678
10.3073
10.3459
10.3837
10.4204
10.4557
10.4895
10.5213
10.5505
10.0215
10.0646
10.1074
10.1501
10.1924
10.2342
10.2756
10.3163
10.3563
10.3954
10.4337
10.4707
10.5063
10.5398
10.5706
10.0222
10.0664
10.1106
10.1545
10.1981
10.2412
10.2839
10.326
10.3674
10.4082
10.4481
10.4871
10.525
10.5612
10.5945
10.0228
10.0685
10.114
10.1592
10.2042
10.2487
10.2928
10.3363
10.3793
10.4216
10.4634
10.5047
10.5454
10.5853
10.6232
10.0236
10.0706
10.1176
10.1643
10.2107
10.2567
10.3022
10.3472
10.3917
10.4357
10.4793
10.5228
10.5666
10.6115
10.6576
10.4902
10.5097
10.5283
10.5459
10.5627
10.5786
10.5936
10.6079
10.6214
10.6343
10.6465
10.6581
10.6692
10.6798
10.6901
10.7
10.7096
10.719
10.7283
10.7374
10.7464
10.7555
10.7645
10.7737
10.7829
10.7923
10.8018
10.8114
10.8213
10.8313
10.8416
10.852
10.8625
10.8732
10.8839
10.8947
10.9056
10.9164
10.9272
10.9378
10.9482
10.9583
10.9681
10.9775
10.9863
10.9945
11.002
11.0087
11.0145
11.0193
11.023
11.0254
11.0265
11.0261
11.0241
11.0203
11.0145
11.0065
10.9963
10.9835
10.9679
10.9493
10.9274
10.902
10.8728
10.8395
10.8016
10.7588
10.7107
10.6569
10.5969
10.5301
10.4561
10.3742
10.2839
10.1844
10.0752
9.95556
9.82478
9.68214
9.52696
9.35853
9.17622
8.97941
8.76757
8.54024
8.29709
8.03789
7.76258
7.47121
10.4915
10.511
10.5296
10.5472
10.5639
10.5797
10.5947
10.6089
10.6224
10.6351
10.6473
10.6588
10.6698
10.6804
10.6905
10.7004
10.7099
10.7192
10.7284
10.7374
10.7464
10.7554
10.7644
10.7735
10.7827
10.792
10.8015
10.8112
10.821
10.8311
10.8413
10.8517
10.8623
10.873
10.8838
10.8947
10.9056
10.9165
10.9273
10.938
10.9485
10.9588
10.9687
10.9782
10.9871
10.9955
11.0031
11.01
11.0159
11.0209
11.0247
11.0274
11.0286
11.0284
11.0266
11.023
11.0175
11.0098
10.9999
10.9874
10.9721
10.9539
10.9325
10.9075
10.8788
10.8459
10.8085
10.7664
10.7189
10.6658
10.6065
10.5405
10.4673
10.3863
10.2969
10.1984
10.0902
9.97156
9.84178
9.70016
9.54596
9.37849
9.19705
9.00102
8.78982
8.56299
8.32015
8.06106
7.78564
7.49396
10.4942
10.5137
10.5322
10.5498
10.5664
10.5821
10.597
10.611
10.6243
10.6369
10.6489
10.6602
10.6711
10.6815
10.6915
10.7011
10.7105
10.7197
10.7287
10.7376
10.7464
10.7553
10.7642
10.7731
10.7822
10.7915
10.8009
10.8106
10.8204
10.8305
10.8407
10.8512
10.8618
10.8726
10.8835
10.8945
10.9056
10.9166
10.9276
10.9385
10.9492
10.9597
10.9698
10.9796
10.9888
10.9974
11.0054
11.0125
11.0187
11.024
11.0282
11.0312
11.0328
11.033
11.0317
11.0286
11.0235
11.0164
11.0071
10.9952
10.9807
10.9632
10.9425
10.9184
10.8906
10.8587
10.8225
10.7814
10.7353
10.6835
10.6257
10.5613
10.4898
10.4105
10.3229
10.2264
10.1201
10.0035
9.87581
9.73623
9.58405
9.41849
9.23884
9.0444
8.83454
8.60873
8.36655
8.10771
7.83209
7.53976
10.4982
10.5177
10.5362
10.5536
10.5701
10.5857
10.6004
10.6142
10.6273
10.6396
10.6513
10.6624
10.673
10.6831
10.6928
10.7022
10.7114
10.7203
10.7291
10.7377
10.7464
10.755
10.7637
10.7726
10.7815
10.7907
10.8
10.8096
10.8195
10.8295
10.8398
10.8504
10.8611
10.872
10.8831
10.8943
10.9055
10.9168
10.928
10.9392
10.9502
10.961
10.9716
10.9817
10.9913
11.0003
11.0087
11.0162
11.0229
11.0286
11.0333
11.0368
11.039
11.0398
11.0391
11.0368
11.0325
11.0263
11.0178
11.0069
10.9934
10.977
10.9575
10.9346
10.9082
10.8778
10.8431
10.8039
10.7597
10.71
10.6544
10.5923
10.5233
10.4467
10.3619
10.2682
10.165
10.0514
9.92685
9.79042
9.64132
9.47875
9.30188
9.10993
8.90219
8.67801
8.43689
8.17847
7.90258
7.60926
10.5037
10.5231
10.5415
10.5589
10.5752
10.5905
10.6049
10.6185
10.6312
10.6432
10.6545
10.6653
10.6755
10.6853
10.6946
10.7037
10.7125
10.7211
10.7295
10.7379
10.7463
10.7547
10.7632
10.7718
10.7805
10.7895
10.7988
10.8083
10.8181
10.8282
10.8386
10.8492
10.8601
10.8712
10.8825
10.8939
10.9054
10.9169
10.9285
10.9401
10.9515
10.9628
10.9738
10.9844
10.9946
11.0042
11.0131
11.0212
11.0285
11.0348
11.0401
11.0442
11.0472
11.0488
11.049
11.0476
11.0444
11.0393
11.032
11.0223
11.0101
10.9951
10.9772
10.956
10.9313
10.9029
10.8704
10.8335
10.7918
10.7449
10.6922
10.6333
10.5676
10.4946
10.4135
10.3237
10.2245
10.1152
9.9949
9.86278
9.71796
9.55953
9.38657
9.19816
8.99345
8.77164
8.53209
8.27434
7.99813
7.70346
10.5106
10.5301
10.5484
10.5656
10.5816
10.5967
10.6107
10.6239
10.6362
10.6477
10.6586
10.6689
10.6787
10.688
10.6969
10.7055
10.7139
10.7221
10.7301
10.7381
10.7461
10.7542
10.7623
10.7707
10.7792
10.788
10.7971
10.8066
10.8163
10.8265
10.8369
10.8477
10.8588
10.8701
10.8816
10.8933
10.9051
10.917
10.929
10.941
10.953
10.9649
10.9765
10.9878
10.9987
11.009
11.0186
11.0274
11.0353
11.0423
11.0484
11.0534
11.0572
11.0599
11.0611
11.0609
11.059
11.0553
11.0495
11.0414
11.0308
11.0176
11.0015
10.9823
10.9598
10.9338
10.904
10.87
10.8314
10.7879
10.739
10.684
10.6226
10.554
10.4776
10.3928
10.2987
10.1947
10.0799
9.95338
9.81415
9.6612
9.49346
9.30983
9.10927
8.89076
8.65347
8.39675
8.12021
7.82381
10.5193
10.5387
10.5569
10.5738
10.5896
10.6042
10.6178
10.6304
10.6422
10.6532
10.6635
10.6733
10.6825
10.6912
10.6996
10.7077
10.7155
10.7232
10.7308
10.7383
10.7458
10.7535
10.7613
10.7692
10.7775
10.786
10.7949
10.8043
10.814
10.8242
10.8348
10.8458
10.8571
10.8687
10.8805
10.8925
10.9047
10.917
10.9295
10.942
10.9546
10.9672
10.9797
10.9919
11.0036
11.0147
11.0251
11.0347
11.0434
11.0513
11.0581
11.0641
11.069
11.0728
11.0754
11.0766
11.0763
11.0742
11.0702
11.0639
11.0553
11.0441
11.0301
11.0133
10.9934
10.9702
10.9435
10.9129
10.8782
10.8388
10.7943
10.7441
10.6877
10.6245
10.5538
10.475
10.3872
10.2898
10.1818
10.0622
9.93005
9.78412
9.62316
9.44586
9.25086
9.0369
8.8028
8.54764
8.27086
7.97229
10.5297
10.5491
10.5671
10.5838
10.5991
10.6132
10.6262
10.6382
10.6493
10.6597
10.6693
10.6783
10.6868
10.6949
10.7027
10.7101
10.7174
10.7244
10.7314
10.7384
10.7454
10.7525
10.7598
10.7674
10.7752
10.7835
10.7922
10.8013
10.811
10.8213
10.8321
10.8433
10.855
10.8669
10.8791
10.8914
10.904
10.9167
10.9297
10.9429
10.9563
10.9698
10.9832
10.9965
11.0093
11.0214
11.0328
11.0433
11.0528
11.0615
11.0693
11.0762
11.0822
11.0874
11.0915
11.0945
11.0961
11.096
11.094
11.0898
11.0834
11.0744
11.0629
11.0487
11.0317
11.0117
10.9885
10.9619
10.9315
10.8969
10.8576
10.8131
10.7627
10.7058
10.6417
10.5699
10.4896
10.4
10.3002
10.1891
10.0657
9.92863
9.77636
9.6073
9.41974
9.21197
8.98239
8.72964
8.45282
8.15161
10.5421
10.5616
10.5794
10.5956
10.6104
10.6238
10.6361
10.6473
10.6576
10.6671
10.6759
10.6841
10.6918
10.6992
10.7061
10.7129
10.7194
10.7258
10.7321
10.7384
10.7448
10.7513
10.7581
10.7651
10.7724
10.7803
10.7886
10.7976
10.8072
10.8176
10.8286
10.8403
10.8523
10.8647
10.8773
10.8901
10.903
10.9161
10.9295
10.9434
10.9577
10.9723
10.9871
11.0017
11.0159
11.0293
11.0417
11.0531
11.0635
11.0729
11.0816
11.0895
11.0968
11.1034
11.1094
11.1144
11.1182
11.1205
11.1208
11.1191
11.115
11.1085
11.0996
11.0881
11.0742
11.0577
11.0384
11.0163
10.9909
10.9618
10.9285
10.8904
10.8469
10.7972
10.7408
10.6771
10.6053
10.5248
10.4347
10.3338
10.2211
10.0949
9.95368
9.79533
9.61767
9.41841
9.19528
8.94626
8.66987
8.36546
10.5569
10.5763
10.5938
10.6095
10.6235
10.6361
10.6474
10.6576
10.6669
10.6754
10.6833
10.6906
10.6974
10.7038
10.71
10.7159
10.7216
10.7272
10.7328
10.7383
10.744
10.7498
10.7558
10.7622
10.769
10.7762
10.7842
10.7929
10.8024
10.8129
10.8243
10.8365
10.8493
10.8623
10.8754
10.8884
10.9016
10.915
10.9288
10.9433
10.9585
10.9745
10.9911
11.0076
11.0236
11.0385
11.0521
11.0644
11.0755
11.0855
11.0948
11.1036
11.1121
11.1204
11.1284
11.136
11.1426
11.1476
11.1507
11.1516
11.15
11.146
11.1397
11.1311
11.1204
11.1075
11.0925
11.0752
11.0554
11.0327
11.0063
10.9756
10.9398
10.8983
10.8504
10.7957
10.7336
10.6635
10.5845
10.4956
10.3956
10.2829
10.1556
10.0111
9.84666
9.65917
9.44539
9.20224
8.92721
8.61896
10.5744
10.5938
10.6108
10.6257
10.6388
10.6502
10.6603
10.6693
10.6774
10.6847
10.6915
10.6977
10.7035
10.7089
10.7141
10.7191
10.7239
10.7287
10.7334
10.7381
10.7429
10.7479
10.7531
10.7587
10.7647
10.7713
10.7786
10.7868
10.7962
10.8068
10.8188
10.8319
10.8457
10.8597
10.8734
10.8867
10.8998
10.9132
10.9271
10.942
10.9583
10.976
10.995
11.0143
11.0327
11.0495
11.0643
11.0773
11.0888
11.0992
11.1088
11.1182
11.1278
11.1377
11.1481
11.1588
11.169
11.1776
11.1839
11.1875
11.1884
11.1868
11.183
11.1772
11.1696
11.1604
11.1497
11.1377
11.1242
11.1087
11.0904
11.0681
11.041
11.0084
10.9698
10.925
10.8735
10.8149
10.7485
10.6734
10.5884
10.4921
10.382
10.2555
10.1088
9.93774
9.73775
9.50408
9.23231
8.91959
10.5953
10.6146
10.6309
10.6447
10.6562
10.6661
10.6747
10.6822
10.6889
10.6949
10.7003
10.7054
10.71
10.7144
10.7185
10.7225
10.7263
10.7301
10.7339
10.7377
10.7416
10.7456
10.7499
10.7545
10.7595
10.7652
10.7717
10.7792
10.7882
10.7988
10.8115
10.8262
10.8421
10.8575
10.8718
10.8851
10.8978
10.9105
10.9239
10.9388
10.9559
10.9758
10.9983
11.0221
11.0442
11.0633
11.0792
11.0924
11.1037
11.1137
11.1231
11.1326
11.1427
11.1542
11.1675
11.1824
11.1977
11.2109
11.2208
11.2271
11.2303
11.2309
11.2292
11.2258
11.221
11.2153
11.2089
11.2023
11.1956
11.1886
11.18
11.1676
11.1501
11.1269
11.0981
11.0637
11.0236
10.9774
10.9249
10.8653
10.7977
10.7207
10.6323
10.529
10.406
10.2579
10.0786
9.86073
9.59636
9.2788
10.6206
10.6398
10.6548
10.6666
10.6761
10.684
10.6906
10.6964
10.7014
10.7058
10.7098
10.7135
10.7169
10.7201
10.7231
10.726
10.7289
10.7316
10.7344
10.7371
10.74
10.743
10.7462
10.7496
10.7535
10.7579
10.7632
10.7695
10.7775
10.7879
10.8015
10.8188
10.8389
10.8569
10.8718
10.8844
10.8956
10.9067
10.9185
10.9323
10.9495
10.9716
10.9998
11.0322
11.0601
11.0816
11.0979
11.1104
11.1204
11.1291
11.1373
11.1459
11.1558
11.1682
11.1844
11.2053
11.2293
11.249
11.2627
11.2713
11.276
11.278
11.2778
11.2763
11.2738
11.271
11.2684
11.267
11.2676
11.2708
11.2752
11.2745
11.2671
11.2535
11.2345
11.2107
11.1822
11.1491
11.1114
11.0686
11.0203
10.9659
10.9038
10.8307
10.7391
10.623
10.4748
10.2843
10.0369
9.71616
10.6526
10.6708
10.6831
10.6919
10.6984
10.7036
10.7079
10.7115
10.7146
10.7173
10.7198
10.7221
10.7241
10.7261
10.7279
10.7297
10.7314
10.7331
10.7348
10.7364
10.7382
10.74
10.742
10.7442
10.7466
10.7495
10.753
10.7575
10.7635
10.7723
10.7859
10.8074
10.8387
10.8607
10.8752
10.8855
10.8938
10.9017
10.9102
10.9209
10.9359
10.9588
10.9953
11.0487
11.085
11.1076
11.1219
11.1317
11.139
11.1452
11.1509
11.1572
11.1652
11.1765
11.1945
11.2237
11.2671
11.2956
11.312
11.321
11.3258
11.3279
11.3285
11.3281
11.3271
11.3263
11.3263
11.3286
11.3356
11.3512
11.3776
11.3908
11.393
11.3879
11.3779
11.3642
11.3474
11.3276
11.305
11.2797
11.2518
11.222
11.1912
11.159
11.1077
11.0339
10.9321
10.7898
10.5831
10.2711
10.697
10.7104
10.7166
10.7202
10.7227
10.7245
10.726
10.7272
10.7283
10.7292
10.7301
10.7308
10.7315
10.7322
10.7328
10.7334
10.734
10.7345
10.7351
10.7357
10.7362
10.7369
10.7375
10.7383
10.7391
10.7401
10.7414
10.743
10.7455
10.7499
10.7589
10.7819
10.852
10.8752
10.8845
10.8893
10.8927
10.8956
10.8989
10.9033
10.9108
10.9263
10.9665
11.0897
11.1298
11.1452
11.1524
11.1566
11.1594
11.1616
11.1638
11.1662
11.1696
11.1754
11.1882
11.2218
11.3262
11.3596
11.3718
11.3769
11.3792
11.3802
11.3805
11.3805
11.3803
11.3803
11.3809
11.3833
11.3912
11.4161
11.499
11.5231
11.5293
11.5293
11.5265
11.5222
11.5166
11.5101
11.5026
11.4945
11.486
11.4793
11.4807
11.5146
11.5085
11.4853
11.4477
11.388
11.2807
11.0458
7.1333
6.74248
6.33039
5.89824
5.44741
4.97944
4.49599
3.99876
3.48945
2.96979
2.44146
1.9061
1.36533
0.820728
0.27383
7.15546
6.7637
6.35043
5.91688
5.46451
4.9949
4.50976
4.0108
3.49979
2.97845
2.44847
1.91151
1.36917
0.823014
0.27459
7.20006
6.80639
6.3907
5.95432
5.49882
5.02588
4.5373
4.03488
3.52044
2.99572
2.46245
1.92228
1.3768
0.827569
0.276104
7.2677
6.87108
6.45163
6.01086
5.55052
5.07247
4.57865
4.07097
3.55133
3.02154
2.48332
1.93834
1.38818
0.834355
0.278359
7.35932
6.95855
6.53383
6.08694
5.6199
5.13481
4.63382
4.11901
3.59236
3.05575
2.51094
1.95957
1.4032
0.843313
0.281335
7.47624
7.06992
6.63817
6.18316
5.70728
5.21302
4.70279
4.17885
3.64333
3.09816
2.5451
1.98579
1.42174
0.854355
0.285002
7.62029
7.20669
6.76574
6.3002
5.81303
5.30718
4.78543
4.25026
3.70394
3.14843
2.58551
2.01675
1.44359
0.867362
0.289321
7.79388
7.37078
6.91787
6.43882
5.93742
5.41723
4.88144
4.33282
3.7737
3.20611
2.63174
2.05209
1.46851
0.882177
0.294237
8.00027
7.56462
7.0961
6.59977
6.08056
5.54284
4.99027
4.42584
3.85194
3.27053
2.68322
2.09137
1.49615
0.8986
0.299684
8.24387
7.7913
7.30211
6.78356
6.24218
5.68328
5.11095
4.52829
3.93765
3.34083
2.73924
2.13401
1.52612
0.916384
0.305579
8.53079
8.05457
7.53742
6.99013
6.42129
5.8371
5.24191
4.6387
4.02954
3.4159
2.79887
2.17932
1.55791
0.935234
0.311825
8.86975
8.35872
7.80284
7.21824
6.61569
6.0019
5.38088
4.75504
4.12587
3.49432
2.86103
2.22645
1.59095
0.954816
0.318312
9.27346
8.70767
8.09695
7.46423
6.82131
6.1739
5.52463
4.87468
4.22456
3.57447
2.92445
2.27451
1.62462
0.974761
0.324919
9.75997
9.10149
8.413
7.72037
7.0314
6.34773
5.66902
4.99446
4.32321
3.65452
2.98779
2.3225
1.65825
0.994684
0.331518
10.3473
9.52528
8.73316
7.97279
7.23616
6.51655
5.80922
5.1109
4.41926
3.73261
3.04966
2.36944
1.69117
1.01421
0.337987
10.0243
10.0728
10.1211
10.1692
10.217
10.2644
10.3113
10.3577
10.4035
10.4488
10.4939
10.539
10.5851
10.6343
10.6921
10.0249
10.0748
10.1245
10.1739
10.223
10.2717
10.3199
10.3675
10.4146
10.461
10.5071
10.5531
10.5998
10.649
10.7037
10.0256
10.0769
10.128
10.1788
10.2293
10.2794
10.3289
10.3778
10.426
10.4735
10.5203
10.5666
10.6128
10.66
10.7093
10.0264
10.0791
10.1317
10.184
10.2359
10.2874
10.3384
10.3886
10.438
10.4865
10.5338
10.5801
10.6251
10.6693
10.7132
10.0272
10.0814
10.1355
10.1894
10.2428
10.2959
10.3483
10.3999
10.4506
10.5002
10.5482
10.5943
10.6381
10.6789
10.717
10.028
10.0838
10.1395
10.195
10.2501
10.3047
10.3587
10.4119
10.464
10.5149
10.5638
10.6102
10.653
10.6905
10.7218
10.0288
10.0863
10.1437
10.2009
10.2577
10.314
10.3697
10.4246
10.4784
10.5308
10.5813
10.6287
10.6714
10.7064
10.7296
10.0297
10.0889
10.1481
10.207
10.2656
10.3237
10.3812
10.438
10.4937
10.5482
10.6007
10.6505
10.6953
10.7305
10.7456
10.0306
10.0916
10.1526
10.2133
10.2738
10.3338
10.3932
10.452
10.5099
10.5668
10.6222
10.6756
10.7258
10.7686
10.7863
10.0315
10.0944
10.1573
10.2199
10.2823
10.3442
10.4058
10.4667
10.5269
10.5863
10.6449
10.7029
10.7613
10.8242
10.9102
10.0324
10.0973
10.1621
10.2266
10.291
10.355
10.4187
10.4818
10.5444
10.6065
10.6681
10.73
10.7937
10.8638
10.9516
10.0334
10.1002
10.167
10.2336
10.2999
10.3661
10.4319
10.4973
10.5623
10.6269
10.6912
10.7557
10.8215
10.8911
10.9689
10.0344
10.1032
10.172
10.2406
10.3091
10.3773
10.4454
10.5131
10.5805
10.6475
10.7142
10.7805
10.8466
10.9128
10.9793
10.0354
10.1062
10.177
10.2477
10.3183
10.3888
10.459
10.5291
10.5989
10.6683
10.7373
10.8054
10.8718
10.9343
10.9895
10.0364
10.1093
10.1821
10.2549
10.3277
10.4003
10.4729
10.5453
10.6175
10.6895
10.761
10.8315
10.8995
10.9609
11.0059
10.0375
10.1124
10.1873
10.2622
10.3371
10.4119
10.4867
10.5615
10.6363
10.7109
10.7854
10.8593
10.9317
10.9988
11.0441
10.0385
10.1155
10.1924
10.2695
10.3465
10.4235
10.5007
10.5778
10.6551
10.7325
10.8101
10.8882
10.9676
11.0518
11.1574
10.0395
10.1185
10.1976
10.2767
10.3559
10.4351
10.5145
10.5941
10.6738
10.7539
10.8345
10.9161
11.0001
11.0901
11.1958
10.0405
10.1216
10.2027
10.2839
10.3651
10.4466
10.5282
10.6101
10.6923
10.7749
10.8582
10.9424
11.0283
11.1174
11.2127
10.0415
10.1246
10.2077
10.291
10.3743
10.4579
10.5417
10.6259
10.7105
10.7955
10.8812
10.9675
11.0542
11.1405
11.2244
10.0425
10.1276
10.2127
10.2979
10.3834
10.469
10.555
10.6414
10.7283
10.8157
10.9037
10.9922
11.0804
11.1652
11.2391
10.0435
10.1305
10.2176
10.3048
10.3922
10.48
10.568
10.6566
10.7456
10.8354
10.9259
11.0172
11.1087
11.1976
11.2705
10.0444
10.1333
10.2223
10.3115
10.4009
10.4906
10.5807
10.6713
10.7625
10.8546
10.9476
11.0421
11.1389
11.241
11.3614
10.0454
10.1361
10.227
10.318
10.4093
10.501
10.593
10.6856
10.7789
10.873
10.9682
11.0653
11.1654
11.2717
11.392
10.0463
10.1388
10.2315
10.3244
10.4175
10.511
10.6049
10.6994
10.7946
10.8906
10.9877
11.0863
11.1874
11.2927
11.405
10.0471
10.1415
10.2359
10.3306
10.4255
10.5207
10.6165
10.7127
10.8096
10.9073
11.0059
11.1056
11.2065
11.3089
11.4126
10.048
10.144
10.2402
10.3365
10.4331
10.5301
10.6276
10.7256
10.8242
10.9235
11.0235
11.124
11.2247
11.324
11.4197
10.0488
10.1465
10.2443
10.3423
10.4406
10.5392
10.6383
10.738
10.8382
10.9391
11.0406
11.1424
11.2436
11.3417
11.4302
10.0496
10.1489
10.2482
10.3478
10.4477
10.548
10.6487
10.7499
10.8518
10.9543
11.0574
11.1611
11.2647
11.3659
11.4541
10.0504
10.1512
10.2521
10.3532
10.4546
10.5564
10.6586
10.7614
10.8648
10.969
11.0739
11.1799
11.2875
11.399
11.5242
10.0511
10.1534
10.2557
10.3583
10.4612
10.5645
10.6682
10.7725
10.8774
10.983
11.0896
11.1975
11.3077
11.4225
11.5478
10.0518
10.1555
10.2592
10.3632
10.4675
10.5722
10.6773
10.783
10.8894
10.9964
11.1044
11.2136
11.3245
11.4386
11.5578
10.0525
10.1575
10.2626
10.3679
10.4736
10.5796
10.6861
10.7932
10.9008
11.0092
11.1184
11.2283
11.3392
11.451
11.5637
10.0531
10.1594
10.2658
10.3724
10.4793
10.5867
10.6945
10.8028
10.9118
11.0214
11.1317
11.2424
11.3532
11.4628
11.5693
10.0537
10.1612
10.2688
10.3767
10.4848
10.5934
10.7024
10.812
10.9223
11.0332
11.1446
11.2565
11.3679
11.4767
11.5777
10.0543
10.1629
10.2717
10.3807
10.49
10.5998
10.71
10.8208
10.9323
11.0444
11.1573
11.2708
11.3844
11.496
11.5972
10.0548
10.1645
10.2744
10.3845
10.4949
10.6058
10.7171
10.8291
10.9417
11.0552
11.1696
11.2851
11.4021
11.5226
11.6546
10.0553
10.1661
10.2769
10.3881
10.4995
10.6114
10.7238
10.8369
10.9507
11.0653
11.181
11.2981
11.4175
11.5411
11.6737
10.0558
10.1675
10.2793
10.3914
10.5038
10.6166
10.73
10.8441
10.9589
11.0747
11.1915
11.3097
11.4299
11.5533
11.6815
10.0562
10.1688
10.2815
10.3944
10.5077
10.6215
10.7358
10.8508
10.9666
11.0832
11.2009
11.3198
11.4401
11.562
11.6857
10.0566
10.17
10.2835
10.3972
10.5113
10.6259
10.7411
10.8569
10.9735
11.091
11.2094
11.3288
11.449
11.5695
11.6892
10.057
10.1711
10.2853
10.3998
10.5146
10.63
10.7459
10.8625
10.9799
11.0982
11.2173
11.3373
11.4578
11.5776
11.6939
10.0573
10.172
10.2869
10.402
10.5176
10.6336
10.7502
10.8675
10.9856
11.1046
11.2246
11.3454
11.4669
11.5879
11.704
10.0576
10.1729
10.2883
10.404
10.5201
10.6368
10.754
10.8719
10.9907
11.1104
11.2311
11.353
11.4763
11.6017
11.7334
10.0578
10.1736
10.2895
10.4057
10.5224
10.6395
10.7573
10.8758
10.9951
11.1155
11.2369
11.3597
11.4841
11.6112
11.7432
10.0581
10.1742
10.2905
10.4072
10.5242
10.6418
10.76
10.879
10.9988
11.1197
11.2417
11.3651
11.4901
11.6172
11.7471
10.0582
10.1747
10.2913
10.4083
10.5257
10.6436
10.7622
10.8815
11.0018
11.1231
11.2456
11.3693
11.4945
11.6212
11.7491
10.0583
10.175
10.2919
10.4091
10.5267
10.6449
10.7638
10.8834
11.004
11.1257
11.2485
11.3726
11.4979
11.6243
11.7508
10.0584
10.1753
10.2923
10.4096
10.5274
10.6458
10.7648
10.8847
11.0055
11.1274
11.2505
11.3749
11.5006
11.6271
11.7534
10.0584
10.1753
10.2924
10.4098
10.5277
10.6461
10.7653
10.8852
11.0062
11.1283
11.2516
11.3763
11.5025
11.6302
11.7603
10.0584
10.1753
10.2923
10.4097
10.5276
10.646
10.7651
10.8851
11.0061
11.1283
11.2517
11.3767
11.5033
11.6317
11.7623
10.0583
10.1751
10.292
10.4093
10.527
10.6453
10.7643
10.8842
11.0052
11.1273
11.2508
11.3759
11.5028
11.6317
11.7626
10.0582
10.1748
10.2915
10.4085
10.526
10.6441
10.7629
10.8826
11.0034
11.1253
11.2487
11.3737
11.5008
11.6302
11.7621
10.0581
10.1743
10.2907
10.4074
10.5246
10.6424
10.7609
10.8803
11.0007
11.1223
11.2454
11.3702
11.4972
11.627
11.7604
10.0579
10.1737
10.2897
10.406
10.5228
10.6402
10.7582
10.8772
10.9971
11.1183
11.2409
11.3651
11.4915
11.6212
11.7565
10.0576
10.173
10.2885
10.4043
10.5206
10.6374
10.7549
10.8733
10.9927
11.1133
11.2351
11.3585
11.4836
11.6114
11.7462
10.0573
10.1721
10.287
10.4023
10.5179
10.6341
10.751
10.8688
10.9875
11.1073
11.2283
11.3505
11.4737
11.5968
11.7147
10.057
10.1711
10.2853
10.3999
10.5149
10.6304
10.7466
10.8635
10.9815
11.1005
11.2206
11.3419
11.464
11.5856
11.7038
10.0566
10.17
10.2835
10.3972
10.5114
10.6261
10.7415
10.8576
10.9747
11.0928
11.2121
11.3327
11.4544
11.5769
11.6987
10.0562
10.1687
10.2814
10.3943
10.5076
10.6214
10.7358
10.851
10.9671
11.0843
11.2027
11.3226
11.4444
11.5684
11.6948
10.0558
10.1674
10.2791
10.3911
10.5034
10.6163
10.7297
10.8438
10.9588
11.0748
11.1922
11.3112
11.4328
11.5583
11.6899
10.0553
10.1659
10.2766
10.3876
10.4989
10.6107
10.723
10.8359
10.9497
11.0645
11.1804
11.2981
11.4184
11.544
11.6806
10.0548
10.1643
10.274
10.3839
10.4941
10.6047
10.7158
10.8275
10.9399
11.0532
11.1675
11.283
11.4004
11.5219
11.6574
10.0542
10.1626
10.2712
10.3799
10.4889
10.5983
10.7082
10.8185
10.9295
11.0412
11.1536
11.2666
11.3795
11.49
11.5877
10.0536
10.1609
10.2682
10.3758
10.4835
10.5916
10.7002
10.8091
10.9187
11.0287
11.1393
11.2501
11.3602
11.467
11.5642
10.053
10.159
10.2651
10.3714
10.4779
10.5847
10.6918
10.7993
10.9073
11.0159
11.1248
11.2341
11.3432
11.4506
11.5541
10.0524
10.1571
10.2619
10.3669
10.472
10.5774
10.6831
10.7892
10.8956
11.0026
11.1101
11.2183
11.3272
11.437
11.5476
10.0517
10.1551
10.2586
10.3623
10.466
10.57
10.6742
10.7787
10.8836
10.9889
11.0949
11.2019
11.3106
11.4227
11.5407
10.051
10.1531
10.2553
10.3575
10.4598
10.5623
10.665
10.768
10.8712
10.9748
11.079
11.1842
11.2916
11.4042
11.5291
10.0504
10.1511
10.2518
10.3526
10.4535
10.5545
10.6557
10.757
10.8585
10.9602
11.0623
11.165
11.269
11.3771
11.5012
10.0497
10.149
10.2483
10.3477
10.4471
10.5466
10.6462
10.7459
10.8456
10.9454
11.0452
11.1449
11.2436
11.3387
11.4179
10.049
10.1469
10.2448
10.3427
10.4407
10.5387
10.6366
10.7346
10.8326
10.9305
11.0282
11.1253
11.2207
11.3113
11.39
10.0483
10.1448
10.2413
10.3377
10.4342
10.5307
10.6271
10.7234
10.8197
10.9158
11.0116
11.1069
11.201
11.2923
11.3781
10.0475
10.1426
10.2377
10.3327
10.4277
10.5227
10.6175
10.7122
10.8068
10.9012
10.9954
11.0894
11.1832
11.277
11.3708
10.0468
10.1405
10.2342
10.3278
10.4213
10.5147
10.608
10.7011
10.794
10.8867
10.9792
11.0719
11.1654
11.2616
11.3634
10.0461
10.1384
10.2307
10.3228
10.4149
10.5069
10.5986
10.6901
10.7814
10.8723
10.9629
11.0537
11.1458
11.2423
11.3512
10.0455
10.1364
10.2272
10.318
10.4086
10.4991
10.5894
10.6793
10.7689
10.858
10.9465
11.0346
11.123
11.2145
11.3221
10.0448
10.1343
10.2238
10.3132
10.4024
10.4915
10.5803
10.6688
10.7568
10.844
10.9304
11.0153
11.098
11.1754
11.2351
10.0441
10.1323
10.2204
10.3085
10.3964
10.4841
10.5715
10.6586
10.7451
10.8307
10.9152
10.9976
11.0765
11.1486
11.2065
10.0434
10.1303
10.2171
10.3038
10.3904
10.4768
10.563
10.6488
10.7339
10.8183
10.9013
10.9822
11.0598
11.1318
11.1953
10.0428
10.1283
10.2138
10.2993
10.3846
10.4698
10.5547
10.6393
10.7234
10.8067
10.8889
10.9692
11.0469
11.1207
11.1899
10.0421
10.1264
10.2106
10.2948
10.3789
10.4628
10.5466
10.6302
10.7133
10.7959
10.8776
10.9581
11.0367
11.1129
11.1866
10.0415
10.1245
10.2074
10.2903
10.3732
10.456
10.5387
10.6213
10.7036
10.7857
10.8672
10.9481
11.028
11.1068
11.1843
10.0408
10.1225
10.2042
10.2859
10.3676
10.4492
10.5309
10.6125
10.6941
10.7757
10.8573
10.9388
11.0202
11.1014
11.1824
10.0402
10.1206
10.2011
10.2815
10.3619
10.4425
10.523
10.6037
10.6846
10.7658
10.8474
10.9296
11.0124
11.0961
11.1805
10.0396
10.1187
10.1979
10.277
10.3563
10.4356
10.5151
10.5948
10.6749
10.7556
10.8371
10.9198
11.0041
11.0903
11.1783
10.0389
10.1168
10.1946
10.2725
10.3505
10.4286
10.507
10.5856
10.6648
10.7448
10.8259
10.9089
10.9943
11.0831
11.1755
10.0383
10.1148
10.1914
10.268
10.3447
10.4215
10.4986
10.576
10.6541
10.7331
10.8135
10.8962
10.9823
11.0734
11.1712
10.0376
10.1128
10.1881
10.2634
10.3387
10.4142
10.4899
10.566
10.6427
10.7203
10.7995
10.8811
10.9667
11.0591
11.163
10.037
10.1109
10.1848
10.2587
10.3327
10.4067
10.481
10.5556
10.6306
10.7065
10.7837
10.8632
10.9464
11.0367
11.1437
10.9407
9.88628
8.99749
8.18238
7.40822
6.66
5.92946
5.2115
4.50273
3.80077
3.10386
2.41068
1.72015
1.03141
0.343691
11.1282
10.0994
9.18657
8.34444
7.54661
6.77812
6.03
5.29654
4.57386
3.8592
3.15054
2.44631
1.74525
1.04633
0.348642
11.2062
10.232
9.32653
8.47571
7.66459
6.88205
6.12034
5.37408
4.6394
3.91346
3.19414
2.47972
1.76886
1.06039
0.353312
11.2453
10.3168
9.4285
8.57938
7.76269
6.97148
6.19994
5.44355
4.69884
3.96313
3.2343
2.51066
1.79079
1.07348
0.357665
11.2682
10.3735
9.50326
8.66049
7.84308
7.04723
6.26899
5.50489
4.75202
4.008
3.27086
2.53897
1.81094
1.08554
0.361678
11.2831
10.4132
9.55889
8.72394
7.90848
7.11072
6.3282
5.5584
4.79903
4.04807
3.30376
2.5646
1.82925
1.09652
0.365339
11.2936
10.4421
9.60102
8.77383
7.96155
7.16359
6.37854
5.60465
4.84019
4.08351
3.33308
2.58757
1.84572
1.10643
0.368647
11.3012
10.4637
9.63345
8.81332
8.00465
7.20748
6.42109
5.64434
4.87594
4.11458
3.35898
2.60797
1.86042
1.1153
0.371608
11.307
10.4803
9.65879
8.84482
8.03973
7.24386
6.45692
5.67821
4.90678
4.14163
3.38169
2.62596
1.87343
1.12316
0.37424
11.3115
10.4933
9.67883
8.87014
8.06836
7.27401
6.48702
5.70699
4.93325
4.16503
3.40147
2.6417
1.88486
1.13009
0.37656
11.315
10.5035
9.69485
8.89061
8.09182
7.299
6.51227
5.73137
4.95588
4.18519
3.41861
2.65541
1.89484
1.13616
0.378594
11.3179
10.5117
9.70776
8.90727
8.11109
7.31975
6.53342
5.75199
4.97516
4.20247
3.43338
2.66728
1.90352
1.14144
0.380366
11.3201
10.5183
9.71825
8.92089
8.12698
7.337
6.55114
5.76939
4.99153
4.21724
3.44607
2.67751
1.91101
1.14601
0.381903
11.322
10.5237
9.72681
8.93207
8.14011
7.35135
6.56599
5.78406
5.00542
4.22983
3.45692
2.68629
1.91747
1.14995
0.383229
11.3235
10.5281
9.73384
8.9413
8.15099
7.36331
6.57843
5.79641
5.01718
4.24053
3.46619
2.69381
1.92301
1.15334
0.38437
11.3247
10.5317
9.73963
8.94892
8.16003
7.37328
6.58886
5.80682
5.02712
4.24961
3.47408
2.70024
1.92775
1.15625
0.385348
11.3257
10.5347
9.74442
8.95524
8.16755
7.38161
6.5976
5.81557
5.03551
4.25731
3.48079
2.70571
1.93179
1.15873
0.386184
11.3265
10.5372
9.74839
8.9605
8.17381
7.38858
6.60493
5.82294
5.0426
4.26383
3.48648
2.71036
1.93523
1.16084
0.386897
11.3272
10.5392
9.75169
8.96487
8.17905
7.39441
6.61109
5.82914
5.04858
4.26934
3.4913
2.71431
1.93816
1.16264
0.387505
11.3278
10.541
9.75445
8.96853
8.18342
7.39929
6.61626
5.83437
5.05363
4.274
3.49539
2.71766
1.94065
1.16417
0.388021
11.3283
10.5424
9.75674
8.97158
8.18708
7.40339
6.6206
5.83876
5.05789
4.27794
3.49884
2.7205
1.94276
1.16547
0.388459
11.3287
10.5436
9.75867
8.97414
8.19016
7.40684
6.62426
5.84247
5.06148
4.28127
3.50177
2.7229
1.94455
1.16657
0.388832
11.329
10.5446
9.76028
8.97629
8.19274
7.40973
6.62734
5.8456
5.06452
4.28408
3.50425
2.72494
1.94607
1.16751
0.389148
11.3293
10.5454
9.76163
8.9781
8.19492
7.41218
6.62994
5.84824
5.06709
4.28647
3.50635
2.72667
1.94736
1.1683
0.389416
11.3296
10.5461
9.76278
8.97963
8.19676
7.41424
6.63214
5.85048
5.06926
4.28849
3.50814
2.72814
1.94845
1.16898
0.389644
11.3298
10.5467
9.76375
8.98092
8.19831
7.416
6.63401
5.85238
5.07112
4.29022
3.50966
2.7294
1.94938
1.16955
0.389839
11.3299
10.5472
9.76457
8.98202
8.19964
7.41749
6.6356
5.854
5.0727
4.29169
3.51095
2.73047
1.95018
1.17005
0.390005
11.3301
10.5477
9.76528
8.98297
8.20078
7.41877
6.63697
5.85539
5.07405
4.29295
3.51207
2.73138
1.95087
1.17047
0.390148
11.3302
10.5481
9.7659
8.98379
8.20177
7.41988
6.63816
5.8566
5.07523
4.29404
3.51303
2.73218
1.95146
1.17083
0.390271
11.3303
10.5484
9.76643
8.9845
8.20263
7.42086
6.63919
5.85765
5.07625
4.29499
3.51387
2.73287
1.95197
1.17115
0.390379
11.3304
10.5487
9.76691
8.98515
8.2034
7.42172
6.64011
5.85859
5.07716
4.29584
3.51462
2.73348
1.95243
1.17143
0.390474
11.3305
10.549
9.76735
8.98573
8.20411
7.42251
6.64094
5.85943
5.07798
4.2966
3.51528
2.73403
1.95284
1.17169
0.390559
11.3306
10.5492
9.76776
8.98627
8.20476
7.42323
6.64171
5.86021
5.07873
4.29729
3.51589
2.73453
1.95321
1.17191
0.390636
11.3307
10.5495
9.76816
8.9868
8.20539
7.42393
6.64245
5.86094
5.07944
4.29794
3.51646
2.735
1.95355
1.17213
0.390707
11.3308
10.5497
9.76857
8.98733
8.20601
7.42462
6.64316
5.86166
5.08012
4.29856
3.517
2.73544
1.95388
1.17232
0.390775
11.3309
10.55
9.76899
8.98788
8.20665
7.42532
6.64389
5.86237
5.0808
4.29918
3.51753
2.73587
1.95419
1.17252
0.390839
11.331
10.5503
9.76945
8.98847
8.20734
7.42606
6.64464
5.86311
5.08148
4.29979
3.51806
2.73629
1.9545
1.17271
0.390902
11.3311
10.5506
9.76997
8.98914
8.2081
7.42686
6.64545
5.86388
5.0822
4.30042
3.51859
2.73671
1.95481
1.17289
0.390965
11.3312
10.551
9.77059
8.98992
8.20897
7.42776
6.64633
5.86471
5.08295
4.30108
3.51914
2.73715
1.95512
1.17308
0.391028
11.3314
10.5515
9.77135
8.99084
8.20998
7.42879
6.64732
5.86563
5.08376
4.30178
3.51971
2.73759
1.95544
1.17327
0.391092
11.3316
10.5522
9.7723
8.99198
8.21119
7.42998
6.64844
5.86663
5.08464
4.30251
3.52031
2.73805
1.95577
1.17347
0.391156
11.332
10.553
9.77354
8.99341
8.21265
7.43138
6.64971
5.86774
5.08558
4.30329
3.52093
2.73852
1.95609
1.17366
0.39122
11.3324
10.5542
9.7752
8.99523
8.21444
7.43302
6.65115
5.86897
5.08659
4.3041
3.52156
2.73899
1.95642
1.17385
0.391283
11.3331
10.556
9.77746
8.99758
8.21664
7.43495
6.65278
5.8703
5.08766
4.30494
3.5222
2.73946
1.95674
1.17403
0.391343
11.3343
10.5587
9.78063
9.00064
8.21933
7.43719
6.65459
5.87173
5.08877
4.30578
3.52282
2.7399
1.95703
1.1742
0.391397
11.3366
10.5629
9.78511
9.00458
8.22255
7.43973
6.65654
5.87321
5.08987
4.30659
3.5234
2.7403
1.95729
1.17435
0.391444
11.3417
10.5701
9.79143
9.00954
8.22629
7.4425
6.65857
5.87467
5.09091
4.30732
3.5239
2.74063
1.9575
1.17446
0.391479
11.3554
10.5822
9.79992
9.0154
8.23036
7.44534
6.66054
5.87602
5.09182
4.30791
3.52427
2.74086
1.95762
1.17452
0.391499
11.398
10.6004
9.80993
9.0216
8.23439
7.44799
6.66227
5.87713
5.0925
4.3083
3.52448
2.74095
1.95766
1.17453
0.391498
11.4176
10.6138
9.81838
9.02698
8.23782
7.45015
6.66358
5.87787
5.09286
4.30842
3.52446
2.74087
1.95756
1.17446
0.391473
11.4242
10.6212
9.82402
9.03076
8.24019
7.45151
6.66425
5.87809
5.09279
4.3082
3.52417
2.74058
1.95732
1.1743
0.391419
11.4265
10.6247
9.82687
9.03264
8.2412
7.45187
6.66414
5.87768
5.09222
4.30757
3.52356
2.74005
1.95691
1.17404
0.391331
11.4269
10.6252
9.82719
9.03256
8.24072
7.45106
6.66313
5.87656
5.09108
4.30648
3.52258
2.73924
1.95631
1.17367
0.391206
11.4257
10.6233
9.82511
9.0305
8.23868
7.44904
6.66114
5.87465
5.0893
4.30488
3.52121
2.73814
1.9555
1.17318
0.39104
11.4221
10.6183
9.82051
9.02648
8.23509
7.44577
6.65814
5.87192
5.08685
4.30275
3.51942
2.73671
1.95447
1.17255
0.39083
11.412
10.609
9.81328
9.02058
8.23003
7.4413
6.65415
5.86835
5.08372
4.30006
3.51719
2.73496
1.9532
1.17179
0.390574
11.3806
10.5947
9.80389
9.01315
8.22367
7.4357
6.64918
5.86397
5.0799
4.2968
3.5145
2.73285
1.95169
1.17088
0.39027
11.3699
10.5838
9.79439
9.0048
8.21623
7.42905
6.64327
5.85876
5.07538
4.29297
3.51136
2.7304
1.94993
1.16982
0.389917
11.3648
10.5751
9.78498
8.9957
8.2078
7.42141
6.63644
5.85274
5.07017
4.28856
3.50775
2.72759
1.94792
1.16861
0.389514
11.3609
10.5667
9.77495
8.9856
8.1983
7.41275
6.62869
5.84593
5.06428
4.28358
3.50367
2.72442
1.94566
1.16725
0.389061
11.3559
10.5565
9.76323
8.97404
8.18755
7.40302
6.62002
5.83831
5.0577
4.27803
3.49914
2.72089
1.94314
1.16574
0.388557
11.3466
10.542
9.74862
8.96056
8.17541
7.39218
6.61043
5.82991
5.05046
4.27191
3.49415
2.71701
1.94037
1.16408
0.388003
11.3234
10.5197
9.73026
8.94503
8.1619
7.38029
6.59996
5.82075
5.04256
4.26525
3.4887
2.71278
1.93734
1.16226
0.387398
11.2535
10.4876
9.70891
8.928
8.14731
7.36748
6.58867
5.81087
5.03403
4.25804
3.4828
2.70819
1.93406
1.1603
0.386742
11.23
10.4642
9.68906
8.91079
8.13209
7.35393
6.57664
5.8003
5.02488
4.2503
3.47646
2.70325
1.93053
1.15817
0.386034
11.2197
10.4474
9.67131
8.89385
8.11646
7.33974
6.56393
5.78907
5.01512
4.24202
3.46967
2.69796
1.92674
1.1559
0.385274
11.213
10.4332
9.65446
8.87683
8.10032
7.3249
6.55054
5.77718
5.00476
4.23322
3.46243
2.6923
1.92269
1.15346
0.384461
11.2059
10.4183
9.63678
8.85899
8.08339
7.3093
6.53642
5.76461
4.99379
4.22386
3.45473
2.68627
1.91837
1.15086
0.383592
11.194
10.3989
9.6165
8.8396
8.06539
7.29283
6.52153
5.75133
4.98216
4.21393
3.44654
2.67986
1.91376
1.14808
0.382665
11.1658
10.3709
9.59234
8.81831
8.04621
7.27544
6.50584
5.73733
4.96987
4.20341
3.43783
2.67303
1.90885
1.14512
0.381676
11.0821
10.3313
9.56502
8.79564
8.02609
7.25723
6.48935
5.72257
4.95688
4.19225
3.42859
2.66576
1.90361
1.14196
0.380619
11.0536
10.3025
9.53981
8.77305
8.00545
7.2383
6.47209
5.70702
4.94314
4.18041
3.41875
2.65801
1.89802
1.13858
0.37949
11.0412
10.2817
9.51736
8.751
7.98448
7.21868
6.454
5.69062
4.92857
4.16782
3.40825
2.64972
1.89203
1.13497
0.378279
11.0332
10.2644
9.49624
8.72904
7.96298
7.19825
6.43499
5.67327
4.91309
4.15438
3.39703
2.64084
1.88561
1.13108
0.376979
11.0249
10.2465
9.47445
8.70624
7.94052
7.17678
6.41489
5.65483
4.89656
4.14
3.38497
2.63129
1.87869
1.12689
0.375576
11.0117
10.2242
9.44995
8.68169
7.91665
7.15399
6.3935
5.63513
4.87884
4.12452
3.37198
2.62098
1.87121
1.12236
0.374058
10.9814
10.1927
9.42125
8.65486
7.89111
7.12967
6.3706
5.61396
4.85973
4.10779
3.35791
2.60979
1.8631
1.11744
0.372409
10.8928
10.1491
9.38904
8.62616
7.86393
7.10367
6.34598
5.5911
4.83903
4.08962
3.3426
2.59762
1.85426
1.11208
0.370612
10.8623
10.1167
9.35878
8.59697
7.83536
7.07587
6.31939
5.56625
4.81645
4.06977
3.32587
2.5843
1.84459
1.10621
0.368647
10.8487
10.0929
9.33118
8.56761
7.80528
7.04595
6.29046
5.53908
4.79169
4.04799
3.3075
2.56969
1.83398
1.09978
0.366493
10.8403
10.0733
9.3048
8.53736
7.77309
7.01333
6.25865
5.5091
4.76436
4.02395
3.28725
2.5536
1.82232
1.09272
0.364128
10.8333
10.0545
9.27768
8.50487
7.73775
6.97716
6.22326
5.47575
4.73402
3.99733
3.26488
2.53586
1.80948
1.08495
0.361528
10.8261
10.0344
9.24771
8.46841
7.69784
6.93631
6.18342
5.43836
4.70015
3.96775
3.24012
2.51629
1.79534
1.07641
0.358672
10.8177
10.0108
9.21255
8.42584
7.65163
6.88944
6.13811
5.3962
4.66224
3.93483
3.2127
2.4947
1.7798
1.06704
0.355541
10.8071
9.98123
9.1693
8.37458
7.59704
6.835
6.08624
5.34851
4.61976
3.89824
3.18241
2.47096
1.76276
1.05679
0.352119
10.7923
9.94193
9.11407
8.31135
7.53165
6.77132
6.02668
5.29454
4.57226
3.85768
3.14906
2.44496
1.74416
1.04563
0.348399
10.7702
9.88694
9.04134
8.23211
7.45278
6.69671
5.95843
5.23372
4.51938
3.81296
3.11256
2.41665
1.724
1.03355
0.344377
10.7328
9.80574
8.94333
8.13208
7.35773
6.60972
5.88072
5.16568
4.46099
3.76406
3.07292
2.38607
1.7023
1.02058
0.340065
10.6587
9.67956
8.80977
8.0064
7.24437
6.5095
5.79331
5.09042
4.3972
3.71112
3.03031
2.35335
1.67915
1.00679
0.335481
10.4811
9.47738
8.63005
7.85197
7.11212
6.39628
5.69664
5.00842
4.32844
3.6545
2.985
2.31871
1.65472
0.992252
0.330656
10.0362
10.1087
10.1811
10.2535
10.3259
10.3984
10.4709
10.5436
10.6167
10.6903
10.7647
10.8406
10.9185
10.9994
11.0831
10.0354
10.1063
10.1771
10.2478
10.3185
10.3891
10.4597
10.5303
10.6009
10.6717
10.7426
10.8138
10.8851
10.9557
11.0232
10.0346
10.1039
10.1731
10.2422
10.3111
10.3799
10.4485
10.5169
10.585
10.6528
10.7202
10.7868
10.8522
10.9152
10.9736
10.0339
10.1016
10.1692
10.2367
10.3039
10.3709
10.4375
10.5037
10.5694
10.6344
10.6984
10.7611
10.8217
10.8794
10.9324
10.0331
10.0994
10.1655
10.2314
10.297
10.3622
10.427
10.4911
10.5545
10.6168
10.6779
10.7373
10.7943
10.8481
10.8977
10.0324
10.0973
10.1619
10.2264
10.2904
10.354
10.417
10.4792
10.5405
10.6005
10.6591
10.7157
10.77
10.8211
10.8684
10.0318
10.0953
10.1586
10.2217
10.2843
10.3464
10.4078
10.4682
10.5277
10.5857
10.6422
10.6966
10.7487
10.7978
10.8435
10.0312
10.0935
10.1556
10.2174
10.2787
10.3394
10.3994
10.4583
10.5161
10.5725
10.6272
10.6799
10.7303
10.7779
10.8223
10.0307
10.0919
10.1529
10.2136
10.2738
10.3333
10.3919
10.4496
10.506
10.561
10.6143
10.6656
10.7146
10.761
10.8046
10.0302
10.0905
10.1506
10.2103
10.2694
10.3279
10.3855
10.4421
10.4973
10.5512
10.6033
10.6534
10.7014
10.7469
10.7898
10.0298
10.0893
10.1486
10.2074
10.2658
10.3234
10.3801
10.4357
10.4901
10.543
10.5942
10.6435
10.6906
10.7355
10.7778
10.0295
10.0883
10.147
10.2052
10.2628
10.3198
10.3758
10.4307
10.4843
10.5365
10.587
10.6356
10.6821
10.7265
10.7684
10.0292
10.0876
10.1457
10.2035
10.2606
10.317
10.3725
10.4269
10.48
10.5316
10.5816
10.6297
10.6759
10.7198
10.7615
10.0291
10.0871
10.1449
10.2023
10.2591
10.3152
10.3703
10.4244
10.4771
10.5284
10.578
10.6259
10.6717
10.7154
10.7569
10.029
10.0869
10.1445
10.2018
10.2584
10.3143
10.3693
10.4231
10.4757
10.5268
10.5763
10.6239
10.6696
10.7132
10.7546
11.1543
11.1783
11.1894
11.1957
11.1999
11.2029
11.2054
11.2073
11.209
11.2104
11.2116
11.2127
11.2136
11.2144
11.2152
11.2158
11.2164
11.217
11.2174
11.2178
11.2182
11.2185
11.2188
11.2191
11.2193
11.2195
11.2197
11.2198
11.2199
11.22
11.2201
11.2201
11.2201
11.2201
11.22
11.22
11.2199
11.2198
11.2196
11.2195
11.2193
11.219
11.2188
11.2185
11.2181
11.2178
11.2173
11.2169
11.2164
11.2158
11.2152
11.2145
11.2138
11.213
11.2121
11.2111
11.21
11.2088
11.2075
11.2061
11.2046
11.2029
11.201
11.199
11.1968
11.1943
11.1917
11.1888
11.1856
11.1821
11.1782
11.174
11.1693
11.1642
11.1585
11.1522
11.1451
11.1373
11.1284
11.1184
11.107
11.0939
11.0785
11.0602
11.0377
11.009
10.9701
10.9114
10.8081
10.5839
11.0757
11.1078
11.1293
11.1443
11.1555
11.1641
11.171
11.1767
11.1816
11.1857
11.1893
11.1925
11.1953
11.1977
11.1999
11.2019
11.2036
11.2052
11.2066
11.2079
11.209
11.21
11.2108
11.2116
11.2123
11.2129
11.2133
11.2137
11.2141
11.2143
11.2145
11.2146
11.2146
11.2146
11.2144
11.2142
11.214
11.2136
11.2132
11.2127
11.2121
11.2114
11.2106
11.2097
11.2087
11.2076
11.2064
11.205
11.2035
11.2018
11.2
11.1979
11.1957
11.1932
11.1906
11.1876
11.1844
11.1809
11.177
11.1728
11.1682
11.1631
11.1576
11.1515
11.1449
11.1377
11.1297
11.121
11.1115
11.101
11.0895
11.0769
11.063
11.0476
11.0306
11.0118
10.9909
10.9675
10.9412
10.9116
10.8779
10.8391
10.794
10.7407
10.6763
10.5962
10.4928
10.3529
10.1528
9.85327
11.0193
11.0526
11.0784
11.0986
11.1146
11.1276
11.1383
11.1474
11.1551
11.1618
11.1676
11.1728
11.1773
11.1814
11.185
11.1882
11.1911
11.1937
11.196
11.198
11.1999
11.2015
11.2029
11.2042
11.2053
11.2063
11.2071
11.2077
11.2083
11.2087
11.209
11.2091
11.2092
11.2091
11.2089
11.2086
11.2081
11.2075
11.2068
11.206
11.205
11.2039
11.2026
11.2011
11.1994
11.1976
11.1955
11.1933
11.1908
11.188
11.1849
11.1816
11.1779
11.1738
11.1694
11.1645
11.1592
11.1533
11.147
11.14
11.1323
11.124
11.1148
11.1048
11.0939
11.0819
11.0688
11.0544
11.0387
11.0214
11.0024
10.9816
10.9586
10.9333
10.9054
10.8744
10.8401
10.8017
10.7589
10.7106
10.6559
10.5934
10.5214
10.4372
10.3374
10.2169
10.0682
9.8809
9.64057
9.33121
10.9749
11.008
11.0357
11.0588
11.078
11.0942
11.108
11.1198
11.1301
11.139
11.1469
11.1539
11.16
11.1656
11.1705
11.1749
11.1789
11.1824
11.1856
11.1884
11.191
11.1932
11.1952
11.197
11.1985
11.1998
11.2009
11.2019
11.2026
11.2032
11.2036
11.2038
11.2038
11.2037
11.2034
11.203
11.2024
11.2016
11.2006
11.1994
11.1981
11.1965
11.1947
11.1927
11.1904
11.1878
11.185
11.1818
11.1783
11.1745
11.1703
11.1656
11.1605
11.1549
11.1487
11.142
11.1346
11.1265
11.1177
11.108
11.0975
11.0859
11.0733
11.0594
11.0443
11.0277
11.0096
10.9897
10.968
10.9441
10.918
10.8892
10.8576
10.8228
10.7844
10.7419
10.6949
10.6425
10.5842
10.5188
10.4451
10.3615
10.2661
10.1562
10.0283
9.87794
9.69928
9.48516
9.22772
8.92038
10.9383
10.9711
10.9997
11.0244
11.0458
11.0643
11.0804
11.0945
11.1068
11.1177
11.1274
11.136
11.1437
11.1506
11.1567
11.1623
11.1672
11.1717
11.1757
11.1793
11.1825
11.1853
11.1878
11.19
11.192
11.1936
11.195
11.1962
11.1971
11.1978
11.1983
11.1986
11.1987
11.1985
11.1982
11.1976
11.1968
11.1958
11.1946
11.1931
11.1914
11.1894
11.1871
11.1845
11.1816
11.1784
11.1748
11.1708
11.1664
11.1615
11.1562
11.1503
11.1438
11.1367
11.1289
11.1204
11.111
11.1008
11.0896
11.0774
11.064
11.0493
11.0333
11.0158
10.9967
10.9757
10.9528
10.9277
10.9003
10.8702
10.8371
10.8009
10.7611
10.7174
10.6692
10.616
10.5572
10.492
10.4196
10.3388
10.2484
10.1466
10.0316
9.90095
9.75152
9.57972
9.38133
9.15176
8.88669
8.58324
10.9077
10.9401
10.9691
10.9949
11.0177
11.0379
11.0557
11.0716
11.0856
11.0982
11.1094
11.1194
11.1284
11.1365
11.1438
11.1503
11.1562
11.1615
11.1663
11.1706
11.1744
11.1778
11.1808
11.1834
11.1857
11.1877
11.1894
11.1908
11.1919
11.1928
11.1934
11.1937
11.1938
11.1936
11.1932
11.1925
11.1916
11.1903
11.1889
11.1871
11.185
11.1826
11.1799
11.1768
11.1733
11.1694
11.1651
11.1603
11.155
11.1492
11.1428
11.1357
11.1279
11.1194
11.1101
11.0998
11.0886
11.0764
11.063
11.0483
11.0322
11.0147
10.9955
10.9745
10.9516
10.9265
10.8991
10.8691
10.8363
10.8003
10.7609
10.7177
10.6703
10.6183
10.5611
10.4981
10.4286
10.3519
10.267
10.1727
10.0678
9.9508
9.81978
9.67264
9.50689
9.31975
9.10824
8.86943
8.60086
8.30121
10.8819
10.9139
10.9431
10.9696
10.9934
11.0147
11.0339
11.0511
11.0666
11.0805
11.093
11.1043
11.1144
11.1236
11.1319
11.1393
11.1461
11.1521
11.1576
11.1625
11.1668
11.1707
11.1742
11.1772
11.1799
11.1822
11.1841
11.1857
11.187
11.188
11.1887
11.1891
11.1892
11.189
11.1885
11.1877
11.1866
11.1852
11.1835
11.1814
11.179
11.1763
11.1731
11.1695
11.1655
11.161
11.1561
11.1505
11.1444
11.1377
11.1302
11.1221
11.1131
11.1033
11.0925
11.0806
11.0677
11.0535
11.0381
11.0211
11.0026
10.9823
10.9602
10.936
10.9096
10.8807
10.8491
10.8145
10.7767
10.7353
10.6901
10.6405
10.5862
10.5266
10.4612
10.3894
10.3105
10.2235
10.1277
10.0218
9.90476
9.77505
9.63108
9.47106
9.29301
9.09483
8.87442
8.62988
8.35977
8.06342
10.86
10.8918
10.9211
10.948
10.9724
10.9947
11.0149
11.0332
11.0497
11.0647
11.0783
11.0906
11.1018
11.1119
11.121
11.1293
11.1368
11.1435
11.1496
11.155
11.1599
11.1643
11.1682
11.1716
11.1745
11.1771
11.1793
11.1811
11.1825
11.1836
11.1844
11.1848
11.1849
11.1847
11.1841
11.1833
11.182
11.1805
11.1785
11.1762
11.1735
11.1704
11.1669
11.1629
11.1584
11.1533
11.1477
11.1415
11.1346
11.1271
11.1187
11.1095
11.0995
11.0884
11.0763
11.063
11.0485
11.0326
11.0152
10.9962
10.9754
10.9526
10.9278
10.9007
10.871
10.8386
10.8032
10.7645
10.7222
10.676
10.6254
10.5701
10.5095
10.4432
10.3706
10.291
10.2037
10.108
10.0027
9.88709
9.75985
9.61976
9.46544
9.2954
9.10807
8.90187
8.67531
8.42712
8.15642
7.86287
10.8417
10.8733
10.9026
10.9297
10.9547
10.9776
10.9985
11.0176
11.0351
11.051
11.0655
11.0787
11.0906
11.1015
11.1114
11.1204
11.1285
11.1358
11.1424
11.1484
11.1537
11.1585
11.1627
11.1665
11.1697
11.1725
11.1749
11.1769
11.1785
11.1797
11.1805
11.181
11.1811
11.1808
11.1802
11.1793
11.1779
11.1762
11.1741
11.1715
11.1686
11.1652
11.1613
11.1568
11.1519
11.1464
11.1402
11.1334
11.1258
11.1175
11.1083
11.0982
11.0872
11.075
11.0617
11.0471
11.0312
11.0137
10.9946
10.9737
10.9509
10.9259
10.8987
10.8689
10.8364
10.8009
10.762
10.7197
10.6733
10.6228
10.5675
10.5071
10.441
10.3689
10.29
10.2037
10.1092
10.0059
9.8928
9.76897
9.63338
9.48492
9.3224
9.14459
8.95024
8.73817
8.50729
8.25673
7.98592
7.69471
10.8265
10.8579
10.8872
10.9145
10.9398
10.9632
10.9847
11.0045
11.0226
11.0392
11.0544
11.0683
11.081
11.0925
11.103
11.1126
11.1213
11.1291
11.1362
11.1426
11.1483
11.1534
11.158
11.162
11.1655
11.1685
11.1711
11.1732
11.1749
11.1762
11.1771
11.1776
11.1777
11.1775
11.1768
11.1757
11.1743
11.1724
11.1701
11.1674
11.1642
11.1605
11.1563
11.1515
11.1462
11.1402
11.1336
11.1262
11.1181
11.1091
11.0992
11.0883
11.0764
11.0633
11.0489
11.0332
11.0159
10.9971
10.9765
10.954
10.9294
10.9025
10.8731
10.841
10.806
10.7678
10.726
10.6804
10.6306
10.5762
10.5169
10.4521
10.3814
10.3042
10.2199
10.1279
10.0275
9.91787
9.79824
9.66774
9.5254
9.37027
9.20132
9.01753
8.81791
8.60152
8.36757
8.11544
7.84476
7.55547
10.8142
10.8455
10.8748
10.9022
10.9277
10.9514
10.9734
10.9936
11.0123
11.0295
11.0453
11.0597
11.0729
11.085
11.096
11.106
11.1152
11.1234
11.1309
11.1376
11.1437
11.1491
11.1539
11.1582
11.1619
11.1651
11.1678
11.17
11.1719
11.1732
11.1742
11.1747
11.1748
11.1746
11.1739
11.1727
11.1712
11.1692
11.1668
11.1639
11.1605
11.1566
11.1521
11.147
11.1414
11.135
11.128
11.1201
11.1115
11.1019
11.0914
11.0799
11.0672
11.0533
11.038
11.0213
11.003
10.983
10.9611
10.9372
10.9111
10.8826
10.8514
10.8174
10.7802
10.7397
10.6954
10.6471
10.5944
10.5368
10.4741
10.4057
10.331
10.2496
10.1609
10.0643
9.95891
9.84419
9.71932
9.58347
9.43582
9.27547
9.10156
8.91323
8.70966
8.49012
8.25399
8.00082
7.73037
7.44262
10.8046
10.8357
10.865
10.8925
10.9182
10.9422
10.9644
10.985
11.0041
11.0217
11.0379
11.0528
11.0664
11.0789
11.0904
11.1008
11.1102
11.1188
11.1266
11.1337
11.14
11.1456
11.1506
11.1551
11.1589
11.1623
11.1651
11.1675
11.1694
11.1708
11.1718
11.1724
11.1725
11.1722
11.1715
11.1703
11.1687
11.1666
11.1641
11.161
11.1575
11.1533
11.1487
11.1434
11.1374
11.1308
11.1234
11.1152
11.1061
11.0961
11.0851
11.073
11.0597
11.0451
11.0291
11.0116
10.9925
10.9715
10.9486
10.9236
10.8962
10.8664
10.8338
10.7981
10.7593
10.7168
10.6706
10.6201
10.565
10.5049
10.4394
10.3681
10.2903
10.2056
10.1134
10.013
9.9038
9.78509
9.65614
9.51618
9.36445
9.20015
9.02253
8.83083
8.62437
8.40255
8.16489
7.91104
7.64083
7.35429
10.7975
10.8285
10.8578
10.8853
10.9111
10.9353
10.9578
10.9786
10.998
11.0159
11.0324
11.0476
11.0616
11.0744
11.0861
11.0968
11.1065
11.1154
11.1234
11.1306
11.1371
11.143
11.1481
11.1527
11.1567
11.1602
11.1631
11.1655
11.1675
11.169
11.17
11.1706
11.1707
11.1704
11.1697
11.1685
11.1668
11.1646
11.162
11.1588
11.1552
11.1509
11.1461
11.1406
11.1344
11.1275
11.1199
11.1114
11.102
11.0917
11.0803
11.0678
11.054
11.0389
11.0224
11.0043
10.9845
10.9628
10.9391
10.9132
10.885
10.8541
10.8204
10.7835
10.7434
10.6995
10.6517
10.5996
10.5427
10.4807
10.4132
10.3397
10.2596
10.1724
10.0775
9.97438
9.86233
9.74068
9.60874
9.46579
9.31111
9.14398
8.96371
8.76963
8.56115
8.33777
8.09907
7.84478
7.57479
7.28912
10.7928
10.8238
10.853
10.8806
10.9065
10.9307
10.9534
10.9744
10.9939
11.012
11.0287
11.0442
11.0583
11.0713
11.0832
11.0941
11.104
11.113
11.1212
11.1286
11.1352
11.1412
11.1465
11.1511
11.1552
11.1588
11.1618
11.1642
11.1662
11.1678
11.1688
11.1694
11.1695
11.1692
11.1684
11.1672
11.1655
11.1633
11.1606
11.1574
11.1536
11.1493
11.1443
11.1387
11.1324
11.1254
11.1175
11.1089
11.0993
11.0887
11.0771
11.0643
11.0502
11.0348
11.0179
10.9994
10.9791
10.957
10.9327
10.9063
10.8774
10.8458
10.8113
10.7737
10.7327
10.6879
10.6391
10.5858
10.5278
10.4645
10.3956
10.3206
10.2389
10.1501
10.0535
9.94856
9.83463
9.71105
9.57715
9.43225
9.27566
9.10669
8.92471
8.72912
8.51936
8.29499
8.05565
7.8011
7.53126
7.24618
10.7905
10.8214
10.8507
10.8782
10.9042
10.9285
10.9512
10.9723
10.9919
11.0101
11.0269
11.0424
11.0567
11.0698
11.0818
11.0928
11.1028
11.1119
11.1201
11.1276
11.1343
11.1403
11.1456
11.1503
11.1545
11.158
11.1611
11.1636
11.1656
11.1671
11.1682
11.1688
11.1689
11.1686
11.1678
11.1666
11.1648
11.1626
11.1599
11.1566
11.1528
11.1484
11.1434
11.1378
11.1314
11.1243
11.1164
11.1076
11.0979
11.0872
11.0754
11.0625
11.0483
11.0327
11.0156
10.9969
10.9764
10.954
10.9295
10.9028
10.8736
10.8417
10.8068
10.7688
10.7273
10.6821
10.6327
10.5789
10.5203
10.4564
10.3868
10.311
10.2286
10.1389
10.0415
9.93562
9.82076
9.69623
9.56136
9.4155
9.25796
9.08809
8.90528
8.70894
8.49857
8.27372
8.03407
7.77941
7.50965
7.22485
9.91912
9.1355
8.37943
7.65286
6.94828
6.25933
5.58157
4.91191
4.24818
3.58883
2.93268
2.27886
1.62668
0.975594
0.32513
9.36443
8.73494
8.07648
7.41364
6.75387
6.09871
5.4479
4.80066
4.15624
3.51395
2.87326
2.23372
1.59499
0.956793
0.318898
8.90591
8.3633
7.77787
7.17131
6.5548
5.93373
5.31061
4.68658
4.06213
3.43747
2.81267
2.18776
1.56276
0.937685
0.312567
8.52599
8.03444
7.50034
6.93888
6.36025
5.77077
5.17422
4.5729
3.96822
3.3611
2.75217
2.14188
1.53059
0.918619
0.30625
8.20732
7.74808
7.25013
6.72359
6.17654
5.61483
5.04256
4.46254
3.87673
3.28654
2.69302
2.09698
1.49909
0.899947
0.300063
7.93774
7.5004
7.02847
6.52878
6.00744
5.46944
4.91864
4.35795
3.7896
3.21529
2.63636
2.05391
1.46885
0.882009
0.294118
7.70897
7.28725
6.83455
6.35558
5.85497
5.33682
4.80456
4.26101
3.70842
3.14865
2.58322
2.01343
1.44039
0.865114
0.288516
7.5152
7.10505
6.66685
6.20399
5.72002
5.21828
4.70177
4.17307
3.63439
3.08764
2.53443
1.97619
1.41417
0.849531
0.283347
7.35225
6.95087
6.52376
6.07348
5.60281
5.11449
4.61113
4.09507
3.56843
3.03308
2.49067
1.94271
1.39056
0.835488
0.278687
7.21706
6.82239
6.40381
5.96333
5.5032
5.02573
4.53316
4.02765
3.51117
2.98554
2.45245
1.91341
1.36987
0.823169
0.274597
7.10733
6.71778
6.30572
5.87281
5.42092
4.95202
4.46812
3.97117
3.46303
2.94547
2.42014
1.88861
1.35233
0.812718
0.271125
7.02136
6.63563
6.22846
5.80124
5.3556
4.89329
4.4161
3.92585
3.42429
2.91315
2.39404
1.86853
1.33812
0.804245
0.26831
6.95789
6.57489
6.1712
5.74807
5.30694
4.8494
4.37713
3.89181
3.39514
2.88877
2.37432
1.85335
1.32736
0.797828
0.266177
6.91604
6.5348
6.13335
5.71286
5.27465
4.82023
4.35117
3.8691
3.37565
2.87246
2.36112
1.84317
1.32015
0.793521
0.264745
6.89526
6.51487
6.11453
5.69533
5.25856
4.80567
4.3382
3.85774
3.3659
2.86429
2.3545
1.83807
1.31653
0.79136
0.264027
)
;

boundaryField
{
    hot
    {
        type            fixedValue;
        value           uniform 10;
    }
    cold
    {
        type            fixedValue;
        value           uniform 0;
    }
    interface_left
    {
        type            fixedValue;
        value           nonuniform List<scalar> 
90
(
10.7349
10.7349
10.7349
10.7349
10.7349
10.7349
10.7349
10.7349
10.7349
11.0123
11.0123
11.0123
11.0123
11.0123
11.0123
11.0123
11.2636
11.2636
11.2636
11.2636
11.2636
11.2636
11.4643
11.4643
11.4643
11.4643
11.4643
11.4643
11.4643
11.6197
11.6197
11.6197
11.6197
11.6197
11.6197
11.6197
11.7474
11.7474
11.7474
11.7474
11.7474
11.7474
11.7474
11.8126
11.8126
11.8126
11.8126
11.8126
11.8126
11.828
11.828
11.828
11.828
11.828
11.828
11.828
11.758
11.758
11.758
11.758
11.758
11.758
11.758
11.6025
11.6025
11.6025
11.6025
11.6025
11.6025
11.6025
11.417
11.417
11.417
11.417
11.417
11.417
11.417
11.2222
11.2222
11.2222
11.2222
11.2222
11.2222
11.2222
11.2222
11.2222
11.2222
11.2222
11.2222
11.2222
)
;
    }
    interface_right
    {
        type            fixedValue;
        value           nonuniform List<scalar> 
90
(
11.7206
11.7206
11.7206
11.7206
11.7206
11.7206
11.7206
11.7206
11.7206
11.7206
11.7206
11.7206
11.7206
11.7206
11.7206
11.7206
11.7206
11.7206
11.7206
11.7206
11.7206
11.7206
11.7206
11.7206
11.7206
11.7206
11.7206
11.7206
11.7206
11.7206
11.7206
11.7206
11.7206
11.7206
11.7206
11.7206
11.7206
11.7206
11.7206
11.7206
11.7206
11.7206
11.7206
11.7206
11.7206
11.7206
11.7206
11.7206
11.8126
11.828
11.828
11.828
11.828
11.828
11.828
11.828
11.758
11.758
11.758
11.758
11.758
11.758
11.758
11.6025
11.6025
11.6025
11.6025
11.6025
11.6025
11.6025
11.417
11.417
11.417
11.417
11.417
11.417
11.417
11.2222
11.2222
11.2222
11.2222
11.2222
11.2222
11.2222
11.2222
11.2222
11.2222
11.2222
11.2222
11.2222
)
;
    }
    interface_top
    {
        type            fixedValue;
        value           uniform 11.2222;
    }
    interface_bottom
    {
        type            fixedValue;
        value           nonuniform List<scalar> 
90
(
10.7349
10.7349
10.7349
10.7349
10.7349
10.7349
10.7349
10.7349
10.7349
10.7349
10.7349
10.7349
10.7349
10.7349
10.7349
10.7349
10.7349
10.7349
10.7349
10.7349
10.7349
10.7349
10.7349
10.7349
10.7349
10.7349
10.7349
10.7349
10.7349
10.7349
10.7349
10.7349
10.892
10.892
10.892
10.892
10.892
10.892
10.892
10.892
10.892
10.892
10.892
11.1695
11.1695
11.1695
11.1695
11.1695
11.1695
11.1695
11.1695
11.1695
11.1695
11.1695
11.1695
11.1695
11.4062
11.4062
11.4062
11.4062
11.4062
11.4062
11.4062
11.4062
11.4062
11.4062
11.4062
11.4062
11.4062
11.4062
11.6013
11.6013
11.6013
11.6013
11.6013
11.6013
11.6013
11.6013
11.6013
11.6013
11.6013
11.6013
11.6013
11.7206
11.7206
11.7206
11.7206
11.7206
11.7206
11.7206
)
;
    }
    defaultFaces
    {
        type            empty;
    }
}


// ************************************************************************* //
