/*--------------------------------*- C++ -*----------------------------------*\
| =========                 |                                                 |
| \\      /  F ield         | OpenFOAM: The Open Source CFD Toolbox           |
|  \\    /   O peration     | Version:  5.x                                   |
|   \\  /    A nd           | Web:      www.OpenFOAM.org                      |
|    \\/     M anipulation  |                                                 |
\*---------------------------------------------------------------------------*/
FoamFile
{
    version     2.0;
    format      ascii;
    class       volScalarField;
    location    "10.1";
    object      T;
}
// * * * * * * * * * * * * * * * * * * * * * * * * * * * * * * * * * * * * * //

dimensions      [0 0 0 1 0 0 0];

internalField   nonuniform List<scalar> 
6300
(
10.8522
12.5541
14.2484
15.9302
17.5943
19.2358
20.8495
22.4305
23.9739
25.4749
26.9289
28.3316
29.6792
30.9685
32.1968
10.8547
12.5615
14.2608
15.9475
17.6166
19.263
20.8817
22.4676
24.0157
25.5212
26.9793
28.3858
29.7366
31.0284
32.2584
10.8596
12.5763
14.2855
15.9822
17.6613
19.3176
20.9462
22.5418
24.0994
25.614
27.0806
28.4947
29.8521
31.149
32.3826
10.867
12.5986
14.3226
16.0342
17.7282
19.3995
21.043
22.6534
24.2255
25.754
27.2337
28.6596
30.027
31.332
32.571
10.8769
12.6282
14.372
16.1035
17.8175
19.5088
21.1724
22.8028
24.3945
25.942
27.4397
28.8819
30.2636
31.5798
32.8266
10.8892
12.665
14.4336
16.1899
17.9289
19.6455
21.3345
22.9902
24.6071
26.1791
27.7002
29.164
30.5646
31.896
33.1533
10.9038
12.7091
14.5072
16.2933
18.0624
19.8095
21.5292
23.2159
24.8637
26.4664
28.017
29.5086
30.9337
32.2851
33.5566
10.9208
12.7602
14.5926
16.4134
18.2176
20.0003
21.7562
23.4798
25.1649
26.8048
28.3922
29.9187
31.3754
32.7532
34.0435
10.9401
12.8182
14.6895
16.5496
18.3939
20.2174
22.0151
23.7816
25.5105
27.1951
28.8273
30.3975
31.8951
33.3078
34.6236
10.9616
12.8827
14.7974
16.7015
18.5905
20.4599
22.3048
24.1201
25.8998
27.637
29.3233
30.9482
32.4984
33.9581
35.3095
10.9851
12.9534
14.9157
16.868
18.8063
20.7262
22.6236
24.4935
26.3307
28.1289
29.8798
31.5724
33.1913
34.7155
36.1185
11.0106
13.03
15.0438
17.0483
19.0399
21.0147
22.9691
24.8989
26.8
28.6672
30.4937
32.2693
33.9778
35.593
37.0748
11.0379
13.112
15.1809
17.2413
19.2898
21.3232
23.3384
25.3324
27.3024
29.2453
31.1574
33.0322
34.8566
36.6027
38.2135
11.0669
13.199
15.3263
17.4458
19.5544
21.6494
23.7283
25.7892
27.831
29.8534
31.8574
33.8443
35.8125
37.7463
39.5836
11.0974
13.2906
15.4794
17.6608
19.8322
21.9911
24.1356
26.2645
28.378
30.4789
32.5734
34.674
36.8015
38.985
41.2323
33.2654
34.1927
35.0759
35.9153
36.7119
37.4668
38.1817
38.8585
39.4994
40.1068
40.6833
41.2317
41.7546
42.2548
42.7353
43.1987
43.6478
44.0852
44.5136
44.9355
45.3532
45.7689
46.1848
46.6028
47.0245
47.4515
47.8851
48.3261
48.7753
49.2333
49.7001
50.1757
50.6599
51.1521
51.6517
52.158
52.6699
53.1865
53.7066
54.2288
54.7519
55.2743
55.7944
56.3106
56.8212
57.3246
57.8193
58.3037
58.7766
59.2366
59.6825
60.1131
60.5273
60.9239
61.3016
61.6591
61.9949
62.3078
62.5962
62.8585
63.0933
63.2989
63.4737
63.616
63.724
63.7956
63.8287
63.8211
63.77
63.6727
63.5262
63.3271
63.0719
62.757
62.3787
61.9328
61.4154
60.8223
60.1493
59.3923
58.5471
57.6098
56.5765
55.4438
54.2088
52.8689
51.4224
49.8683
48.2065
46.4379
33.3277
34.2551
35.1377
35.9759
36.7706
37.5231
38.2352
38.9088
39.5462
40.1498
40.7225
41.2668
41.7856
42.2819
42.7583
43.2177
43.6629
44.0966
44.5214
44.9398
45.3543
45.767
46.1801
46.5956
47.0152
47.4404
47.8725
48.3124
48.761
49.2187
49.6855
50.1616
50.6464
51.1395
51.6403
52.1478
52.6612
53.1794
53.7013
54.2256
54.7508
55.2755
55.7979
56.3164
56.8294
57.335
57.8318
58.3182
58.7929
59.2546
59.7022
60.1345
60.5504
60.9488
61.3283
61.6878
62.0257
62.3407
62.6312
62.8958
63.1329
63.3408
63.5181
63.663
63.7738
63.8485
63.8851
63.8811
63.8341
63.7412
63.5994
63.4053
63.1554
62.8461
62.4734
62.0334
61.522
60.9349
60.268
59.5169
58.6775
57.7457
56.7174
55.5891
54.3577
53.0204
51.5753
50.0214
48.3585
46.5873
33.4534
34.3808
35.2621
36.0978
36.8887
37.6365
38.3427
39.0098
39.6401
40.2362
40.8009
41.3371
41.8478
42.3358
42.8041
43.2556
43.693
44.1192
44.5367
44.9482
45.3561
45.7628
46.1703
46.5808
46.996
47.4175
47.8467
48.2845
48.7318
49.1889
49.6559
50.1328
50.619
51.114
51.617
52.1272
52.6435
53.1651
53.6906
54.2189
54.7484
55.2777
55.8049
56.3282
56.8458
57.3559
57.8569
58.3472
58.8255
59.2906
59.7415
60.1771
60.5964
60.9983
61.3816
61.745
62.0871
62.4063
62.7012
62.9702
63.2118
63.4244
63.6066
63.7566
63.873
63.9538
63.9971
64.0006
63.9618
63.8777
63.7453
63.5613
63.3221
63.0238
62.6626
62.2344
61.735
61.1601
60.5054
59.7665
58.9388
58.0181
57.0001
55.8808
54.6568
53.3249
51.8829
50.3296
48.6644
46.8882
33.6442
34.5718
35.4511
36.2828
37.0679
37.8081
38.5055
39.1624
39.7817
40.3662
40.9189
41.4428
41.941
42.4166
42.8727
43.3121
43.7378
44.1526
44.5591
44.9601
45.3581
45.7555
46.1546
46.5574
46.9659
47.3818
47.8066
48.2412
48.6865
49.1429
49.6103
50.0886
50.577
51.075
51.5815
52.0956
52.6164
53.1429
53.6739
54.2083
54.7444
55.2807
55.8152
56.346
56.8709
57.3879
57.8952
58.3913
58.8749
59.3449
59.8005
60.2409
60.6651
61.0722
61.4611
61.8305
62.1789
62.5046
62.8061
63.0817
63.33
63.5495
63.7387
63.8964
64.0209
64.1108
64.1641
64.1786
64.152
64.0812
63.9632
63.7945
63.5713
63.2898
62.9459
62.5355
62.0544
61.498
60.8619
60.1414
59.3318
58.4284
57.4264
56.3213
55.109
53.7858
52.349
50.7968
49.1283
47.3444
33.9033
34.831
35.7075
36.5335
37.3104
38.0401
38.725
39.368
39.9721
40.5406
41.0767
41.5839
42.0653
42.5241
42.9636
43.3868
43.7967
44.1961
44.5879
44.9747
45.3593
45.7441
46.1316
46.524
46.9234
47.3317
47.7504
48.1807
48.6235
49.079
49.5473
50.0277
50.5195
51.0216
51.5329
52.0524
52.5791
53.1121
53.6504
54.1929
54.7381
55.2841
55.8289
56.37
56.905
57.4315
57.9474
58.4511
58.9415
59.4177
59.8792
60.3255
60.756
61.17
61.5664
61.9439
62.3008
62.6354
62.9457
63.2302
63.4872
63.7155
63.9139
64.0812
64.2163
64.3179
64.3843
64.4135
64.4031
64.3503
64.2516
64.1034
63.9019
63.643
63.3225
62.9361
62.4795
61.9482
61.3374
60.6422
59.8576
58.9783
57.9988
56.9139
55.7186
54.4083
52.9794
51.4292
49.7567
47.9622
34.2347
35.1627
36.0354
36.8538
37.6196
38.3351
39.0035
39.628
40.2123
40.7601
41.2749
41.7605
42.2204
42.6579
43.0764
43.4791
43.8689
44.2489
44.622
44.9909
45.3584
45.7272
46.0999
46.4788
46.8664
47.2648
47.6756
48.1005
48.5402
48.9951
49.4649
49.9487
50.4452
50.953
51.4706
51.9969
52.5308
53.0717
53.6189
54.1715
54.7283
55.2872
55.8457
56.4008
56.9492
57.4881
58.0149
58.5279
59.0262
59.5094
59.9774
60.4304
60.8683
61.2907
61.6966
62.0846
62.4526
62.7985
63.1202
63.4156
63.6833
63.9221
64.1312
64.3099
64.4574
64.573
64.6554
64.7029
64.713
64.6828
64.6087
64.4867
64.3128
64.0824
63.7914
63.4354
63.0099
62.5103
61.9319
61.2695
60.5175
59.67
58.7208
57.6634
56.4916
55.1995
53.7821
52.2359
50.5587
48.7508
34.6443
35.5726
36.4404
37.2486
37.9997
38.6968
39.3437
39.9446
40.5037
41.0254
41.5137
41.9727
42.4061
42.8175
43.2105
43.5881
43.9537
44.3101
44.6604
45.0074
45.354
45.703
46.0573
46.4194
46.7922
47.178
47.579
47.997
48.4331
48.8878
49.3603
49.8493
50.3528
50.8683
51.394
51.9282
52.4703
53.02
53.5774
54.1422
54.7133
55.2887
55.8653
56.4389
57.005
57.5597
58.0999
58.6236
59.1304
59.6205
60.0949
60.5547
61.0006
61.4327
61.8502
62.2514
62.6337
62.9941
63.3298
63.6385
63.9185
64.1691
64.3898
64.5807
64.742
64.8735
64.9744
65.0434
65.0783
65.0759
65.0321
64.9424
64.8022
64.6067
64.3515
64.0321
63.6443
63.1835
62.645
62.0233
61.3126
60.5059
59.5961
58.5753
57.4355
56.1688
54.7684
53.2289
51.547
49.7223
35.1398
36.0687
36.9297
37.7244
38.4561
39.1292
39.7487
40.3198
40.8476
41.3372
41.7932
42.2201
42.6218
43.0022
43.3649
43.713
44.0499
44.3785
44.7018
45.0228
45.3444
45.6696
46.0015
46.343
46.6973
47.0674
47.456
47.8656
48.2976
48.7528
49.2301
49.7273
50.2409
50.7672
51.3029
51.8462
52.3968
52.9554
53.5233
54.1015
54.6899
55.2865
55.8869
56.4854
57.0751
57.6501
58.2062
58.7415
59.2562
59.7519
60.2312
60.6966
61.1502
61.5932
62.0249
62.443
62.8438
63.2228
63.576
63.9001
64.1937
64.4564
64.6887
64.8918
65.067
65.2152
65.3367
65.4306
65.4948
65.5259
65.5189
65.4684
65.3686
65.2145
65.0013
64.7248
64.3812
63.9662
63.4753
62.9031
62.2431
61.488
60.629
59.6564
58.5597
57.3284
55.9528
54.4248
52.739
50.8939
35.7317
36.6613
37.513
38.2895
38.9956
39.6376
40.2221
40.7558
41.2451
41.6958
42.1132
42.5021
42.8667
43.211
43.5385
43.8526
44.1563
44.4528
44.7449
45.0356
45.328
45.625
45.93
46.2465
46.578
46.9284
47.3012
47.6999
48.1271
48.584
49.0693
49.5797
50.109
50.6506
51.199
51.7519
52.3097
52.8752
53.4522
54.0442
54.6527
55.2764
55.9094
56.5424
57.1642
57.7655
58.3403
58.8869
59.4071
59.9047
60.385
60.853
61.313
61.7676
62.2167
62.6571
63.0828
63.4864
63.8613
64.2033
64.5109
64.7848
65.0271
65.2406
65.4284
65.593
65.7361
65.8579
65.9566
66.0281
66.0659
66.0626
66.0109
65.9047
65.7396
65.5118
65.2183
64.8558
64.4202
63.9066
63.3083
62.6173
61.8231
60.9137
59.8754
58.6937
57.3546
55.8457
54.1582
52.2885
36.4344
37.3649
38.2034
38.9545
39.6261
40.2272
40.7671
41.2544
41.6967
42.1009
42.4728
42.8174
43.1393
43.4423
43.7299
44.0054
44.2717
44.5318
44.7884
45.0445
45.303
45.5672
45.8404
46.1265
46.4299
46.7551
47.1073
47.4915
47.9122
48.3722
48.8708
49.4028
49.9576
50.522
51.0868
51.6485
52.2095
52.7764
53.3575
53.9608
54.5918
55.2506
55.9297
56.6132
57.2809
57.9167
58.5126
59.068
59.588
60.0803
60.5542
61.0185
61.4812
61.9475
62.4186
62.89
63.3513
63.7888
64.1915
64.5535
64.8742
65.1563
65.4044
65.624
65.8206
65.9991
66.1636
66.3159
66.4551
66.5761
66.6696
66.724
66.7289
66.6773
66.5654
66.3909
66.1524
65.848
65.475
65.0294
64.5048
63.8925
63.1808
62.3543
61.3951
60.2833
58.9985
57.5217
55.8377
53.9386
37.2683
38.1997
39.0182
39.7328
40.3567
40.9036
41.3864
41.8161
42.2017
42.5509
42.8699
43.164
43.4374
43.694
43.9371
44.1697
44.3944
44.614
44.831
45.0481
45.2682
45.4945
45.7304
45.9801
46.2484
46.5413
46.8655
47.2287
47.6389
48.1027
48.6225
49.1914
49.7901
50.3912
50.977
51.5439
52.0989
52.6552
53.2287
53.8355
54.4886
55.1936
55.9415
56.7045
57.4412
58.1231
58.7407
59.298
59.8064
60.2802
60.7346
61.184
61.6417
62.118
62.6176
63.135
63.6515
64.1389
64.5776
64.9607
65.2905
65.574
65.8201
66.0378
66.236
66.423
66.606
66.7902
66.9771
67.161
67.3271
67.4539
67.5254
67.5343
67.4787
67.3596
67.1785
66.9362
66.632
66.2632
65.8248
65.3084
64.701
63.9837
63.1322
62.1195
60.9166
59.4939
57.8244
55.8909
38.2648
39.1958
39.9811
40.6402
41.1965
41.6709
42.0808
42.4396
42.7576
43.0428
43.3015
43.5386
43.7582
43.9637
44.1579
44.3435
44.5229
44.6982
44.8717
45.0458
45.223
45.4062
45.5988
45.805
46.03
46.2807
46.5657
46.8964
47.2865
47.7511
48.3016
48.935
49.6173
50.2805
50.8925
51.4544
51.9844
52.5071
53.05
53.6414
54.3088
55.0724
55.9296
56.8313
57.6781
58.4201
59.0534
59.596
60.0721
60.5059
60.9198
61.3352
61.7729
62.2526
62.7884
63.379
63.991
64.5565
65.0413
65.4422
65.7709
66.0431
66.274
66.4772
66.6652
66.8501
67.0439
67.2581
67.5007
67.7691
68.0386
68.2606
68.4097
68.4814
68.4807
68.4149
68.2903
68.1111
67.8793
67.5947
67.2547
66.8529
66.3769
65.8038
65.0991
64.2271
63.1487
61.8191
60.189
58.2177
39.4769
40.4006
41.1241
41.6943
42.1526
42.5297
42.8473
43.1203
43.3591
43.5713
43.7624
43.9368
44.0977
44.2479
44.3896
44.5248
44.6555
44.7832
44.9099
45.0373
45.1674
45.3026
45.4459
45.601
45.773
45.9687
46.1984
46.4767
46.8251
47.2738
47.8593
48.6064
49.4701
50.2417
50.8783
51.409
51.8782
52.3281
52.7994
53.3358
53.9884
54.8143
55.8514
57.0351
58.0636
58.8713
59.4946
59.9875
60.3965
60.7578
61.1005
61.4519
61.8414
62.3038
62.8779
63.5897
64.3951
65.0878
65.623
66.0251
66.3302
66.5692
66.7651
66.9358
67.0962
67.2617
67.4497
67.6824
67.9847
68.3729
68.8156
69.1697
69.4029
69.53
69.5737
69.5522
69.478
69.359
69.1999
69.0033
68.7708
68.5018
68.1898
67.8109
67.3045
66.6291
65.7403
64.5746
63.0426
61.0419
41.0112
41.892
42.4867
42.908
43.2239
43.4727
43.6764
43.8485
43.9973
44.1285
44.246
44.3528
44.451
44.5425
44.6288
44.7111
44.7905
44.8683
44.9454
45.0231
45.1027
45.1858
45.2744
45.3712
45.4799
45.6063
45.7594
45.9542
46.2175
46.5979
47.1826
48.1082
49.4536
50.3954
51.0143
51.4504
51.7977
52.1162
52.4532
52.8607
53.4163
54.2499
55.5599
57.4604
58.7646
59.5858
60.121
60.4974
60.7874
61.0339
61.2663
61.5115
61.8026
62.1915
62.7666
63.6631
64.9589
65.8434
66.3941
66.7449
66.9822
67.1546
67.2901
67.4064
67.5174
67.638
67.7888
68.0037
68.3421
68.8959
69.7173
70.25
70.5461
70.6961
70.7577
70.7626
70.7276
70.662
70.5716
70.4611
70.3368
70.2097
70.0963
69.9988
69.7506
69.3357
68.728
67.855
66.5685
64.6123
43.1444
43.7941
44.0971
44.272
44.3902
44.4788
44.5496
44.6086
44.6593
44.7037
44.7434
44.7793
44.8124
44.8431
44.8721
44.8997
44.9264
44.9525
44.9784
45.0045
45.0313
45.0594
45.0894
45.1223
45.1597
45.2037
45.2584
45.3315
45.4397
45.6258
46.0133
47.0034
50.0163
51.0122
51.4118
51.6178
51.7565
51.8759
52.0033
52.1703
52.4417
52.9974
54.4158
58.7423
60.1587
60.7099
60.9739
61.1294
61.2386
61.3277
61.4114
61.5025
61.6204
61.8089
62.1901
63.1592
66.1123
67.0773
67.4502
67.6255
67.7249
67.7907
67.8401
67.8818
67.9223
67.9684
68.0327
68.1444
68.387
69.0306
71.0319
71.6686
71.8968
71.9866
72.0207
72.0277
72.0184
71.998
71.9694
71.9358
71.9042
71.895
71.9773
72.401
72.434
72.3172
72.0953
71.728
71.0565
69.575
44.3768
41.9815
39.4458
36.7778
33.9869
31.0834
28.0782
24.9826
21.8079
18.5654
15.266
11.9206
8.53984
5.1339
1.71296
44.522
42.1202
39.5765
36.8992
34.0981
31.1838
28.1676
25.0608
21.8749
18.6214
15.3114
11.9556
8.56463
5.1487
1.71788
44.8142
42.3993
39.8392
37.143
34.3212
31.385
28.3463
25.2169
22.0087
18.7333
15.4019
12.0253
8.61403
5.17817
1.72768
45.2571
42.8218
40.2364
37.5111
34.6573
31.6876
28.6146
25.4509
22.2089
18.9005
15.537
12.1293
8.68764
5.22207
1.74226
45.8565
43.3928
40.772
38.006
35.1081
32.0922
28.9724
25.7622
22.4747
19.122
15.7158
12.2666
8.78483
5.28
1.76151
46.6207
44.1191
41.4512
38.6314
35.6754
32.5995
29.4193
26.1498
22.8047
19.3965
15.9368
12.4362
8.90468
5.35139
1.78522
47.5609
45.0099
42.2807
39.3913
36.3613
33.2097
29.9545
26.612
23.1968
19.7216
16.198
12.6364
9.04593
5.43545
1.81312
48.6923
46.0771
43.2686
40.2904
37.1673
33.9222
30.5758
27.146
23.6478
20.0944
16.4968
12.8647
9.20689
5.53116
1.84488
50.0352
47.336
44.4243
41.333
38.0937
34.7347
31.2794
27.7471
24.1533
20.5105
16.8293
13.1184
9.38541
5.6372
1.88005
51.6172
48.8055
45.7581
42.5218
39.1384
35.642
32.0588
28.4087
24.7067
20.9644
17.1909
13.3936
9.57879
5.75196
1.91809
53.4765
50.5087
47.2789
43.8559
40.2947
36.6348
32.9039
29.121
25.2994
21.4486
17.5755
13.6858
9.78384
5.87355
1.95838
55.6674
52.472
48.9909
45.3267
41.5479
37.6971
33.7996
29.8709
25.9204
21.9541
17.9762
13.9897
9.99686
5.99978
2.0002
58.2694
54.719
50.8841
46.9101
42.8716
38.8045
34.7253
30.6414
26.5561
22.4704
18.3848
14.2993
10.2138
6.12829
2.04277
61.3948
57.2483
52.9145
48.5562
44.2223
39.9225
35.6542
31.4122
27.191
22.9858
18.7926
14.6083
10.4303
6.25659
2.08527
65.1542
59.9628
54.9672
50.1761
45.5372
41.0072
36.5555
32.161
27.8089
23.4882
19.1907
14.9104
10.6423
6.38224
2.1269
11.1266
13.3785
15.6261
17.8668
20.0979
22.3171
24.5225
26.7134
28.8903
31.0572
33.2233
35.4087
37.6557
40.0608
42.8901
11.1542
13.4612
15.7642
18.0604
20.3473
22.6225
24.884
27.1306
29.3625
31.5827
33.7999
36.0329
38.3214
40.7433
43.4389
11.1827
13.5467
15.9068
18.2603
20.6045
22.937
25.2553
27.5574
29.842
32.1097
34.3646
36.6179
38.8935
41.2347
43.6987
11.212
13.6348
16.0537
18.4662
20.8696
23.261
25.6375
27.9958
30.3327
32.6449
34.9297
37.1864
39.419
41.6399
43.8696
11.2422
13.7254
16.205
18.6783
21.1426
23.5949
26.0316
28.4484
30.8398
33.1983
35.5134
37.7708
39.9517
42.0379
44.0264
11.2732
13.8185
16.3603
18.8963
21.4236
23.9392
26.4391
28.9181
31.3691
33.781
36.1365
38.4073
40.5493
42.5025
44.2192
11.305
13.9138
16.5196
19.12
21.7125
24.2939
26.8605
29.4067
31.9248
34.4022
36.8174
39.1323
41.277
43.1303
44.5271
11.3374
14.0112
16.6824
19.3489
22.0085
24.6585
27.2954
29.9143
32.5081
35.0657
37.5672
39.9744
42.2059
44.0741
45.1555
11.3704
14.1104
16.8482
19.5823
22.3109
25.0318
27.7421
30.4385
33.1159
35.7674
38.3815
40.9376
43.3861
45.5633
46.758
11.4038
14.2109
17.0164
19.8193
22.6182
25.4118
28.1981
30.9752
33.741
36.494
39.2352
41.9746
44.7534
47.7336
51.6393
11.4375
14.3123
17.1862
20.0587
22.9289
25.7962
28.6598
31.5191
34.3743
37.228
40.0891
42.9832
45.9798
49.2599
53.2568
11.4714
14.4142
17.3568
20.2992
23.2413
26.1828
29.1239
32.0651
35.0078
37.956
40.9191
43.9197
47.008
50.287
53.9206
11.5053
14.5161
17.5274
20.5397
23.5535
26.5691
29.5874
32.6093
35.6367
38.6726
41.7221
44.7941
47.9026
51.0666
54.3003
11.539
14.6174
17.6971
20.7789
23.8639
26.9531
30.0477
33.1491
36.259
39.3788
42.5084
45.642
48.7576
51.7964
54.6452
11.5724
14.7177
17.865
21.0156
24.171
27.3327
30.5025
33.6822
36.8735
40.0773
43.2909
46.5011
49.6645
52.6567
55.1674
11.6052
14.8165
18.0304
21.2487
24.4733
27.7062
30.9498
34.2064
37.4785
40.768
44.0747
47.3917
50.6891
53.8501
56.3571
11.6374
14.9134
18.1925
21.477
24.7693
28.0718
31.3874
34.7191
38.0705
41.4457
44.8503
48.2946
51.807
55.4963
59.8641
11.6689
15.0078
18.3505
21.6996
25.0576
28.4277
31.813
35.2173
38.645
42.102
45.5972
49.1488
52.8009
56.6699
61.0477
11.6994
15.0996
18.504
21.9155
25.3372
28.7724
32.2248
35.6985
39.1984
42.7306
46.3038
49.9321
53.6426
57.4888
61.5586
11.7289
15.1882
18.6522
22.124
25.6069
29.1046
32.621
36.1606
39.7283
43.3298
46.9709
50.6571
54.3887
58.1507
61.8927
11.7573
15.2735
18.7947
22.3243
25.8659
29.4232
33.0005
36.6024
40.2339
43.9003
47.6056
51.3491
55.1124
58.8249
62.2861
11.7845
15.3552
18.9312
22.516
26.1133
29.7273
33.3621
37.0227
40.7144
44.4426
48.2126
52.026
55.8699
59.6722
63.0901
11.8104
15.4331
19.0612
22.6985
26.3488
30.0162
33.7052
37.4207
41.1684
44.9549
48.7882
52.6804
56.6549
60.7849
65.3917
11.8351
15.5071
19.1847
22.8716
26.5718
30.2894
34.029
37.7955
41.5946
45.4334
49.3218
53.2762
57.3304
61.5648
66.1672
11.8584
15.577
19.3013
23.0351
26.7822
30.5468
34.3334
38.1467
41.9922
45.8764
49.8082
53.8012
57.8794
62.0874
66.4907
11.8804
15.6429
19.4111
23.1888
26.9799
30.7883
34.6184
38.4746
42.3618
46.2853
50.2509
54.2655
58.3369
62.4726
66.6733
11.901
15.7047
19.5141
23.3329
27.1649
31.0141
34.8845
38.7801
42.7053
46.6638
50.6584
54.6891
58.7481
62.8111
66.8279
11.9202
15.7625
19.6103
23.4674
27.3375
31.2245
35.1322
39.0643
43.0245
47.0159
51.0395
55.0915
59.1551
63.18
67.0414
11.9381
15.8162
19.6997
23.5924
27.4979
31.4199
35.3621
39.328
43.3212
47.3445
51.3995
55.4844
59.5872
63.6609
67.5024
11.9547
15.8659
19.7825
23.7081
27.6462
31.6006
35.5746
39.5719
43.5959
47.6499
51.7375
55.8634
60.0382
64.3012
68.8373
11.97
15.9117
19.8587
23.8146
27.7828
31.7669
35.7702
39.7963
43.8486
47.9308
52.0476
56.2069
60.4263
64.7501
69.2863
11.984
15.9536
19.9285
23.9121
27.9078
31.9191
35.9492
40.0016
44.0795
48.1864
52.3268
56.5073
60.7402
65.0498
69.4728
11.9967
15.9917
19.992
24.0008
28.0215
32.0575
36.112
40.1881
44.2891
48.4177
52.5769
56.7697
60.9994
65.269
69.5772
12.0081
16.0261
20.0492
24.0807
28.124
32.1823
36.2589
40.3566
44.4783
48.6264
52.8022
57.005
61.2293
65.4595
69.6648
12.0184
16.0567
20.1002
24.152
28.2155
32.2938
36.3901
40.5074
44.6483
48.8147
53.0075
57.2239
61.4535
65.6656
69.7858
12.0273
16.0837
20.1451
24.2148
28.2961
32.3921
36.5061
40.6409
44.7993
48.9836
53.1949
57.4323
61.6881
65.9338
70.0493
12.0351
16.107
20.1839
24.2691
28.3658
32.4773
36.6066
40.757
44.9313
49.1323
53.3629
57.6262
61.9282
66.2907
70.8179
12.0417
16.1267
20.2167
24.315
28.4248
32.5493
36.6918
40.8555
45.0435
49.2594
53.5068
57.7917
62.1247
66.5313
71.071
12.047
16.1427
20.2434
24.3524
28.4729
32.6081
36.7614
40.9361
45.1354
49.3631
53.6234
57.9222
62.2685
66.6776
71.1687
12.0512
16.1552
20.2641
24.3813
28.5101
32.6537
36.8154
40.9985
45.2065
49.443
53.7119
58.0181
62.3671
66.7651
71.2129
12.0541
16.1639
20.2788
24.4018
28.5365
32.686
36.8536
41.0427
45.2568
49.4991
53.7733
58.0826
62.4301
66.8161
71.235
12.0558
16.1691
20.2874
24.4139
28.552
32.7049
36.8761
41.0687
45.2862
49.5319
53.8087
58.1193
62.4646
66.8425
71.2454
12.0563
16.1706
20.2899
24.4174
28.5565
32.7105
36.8827
41.0764
45.295
49.5417
53.8194
58.1302
62.4747
66.8499
71.2477
12.0556
16.1685
20.2864
24.4125
28.5502
32.7028
36.8735
41.0658
45.2831
49.5287
53.8056
58.1164
62.4618
66.8397
71.2415
12.0537
16.1628
20.2768
24.3991
28.5329
32.6816
36.8485
41.037
45.2506
49.4927
53.767
58.0768
62.4247
66.8111
71.2295
12.0506
16.1535
20.2613
24.3773
28.5048
32.6471
36.8076
40.9897
45.197
49.4332
53.7023
58.0092
62.3593
66.7584
71.2067
12.0463
16.1405
20.2397
24.347
28.4657
32.5992
36.7509
40.924
45.1223
49.3495
53.6101
57.9101
62.2583
66.6695
71.1622
12.0408
16.124
20.2121
24.3083
28.4159
32.5381
36.6783
40.8399
45.0263
49.2414
53.4892
57.7758
62.112
66.5224
71.065
12.0341
16.1039
20.1786
24.2613
28.3553
32.4637
36.59
40.7375
44.9094
49.1092
53.34
57.6056
61.9124
66.2815
70.8149
12.0263
16.0803
20.1392
24.206
28.284
32.3763
36.4863
40.6171
44.7721
48.9541
53.1652
57.4053
61.6678
65.9249
70.0578
12.0172
16.0533
20.094
24.1426
28.2021
32.2759
36.3671
40.479
44.6149
48.7776
52.969
57.1879
61.4255
65.6527
69.7956
12.0071
16.0227
20.043
24.071
28.1098
32.1627
36.2327
40.3234
44.438
48.58
52.7522
56.9561
61.1887
65.4371
69.6715
11.9958
15.9888
19.9864
23.9915
28.0073
32.0368
36.0832
40.1501
44.2411
48.3602
52.5122
56.7028
60.9393
65.2296
69.5763
11.9834
15.9516
19.9243
23.9043
27.8946
31.8983
35.9187
39.9591
44.0235
48.1164
52.2439
56.4161
60.6509
64.9813
69.4558
11.9699
15.9112
19.8567
23.8094
27.772
31.7477
35.7394
39.7506
43.7851
47.8472
51.9433
56.0845
60.2944
64.6311
69.2317
11.9554
15.8677
19.784
23.7071
27.6399
31.5851
35.5458
39.5251
43.5264
47.5533
51.6102
55.7036
59.8484
64.0958
68.6799
11.9399
15.8211
19.7062
23.5978
27.4985
31.4111
35.3384
39.2833
43.2488
47.2373
51.2503
55.2857
59.3295
63.3251
67.023
11.9235
15.7717
19.6236
23.4816
27.3483
31.2262
35.118
39.0264
42.9541
46.9032
50.8737
54.8604
58.8425
62.7594
66.4596
11.9062
15.7196
19.5365
23.3591
27.1898
31.031
34.8852
38.7552
42.6436
46.5529
50.4846
54.4368
58.3994
62.3427
66.2088
11.888
15.665
19.4451
23.2305
27.0234
30.826
34.6408
38.4703
42.3175
46.186
50.0799
54.0048
57.968
61.9778
66.0379
11.869
15.608
19.3498
23.0964
26.8498
30.612
34.3853
38.1722
41.9757
45.8002
49.6523
53.5447
57.5027
61.5764
65.8438
11.8493
15.5488
19.2509
22.9571
26.6695
30.3896
34.1196
37.8616
41.6184
45.3942
49.1957
53.0377
56.9555
61.0388
65.5013
11.829
15.4877
19.1487
22.8133
26.4832
30.1597
33.8447
37.5398
41.2471
44.9691
48.7096
52.4766
56.2921
60.2363
64.67
11.8081
15.425
19.0437
22.6655
26.2917
29.9234
33.562
37.2087
40.8645
44.53
48.204
51.8805
55.5377
59.0923
62.1752
11.7868
15.3608
18.9363
22.5143
26.0958
29.6817
33.273
36.8704
40.4743
44.084
47.6954
51.2965
54.8532
58.2742
61.338
11.765
15.2954
18.8269
22.3603
25.8964
29.4357
32.979
36.5268
40.0792
43.6356
47.1927
50.742
54.2615
57.7026
60.9819
11.7429
15.229
18.7159
22.2041
25.6941
29.1863
32.6812
36.1791
39.6805
43.1855
46.6944
50.207
53.723
57.2418
60.7623
11.7206
15.162
18.6038
22.0463
25.4898
28.9345
32.3805
35.8282
39.2782
42.7318
46.1923
49.6683
53.1812
56.7785
60.5414
11.6982
15.0945
18.4909
21.8875
25.2842
28.681
32.0779
35.475
38.8726
42.2723
45.6783
49.1027
52.5793
56.1986
60.181
11.6756
15.0268
18.3777
21.7282
25.0781
28.427
31.7746
35.1205
38.4647
41.8074
45.1503
48.4997
51.8771
55.3651
59.3329
11.6531
14.9591
18.2645
21.5691
24.8721
28.1732
31.4716
34.7666
38.057
41.3414
44.6168
47.876
51.0968
54.1971
56.809
11.6306
14.8916
18.1518
21.4105
24.6671
27.9208
31.1704
34.4149
37.6526
40.8807
44.0934
47.2777
50.3989
53.3668
55.9621
11.6083
14.8246
18.0398
21.2532
24.4637
27.6705
30.8722
34.0673
37.254
40.4295
43.5889
46.722
49.8063
52.7938
55.6044
11.5862
14.7582
17.9289
21.0974
24.2625
27.4232
30.5778
33.7248
36.8624
39.9887
43.1015
46.199
49.2796
52.3424
55.3886
11.5643
14.6925
17.8193
20.9436
24.0641
27.1795
30.2881
33.3881
36.4779
39.5562
42.6237
45.6867
48.7641
51.9013
55.1784
11.5428
14.6278
17.7112
20.792
23.8688
26.9399
30.0037
33.0579
36.1006
39.1303
42.1482
45.1633
48.2059
51.3619
54.8422
11.5215
14.5639
17.6048
20.6429
23.6769
26.705
29.7252
32.735
35.7315
38.7117
41.6735
44.6196
47.5677
50.5959
54.0544
11.5005
14.501
17.5
20.4964
23.4886
26.4751
29.4534
32.4207
35.3729
38.3049
41.209
44.0734
46.8729
49.5297
51.7056
11.4798
14.4391
17.3969
20.3524
23.3041
26.2503
29.1887
32.116
35.0277
37.9165
40.7711
43.5711
46.2762
48.7964
50.9308
11.4594
14.3779
17.2953
20.2107
23.1229
26.0304
28.931
31.8217
34.6976
37.5511
40.3701
43.1338
45.8067
48.3297
50.6249
11.4392
14.3174
17.1949
20.0708
22.9445
25.8148
28.6798
31.537
34.3822
37.2089
40.0065
42.7585
45.4403
48.02
50.475
11.4192
14.2574
17.0952
19.9323
22.7682
25.6023
28.4334
31.2599
34.0789
36.886
39.6737
42.4311
45.1436
47.7958
50.3836
11.3992
14.1975
16.9959
19.7943
22.5928
25.3913
28.1897
30.9873
33.7833
36.5757
39.361
42.134
44.8876
47.6152
50.3161
11.3791
14.1374
16.8963
19.656
22.417
25.18
27.9458
30.7153
33.4895
36.2696
39.0561
41.8494
44.6486
47.4521
50.2573
11.3589
14.0769
16.7959
19.5164
22.2395
24.9664
27.6989
30.4394
33.191
35.9581
38.7456
41.5596
44.4057
47.2867
50.1978
11.3385
14.0157
16.6942
19.3748
22.0589
24.7484
27.4459
30.155
32.8812
35.6315
38.4158
41.2465
44.1375
47.0994
50.1287
11.3177
13.9536
16.5908
19.2305
21.8743
24.5244
27.1842
29.8583
32.5538
35.2807
38.053
40.8907
43.8189
46.8641
50.0359
11.2967
13.8904
16.4855
19.0831
21.6849
24.2933
26.9119
29.5462
32.204
34.8974
37.6441
40.471
43.4181
46.5399
49.8898
11.2753
13.8262
16.3782
18.9325
21.4905
24.0546
26.6284
29.2171
31.8289
34.4763
37.1785
39.967
42.8949
46.0561
49.611
11.2536
13.7611
16.2693
18.779
21.2916
23.8088
26.3339
28.8714
31.4286
34.0164
36.6523
39.3653
42.2087
45.298
48.9545
68.9358
62.2695
56.6593
51.5195
46.6412
41.9283
37.3279
32.8075
28.3455
23.9265
19.5394
15.1757
10.8287
6.49292
2.1636
70.1314
63.6313
57.8694
52.5579
47.5287
42.6863
37.9735
33.3538
28.8026
24.3021
19.8395
15.4048
10.9901
6.58889
2.19545
70.6295
64.4788
58.7651
53.3988
48.2851
43.3531
38.5534
33.8518
29.2236
24.6508
20.1197
15.6196
11.1419
6.67929
2.22547
70.8796
65.021
59.4178
54.0629
48.914
43.9268
39.0643
34.2978
29.6054
24.9698
20.3778
15.8184
11.2828
6.76345
2.25346
71.0259
65.3841
59.8964
54.5826
49.4293
44.4126
39.5073
34.6915
29.9468
25.258
20.6126
16.0003
11.4123
6.84092
2.27924
71.1214
65.6384
60.2527
54.9891
49.8485
44.8197
39.8871
35.035
30.2486
25.5153
20.8239
16.1649
11.5299
6.91148
2.30276
71.1882
65.8233
60.5226
55.3088
50.1887
45.1588
40.2101
35.3317
30.5128
25.7428
21.0121
16.3123
11.6357
6.97512
2.324
71.2372
65.9618
60.7303
55.5619
50.465
45.4402
40.483
35.5863
30.7421
25.9421
21.1784
16.4433
11.73
7.03202
2.34301
71.2743
66.068
60.8927
55.7638
50.6898
45.6734
40.7127
35.8035
30.94
26.1157
21.324
16.5587
11.8135
7.08249
2.3599
71.3031
66.1509
61.0211
55.926
50.8734
45.8666
40.9057
35.988
31.1097
26.2658
21.4509
16.6597
11.8868
7.12692
2.37478
71.3257
66.2165
61.1237
56.0571
51.0236
46.0268
41.0674
36.1443
31.2547
26.3949
21.5607
16.7475
11.9508
7.16579
2.38782
71.3437
66.269
61.2064
56.1638
51.147
46.1596
41.2029
36.2763
31.3781
26.5056
21.6553
16.8235
12.0063
7.1996
2.39916
71.3582
66.3114
61.2734
56.2509
51.2487
46.27
41.3162
36.3876
31.4829
26.6001
21.7364
16.889
12.0543
7.22885
2.40899
71.3699
66.3458
61.3282
56.3223
51.3325
46.3616
41.4111
36.4813
31.5716
26.6805
21.8058
16.9451
12.0955
7.25403
2.41746
71.3795
66.3739
61.373
56.3811
51.4019
46.4379
41.4904
36.5601
31.6465
26.7487
21.8648
16.993
12.1308
7.27563
2.42473
71.3873
66.3969
61.4098
56.4296
51.4594
46.5013
41.5567
36.6262
31.7097
26.8064
21.915
17.0338
12.1609
7.29408
2.43094
71.3938
66.4159
61.4402
56.4697
51.507
46.554
41.612
36.6816
31.7628
26.8551
21.9574
17.0684
12.1865
7.30976
2.43623
71.399
66.4314
61.4652
56.5028
51.5465
46.5979
41.6582
36.728
31.8074
26.8961
21.9932
17.0977
12.2081
7.32306
2.44071
71.4034
66.4443
61.4858
56.5301
51.5791
46.6343
41.6966
36.7667
31.8447
26.9304
22.0233
17.1223
12.2264
7.33427
2.44449
71.407
66.4548
61.5028
56.5527
51.6061
46.6644
41.7285
36.7989
31.8758
26.9591
22.0484
17.1429
12.2417
7.34369
2.44767
71.4099
66.4635
61.5167
56.5712
51.6283
46.6893
41.7548
36.8255
31.9016
26.983
22.0693
17.1601
12.2544
7.35154
2.45032
71.4123
66.4705
61.5281
56.5863
51.6465
46.7096
41.7764
36.8474
31.9228
27.0026
22.0866
17.1743
12.265
7.35804
2.45252
71.4142
66.4763
61.5373
56.5986
51.6613
46.7262
41.794
36.8652
31.9401
27.0187
22.1007
17.1859
12.2736
7.36335
2.45431
71.4158
66.4808
61.5446
56.6084
51.673
46.7394
41.808
36.8795
31.954
27.0315
22.112
17.1952
12.2806
7.36763
2.45576
71.417
66.4843
61.5503
56.616
51.6822
46.7497
41.819
36.8906
31.9648
27.0416
22.1209
17.2025
12.286
7.371
2.45689
71.4179
66.487
61.5546
56.6217
51.6891
46.7574
41.8272
36.899
31.973
27.0492
22.1276
17.208
12.2901
7.37354
2.45775
71.4185
66.4888
61.5576
56.6256
51.6938
46.7628
41.833
36.9049
31.9787
27.0545
22.1323
17.2119
12.293
7.37533
2.45836
71.4189
66.4899
61.5593
56.628
51.6967
46.766
41.8364
36.9084
31.9821
27.0578
22.1352
17.2143
12.2948
7.37642
2.45873
71.419
66.4902
61.5599
56.6288
51.6976
46.7671
41.8376
36.9097
31.9834
27.059
22.1363
17.2152
12.2955
7.37685
2.45887
71.4189
66.4899
61.5593
56.628
51.6968
46.7662
41.8367
36.9087
31.9826
27.0582
22.1356
17.2147
12.2951
7.37663
2.4588
71.4185
66.4888
61.5576
56.6257
51.6941
46.7632
41.8335
36.9056
31.9796
27.0555
22.1333
17.2128
12.2937
7.37576
2.45851
71.4179
66.4869
61.5546
56.6218
51.6894
46.758
41.8281
36.9002
31.9744
27.0507
22.1291
17.2094
12.2912
7.37423
2.45799
71.4169
66.4842
61.5502
56.6161
51.6825
46.7504
41.8202
36.8922
31.9668
27.0438
22.1231
17.2044
12.2876
7.37199
2.45724
71.4157
66.4805
61.5444
56.6083
51.6733
46.7402
41.8095
36.8816
31.9566
27.0344
22.115
17.1978
12.2827
7.369
2.45623
71.414
66.4757
61.5367
56.5982
51.6614
46.7271
41.7958
36.8679
31.9435
27.0225
22.1046
17.1894
12.2765
7.3652
2.45495
71.412
66.4696
61.527
56.5855
51.6464
46.7106
41.7786
36.8508
31.9273
27.0077
22.0918
17.179
12.2688
7.36049
2.45336
71.4093
66.4619
61.5147
56.5695
51.6276
46.6901
41.7574
36.8298
31.9073
26.9896
22.0761
17.1663
12.2595
7.35479
2.45144
71.406
66.4523
61.4995
56.5497
51.6044
46.6649
41.7314
36.8043
31.8832
26.9678
22.0573
17.1511
12.2483
7.34797
2.44915
71.4019
66.4402
61.4804
56.5251
51.5759
46.6341
41.7
36.7735
31.8543
26.9418
22.035
17.1331
12.2351
7.33993
2.44645
71.3966
66.4249
61.4566
56.4946
51.541
46.5967
41.6621
36.7367
31.82
26.911
22.0087
17.112
12.2196
7.33051
2.44329
71.3899
66.4056
61.4266
56.4568
51.4981
46.5514
41.6166
36.6929
31.7794
26.8748
21.9779
17.0873
12.2017
7.31956
2.43961
71.3812
66.3806
61.3887
56.4096
51.4455
46.4966
41.5622
36.641
31.7317
26.8326
21.9421
17.0588
12.1809
7.30695
2.43539
71.3695
66.348
61.34
56.3506
51.381
46.4305
41.4974
36.58
31.676
26.7836
21.9009
17.0259
12.1571
7.29251
2.43055
71.3534
66.3041
61.2768
56.2762
51.3017
46.3509
41.4208
36.5085
31.6114
26.7272
21.8535
16.9884
12.1299
7.27609
2.42505
71.3296
66.243
61.1934
56.1821
51.2047
46.2558
41.3306
36.4255
31.5371
26.6627
21.7997
16.9459
12.0992
7.25755
2.41885
71.291
66.1545
61.0817
56.063
51.0864
46.1428
41.2255
36.3299
31.4522
26.5894
21.7389
16.8981
12.0648
7.23674
2.4119
71.2188
66.02
60.9306
55.9131
50.944
46.0102
41.1042
36.2208
31.3561
26.507
21.6706
16.8445
12.0263
7.21356
2.40415
71.0558
65.8078
60.728
55.728
50.7755
45.8572
40.9661
36.0976
31.2483
26.4149
21.5947
16.7851
11.9836
7.1879
2.39558
70.6097
65.4771
60.4682
55.5083
50.582
45.684
40.8111
35.9603
31.1286
26.313
21.5109
16.7196
11.9367
7.15968
2.38617
69.7879
65.0588
60.1726
55.2639
50.3673
45.4922
40.6398
35.8087
30.9967
26.201
21.419
16.6479
11.8854
7.12883
2.37588
69.5004
64.7478
59.891
55.0095
50.1364
45.2833
40.4525
35.643
30.8527
26.0789
21.3188
16.5699
11.8295
7.0953
2.3647
69.3641
64.5074
59.625
54.7476
49.8904
45.0577
40.2493
35.4631
30.6964
25.9464
21.2103
16.4854
11.7692
7.05908
2.35262
69.262
64.2832
59.3537
54.4704
49.6259
44.814
40.0295
35.2686
30.5276
25.8036
21.0934
16.3945
11.7043
7.02014
2.33964
69.1371
64.0231
59.0488
54.1646
49.3375
44.55
39.7924
35.0592
30.3463
25.6503
20.9682
16.2972
11.6348
6.97849
2.32576
68.9098
63.6642
58.6796
53.8177
49.0204
44.2638
39.5373
34.8349
30.1525
25.4867
20.8347
16.1936
11.5609
6.93416
2.31099
68.3557
63.1224
58.2236
53.4246
48.6735
43.9556
39.2644
34.5957
29.9463
25.3129
20.6929
16.0836
11.4825
6.88719
2.29534
66.6969
62.3465
57.6968
52.9966
48.3024
43.6277
38.9748
34.3423
29.728
25.1292
20.5432
15.9675
11.3998
6.83764
2.27884
66.1321
61.7767
57.2034
52.5632
47.9164
43.2835
38.6699
34.0754
29.4982
24.9358
20.3857
15.8455
11.3129
6.7856
2.26151
65.8802
61.3566
56.755
52.1329
47.5194
42.9248
38.3506
33.7956
29.2574
24.7333
20.2209
15.7179
11.222
6.73118
2.24339
65.7083
60.989
56.3192
51.6951
47.1081
42.5506
38.0171
33.5033
29.0059
24.5219
20.049
15.5848
11.1273
6.6745
2.22452
65.5135
60.5853
55.8503
51.2303
46.6749
42.1587
37.6689
33.1988
28.7442
24.3023
19.8705
15.4467
11.029
6.6157
2.20495
65.1703
60.0458
55.3
50.7191
46.2133
41.7472
37.3059
32.8825
28.4731
24.0749
19.6858
15.3039
10.9275
6.55495
2.18472
64.3384
59.2415
54.6338
50.1544
45.723
41.3174
36.9296
32.5557
28.1934
23.8406
19.4957
15.1569
10.823
6.49243
2.16392
61.8432
58.096
53.877
49.5551
45.2135
40.874
36.5425
32.2201
27.9064
23.6003
19.3006
15.0062
10.7158
6.42834
2.14259
61.0054
57.2765
53.1903
48.9682
44.7014
40.424
36.1481
31.8776
27.6133
23.3548
19.1015
14.8523
10.6064
6.3629
2.12081
60.6489
56.7037
52.5966
48.411
44.1955
39.9719
35.7491
31.53
27.3154
23.1052
18.8989
14.6957
10.4951
6.29632
2.09865
60.4289
56.2417
52.0561
47.8732
43.6939
39.5183
35.3465
31.1784
27.0138
22.8523
18.6935
14.537
10.3822
6.22881
2.07618
60.2076
55.777
51.5122
47.3319
43.1886
39.061
34.9404
30.8237
26.7094
22.597
18.4861
14.3766
10.2682
6.16059
2.05347
59.8467
55.1959
50.9083
46.7635
42.6712
38.5977
34.5308
30.4664
26.4029
22.3399
18.2773
14.2152
10.1534
6.09189
2.0306
58.9982
54.361
50.2038
46.1575
42.1397
38.1288
34.1187
30.1076
26.0953
22.0819
18.0678
14.0531
10.0381
6.02289
2.00764
56.4738
53.1915
49.4211
45.5305
41.6023
37.6584
33.7063
29.7489
25.7878
21.824
17.8581
13.8909
9.92264
5.9538
1.98463
55.6263
52.3595
48.7204
44.9286
41.0745
37.1928
33.2967
29.3921
25.4816
21.5668
17.649
13.729
9.80739
5.8848
1.96166
55.2679
51.7846
48.1247
44.3687
40.565
36.7361
32.8923
29.0385
25.1776
21.3113
17.441
13.5678
9.69259
5.81605
1.93876
55.0513
51.3309
47.5944
43.841
40.0719
36.2888
32.4939
28.6892
24.8767
21.0579
17.2345
13.4077
9.57848
5.74768
1.91599
54.8402
50.8871
47.0746
43.323
39.5874
35.8489
32.1016
28.3447
24.5794
20.8073
17.03
13.249
9.46523
5.67978
1.89336
54.503
50.3445
46.5112
42.7928
39.1038
35.4142
31.7151
28.0053
24.2862
20.5597
16.8277
13.0917
9.35295
5.61242
1.87091
53.7139
49.5747
45.867
42.2412
38.6198
34.9852
31.3351
27.6716
23.9975
20.3155
16.6278
12.9361
9.24168
5.54562
1.84864
51.3635
48.5039
45.1649
41.6853
38.1439
34.566
30.9638
27.3446
23.7137
20.0747
16.4302
12.7819
9.13135
5.47932
1.82652
50.5867
47.7649
44.5591
41.1714
37.6924
34.1629
30.6034
27.0251
23.435
19.8372
16.2347
12.6292
9.02181
5.41344
1.80453
50.2785
47.2912
44.0787
40.72
37.275
33.7799
30.2552
26.7132
23.1609
19.6026
16.0409
12.4773
8.91278
5.34779
1.78261
50.1256
46.9729
43.6987
40.3273
36.8916
33.4164
29.9184
26.4078
22.8904
19.3699
15.848
12.3259
8.80385
5.28215
1.76069
50.0304
46.7377
43.385
39.9785
36.5345
33.068
29.5897
26.1063
22.6216
19.1375
15.6549
12.174
8.69451
5.21622
1.73866
49.958
46.5431
43.1076
39.6548
36.1922
32.727
29.2638
25.8051
22.3518
18.9037
15.4603
12.0207
8.58416
5.14967
1.71642
49.8927
46.3618
42.8413
39.3368
35.8509
32.3838
28.9341
25.4996
22.0778
18.6662
15.2626
11.8652
8.47215
5.08213
1.69385
49.8244
46.172
42.5628
39.0049
35.4956
32.0277
28.5931
25.1846
21.7961
18.4226
15.0604
11.7062
8.35785
5.01327
1.67086
49.7427
45.9512
42.2477
38.6384
35.1107
31.6476
28.2333
24.8552
21.5034
18.1708
14.852
11.543
8.24071
4.94279
1.64733
49.6307
45.6681
41.8661
38.2142
34.6802
31.2329
27.8478
24.5068
21.1969
17.909
14.6366
11.3748
8.12034
4.87049
1.62322
49.4515
45.2723
41.3793
37.7071
34.1885
30.7743
27.431
24.1361
20.8746
17.6361
14.4134
11.2014
7.99655
4.79627
1.59849
49.1068
44.6767
40.7381
37.0925
33.6236
30.2657
26.9798
23.7418
20.5359
17.3517
14.1823
11.0226
7.86943
4.72021
1.57317
48.292
43.7387
39.8925
36.3543
32.9808
29.7063
26.4948
23.3245
20.1815
17.0568
13.9441
10.8392
7.73934
4.64253
1.54734
11.2296
13.6887
16.148
18.6078
21.0687
23.5321
25.9999
28.4755
30.964
33.4729
36.0136
38.6028
41.265
44.0295
46.8919
11.2033
13.6095
16.015
18.4195
20.8228
23.2251
25.627
28.03
30.4359
32.8473
35.2671
37.6969
40.1319
42.5463
44.8522
11.1772
13.5309
15.8829
18.232
20.5773
22.9178
25.2525
27.5808
29.9014
32.2124
34.5097
36.7846
39.0181
41.1704
43.1634
11.1516
13.4539
15.7533
18.0481
20.3362
22.6156
24.8839
27.1385
29.3756
31.5901
33.7735
35.9124
37.9842
39.9524
41.7623
11.1269
13.3795
15.6282
17.8705
20.1034
22.3239
24.5284
26.7129
28.8718
30.9979
33.0809
35.1062
37.0528
38.8915
40.586
11.1035
13.3089
15.5094
17.7018
19.8825
22.0475
24.1925
26.3121
28.3999
30.4478
32.4451
34.3777
36.2279
37.9736
39.5902
11.0816
13.2429
15.3985
17.5446
19.6768
21.7907
23.8812
25.9424
27.9673
29.9475
31.8728
33.7307
35.5065
37.1834
38.7446
11.0615
13.1825
15.297
17.4008
19.4891
21.5569
23.5987
25.6082
27.5785
29.5012
31.367
33.1648
34.8827
36.5079
38.0281
11.0435
13.1283
15.2061
17.2722
19.3214
21.3485
23.3477
25.3127
27.2364
29.1111
30.9281
32.678
34.3507
35.9362
37.4254
11.0278
13.081
15.1268
17.16
19.1755
21.1676
23.1305
25.0578
26.9427
28.7779
30.5555
32.2672
33.9047
35.4598
36.9253
11.0145
13.041
15.0597
17.0653
19.0525
21.0154
22.9482
24.8446
26.698
28.5015
30.2479
31.9298
33.54
35.0718
36.5192
11.0038
13.0087
15.0055
16.9889
18.9533
20.8929
22.8017
24.6738
26.5025
28.2814
30.0038
31.6631
33.2528
34.7672
36.2011
10.9956
12.9842
14.9646
16.9312
18.8784
20.8006
22.6916
24.5456
26.3561
28.117
29.822
31.465
33.04
34.5419
35.9662
10.9902
12.9678
14.9371
16.8925
18.8284
20.7389
22.6181
24.4601
26.2587
28.0078
29.7015
31.3338
32.8993
34.3932
35.8113
10.9875
12.9596
14.9234
16.8732
18.8033
20.708
22.5813
24.4174
26.21
27.9533
29.6414
31.2685
32.8294
34.3193
35.7343
49.3214
50.1417
50.5203
50.7355
50.8788
50.9844
51.0672
51.1348
51.1916
51.2402
51.2823
51.3193
51.3519
51.381
51.407
51.4303
51.4513
51.4703
51.4874
51.503
51.5171
51.5299
51.5415
51.5521
51.5617
51.5704
51.5783
51.5855
51.592
51.5979
51.6031
51.6079
51.6121
51.6159
51.6192
51.6222
51.6247
51.6269
51.6287
51.6302
51.6314
51.6322
51.6328
51.633
51.6329
51.6326
51.6319
51.6309
51.6296
51.6279
51.626
51.6236
51.6209
51.6178
51.6143
51.6103
51.6058
51.6008
51.5953
51.5892
51.5824
51.575
51.5667
51.5577
51.5477
51.5367
51.5247
51.5115
51.497
51.481
51.4634
51.444
51.4227
51.3991
51.3729
51.344
51.3117
51.2756
51.235
51.1891
51.1368
51.0765
51.006
50.922
50.8191
50.688
50.51
50.2423
49.7716
48.751
46.6427
47.7408
48.4753
48.9897
49.3701
49.6652
49.9027
50.0995
50.266
50.4092
50.5338
50.6433
50.7403
50.8267
50.9041
50.9735
51.0362
51.0928
51.144
51.1904
51.2325
51.2708
51.3055
51.3371
51.3658
51.3918
51.4154
51.4369
51.4562
51.4737
51.4895
51.5037
51.5164
51.5277
51.5377
51.5464
51.554
51.5605
51.566
51.5704
51.5739
51.5765
51.5781
51.5788
51.5786
51.5774
51.5754
51.5724
51.5685
51.5636
51.5577
51.5507
51.5426
51.5333
51.5227
51.5108
51.4975
51.4826
51.4661
51.4478
51.4276
51.4053
51.3807
51.3536
51.3238
51.2911
51.2552
51.2157
51.1723
51.1246
51.0721
51.0142
50.9505
50.8801
50.8023
50.7159
50.6198
50.5125
50.3921
50.2561
50.1013
49.9236
49.7168
49.4725
49.1774
48.8109
48.3382
47.6989
46.7858
45.4204
44.7252
45.8619
46.7456
47.435
47.9826
48.427
48.7953
49.1061
49.3723
49.6031
49.8052
49.9836
50.1422
50.2837
50.4107
50.5249
50.628
50.7212
50.8056
50.8822
50.9517
51.0149
51.0722
51.1244
51.1718
51.2148
51.2539
51.2893
51.3214
51.3503
51.3764
51.3999
51.4208
51.4395
51.456
51.4705
51.4831
51.4939
51.5029
51.5103
51.516
51.5202
51.5229
51.524
51.5237
51.5219
51.5185
51.5136
51.5071
51.499
51.4892
51.4776
51.4642
51.4488
51.4313
51.4117
51.3896
51.365
51.3377
51.3074
51.274
51.2371
51.1964
51.1517
51.1025
51.0484
50.989
50.9237
50.852
50.7732
50.6866
50.5912
50.4862
50.3702
50.2421
50.1001
49.9424
49.7666
49.5697
49.3482
49.0972
48.8106
48.4801
48.0943
47.6369
47.0849
46.4047
45.5481
44.4499
43.0372
43.2141
44.3457
45.2939
46.0831
46.742
47.2969
47.7691
48.1752
48.5278
48.8366
49.1091
49.3509
49.5667
49.76
49.9339
50.0906
50.2323
50.3605
50.4768
50.5824
50.6783
50.7655
50.8448
50.9168
50.9823
51.0419
51.0959
51.1449
51.1892
51.2293
51.2654
51.2978
51.3268
51.3527
51.3755
51.3956
51.413
51.4279
51.4404
51.4506
51.4586
51.4644
51.4681
51.4697
51.4692
51.4667
51.462
51.4552
51.4462
51.435
51.4214
51.4054
51.3868
51.3655
51.3414
51.3141
51.2836
51.2496
51.2118
51.1699
51.1236
51.0725
51.0163
50.9544
50.8863
50.8115
50.7294
50.6393
50.5402
50.4315
50.3119
50.1804
50.0357
49.8762
49.7001
49.5053
49.2893
49.0492
48.7813
48.481
48.1427
47.7593
47.3215
46.8173
46.231
45.542
44.7236
43.7434
42.5654
41.1597
41.9726
43.0919
44.0699
44.9172
45.6497
46.2843
46.8364
47.3196
47.7447
48.1209
48.4553
48.7541
49.0219
49.2627
49.48
49.6763
49.8541
50.0153
50.1617
50.2948
50.4157
50.5258
50.6259
50.7169
50.7997
50.875
50.9433
51.0053
51.0614
51.1121
51.1578
51.1989
51.2356
51.2684
51.2973
51.3227
51.3448
51.3636
51.3795
51.3924
51.4025
51.4098
51.4145
51.4165
51.4159
51.4127
51.4068
51.3982
51.3868
51.3726
51.3554
51.3351
51.3116
51.2846
51.254
51.2195
51.1809
51.1378
51.0899
51.0369
50.9783
50.9136
50.8425
50.7641
50.6781
50.5835
50.4797
50.3658
50.2407
50.1034
49.9526
49.787
49.6048
49.4042
49.1832
48.9392
48.6694
48.3702
48.0377
47.6668
47.2515
46.7845
46.2567
45.657
44.9715
44.1836
43.2741
42.222
41.0076
39.6176
40.9332
42.0403
43.0326
43.9151
44.6968
45.3887
46.0016
46.5459
47.0305
47.4635
47.8514
48.2001
48.5142
48.7978
49.0544
49.287
49.4981
49.6898
49.8641
50.0228
50.1672
50.2986
50.4183
50.5272
50.6263
50.7164
50.7982
50.8724
50.9397
51.0004
51.0552
51.1044
51.1485
51.1877
51.2224
51.2529
51.2793
51.3019
51.3209
51.3364
51.3485
51.3573
51.363
51.3654
51.3647
51.3608
51.3537
51.3434
51.3298
51.3127
51.2921
51.2678
51.2395
51.2072
51.1704
51.1291
51.0827
51.0311
50.9737
50.9101
50.8399
50.7624
50.6771
50.5833
50.4803
50.3671
50.2429
50.1066
49.9571
49.7931
49.6131
49.4156
49.1986
48.9601
48.6977
48.4087
48.0899
47.7376
47.3476
46.9148
46.4331
45.8957
45.2941
44.6185
43.8577
42.9989
42.0284
40.9329
39.7011
38.3267
40.0562
41.1526
42.1518
43.0565
43.872
44.6053
45.2642
45.8564
46.3892
46.8693
47.3025
47.6941
48.0486
48.3701
48.6618
48.927
49.1681
49.3876
49.5875
49.7695
49.9355
50.0866
50.2244
50.3498
50.464
50.5678
50.6622
50.7478
50.8254
50.8955
50.9588
51.0156
51.0665
51.1118
51.1519
51.187
51.2176
51.2437
51.2656
51.2835
51.2975
51.3077
51.3142
51.317
51.3161
51.3117
51.3035
51.2916
51.2758
51.2561
51.2323
51.2042
51.1716
51.1342
51.0918
51.044
50.9905
50.9308
50.8646
50.7912
50.7101
50.6207
50.5223
50.4141
50.2952
50.1648
50.0216
49.8647
49.6926
49.504
49.2972
49.0704
48.8216
48.5487
48.2489
47.9194
47.5569
47.1578
46.7175
46.2313
45.6935
45.0977
44.4363
43.7013
42.8836
41.9735
40.9614
39.8386
38.5985
37.2378
39.3162
40.4034
41.4059
42.325
43.164
43.9275
44.6212
45.2508
45.8222
46.3409
46.8119
47.2399
47.6292
47.9834
48.3059
48.5998
48.8677
49.1119
49.3347
49.5379
49.7233
49.8923
50.0465
50.1869
50.3148
50.4312
50.5371
50.6331
50.7201
50.7988
50.8698
50.9336
50.9907
51.0416
51.0866
51.1261
51.1604
51.1897
51.2144
51.2344
51.2502
51.2616
51.2689
51.272
51.2711
51.2661
51.2569
51.2435
51.2258
51.2037
51.1769
51.1453
51.1087
51.0667
51.0191
50.9654
50.9053
50.8384
50.764
50.6816
50.5906
50.4903
50.3798
50.2585
50.1252
49.9789
49.8186
49.6428
49.4502
49.2393
49.0082
48.7552
48.4779
48.1741
47.8411
47.4759
47.0752
46.6353
46.152
45.6207
45.036
44.3923
43.6831
42.9017
42.0409
41.0934
40.0524
38.912
37.6681
36.3191
38.6954
39.7751
40.7789
41.7075
42.5631
43.3489
44.069
44.7277
45.3297
45.8796
46.3816
46.84
47.2585
47.6407
47.9896
48.3084
48.5995
48.8655
49.1084
49.3303
49.5329
49.7178
49.8865
50.0404
50.1806
50.3082
50.4242
50.5296
50.6251
50.7115
50.7894
50.8595
50.9222
50.9781
51.0275
51.0709
51.1086
51.1408
51.1678
51.1899
51.2072
51.2198
51.2278
51.2312
51.2302
51.2247
51.2146
51.1999
51.1804
51.1561
51.1267
51.092
51.0518
51.0056
50.9533
50.8944
50.8284
50.7548
50.6731
50.5826
50.4827
50.3726
50.2514
50.1182
49.972
49.8117
49.6359
49.4434
49.2326
49.0019
48.7494
48.4731
48.1707
47.84
47.478
47.0819
46.6484
46.1738
45.6542
45.0851
44.462
43.7796
43.0325
42.2151
41.3216
40.3466
39.2851
38.133
36.8878
35.5484
38.1813
39.2547
40.2587
41.1938
42.0613
42.8636
43.6035
44.2847
44.9108
45.4855
46.0127
46.4959
46.9386
47.3441
47.7153
48.0551
48.3661
48.6506
48.9108
49.1487
49.3662
49.5648
49.7462
49.9117
50.0626
50.2
50.325
50.4386
50.5415
50.6346
50.7186
50.7941
50.8618
50.922
50.9753
51.0221
51.0628
51.0975
51.1267
51.1505
51.1692
51.1827
51.1914
51.1951
51.194
51.188
51.1772
51.1613
51.1403
51.1141
51.0823
51.0449
51.0015
50.9517
50.8953
50.8317
50.7605
50.6811
50.593
50.4955
50.3878
50.2691
50.1385
49.995
49.8375
49.6649
49.4757
49.2686
49.042
48.7941
48.523
48.2267
47.9029
47.549
47.1624
46.7402
46.279
45.7755
45.2258
44.626
43.9717
43.2584
42.4816
41.6364
40.7183
39.723
38.6469
37.487
36.2415
34.9102
37.7644
38.8328
39.8366
40.7761
41.6521
42.4664
43.2213
43.9196
44.5642
45.1585
45.7055
46.2085
46.6707
47.0951
47.4845
47.8417
48.169
48.4689
48.7435
48.9949
49.2248
49.435
49.6271
49.8024
49.9623
50.108
50.2406
50.361
50.4702
50.569
50.6582
50.7384
50.8102
50.8741
50.9308
50.9805
51.0236
51.0606
51.0916
51.1168
51.1366
51.151
51.1602
51.1642
51.163
51.1567
51.1451
51.1282
51.106
51.0781
51.0444
51.0046
50.9585
50.9057
50.8457
50.7782
50.7026
50.6183
50.5248
50.4212
50.3069
50.1809
50.0424
49.8902
49.7232
49.5401
49.3396
49.1202
48.8803
48.618
48.3313
48.0183
47.6765
47.3035
46.8966
46.4528
45.9691
45.442
44.8682
44.2437
43.5648
42.8274
42.0275
41.1612
40.2247
39.2145
38.1279
36.9627
35.7177
34.3929
37.4381
38.5025
39.5059
40.4483
41.3304
42.1534
42.9193
43.6302
44.2888
44.8978
45.46
45.9784
46.4558
46.895
47.2987
47.6695
48.0098
48.322
48.6081
48.8702
49.1102
49.3297
49.5303
49.7136
49.8808
50.0332
50.1718
50.2979
50.4122
50.5156
50.609
50.6929
50.7681
50.8351
50.8944
50.9464
50.9916
51.0303
51.0628
51.0893
51.11
51.1251
51.1347
51.1389
51.1377
51.131
51.1189
51.1012
51.0779
51.0487
51.0134
50.9717
50.9234
50.8681
50.8053
50.7346
50.6554
50.5671
50.4692
50.3607
50.241
50.1092
49.9641
49.8049
49.6301
49.4387
49.2291
48.9998
48.7491
48.4751
48.176
47.8496
47.4935
47.1052
46.6821
46.2213
45.7198
45.1744
44.5817
43.9383
43.2406
42.4849
41.6678
40.7857
39.8357
38.8147
37.7207
36.552
35.3077
33.9879
37.1974
38.2588
39.2618
40.2061
41.0922
41.9214
42.6949
43.4149
44.0834
44.703
45.2762
45.8057
46.2942
46.7443
47.1586
47.5395
47.8895
48.2109
48.5056
48.7758
49.0233
49.2498
49.4569
49.6462
49.8189
49.9763
50.1196
50.2499
50.368
50.475
50.5715
50.6583
50.7361
50.8054
50.8667
50.9205
50.9673
51.0073
51.0409
51.0683
51.0897
51.1054
51.1153
51.1196
51.1183
51.1114
51.0989
51.0806
51.0565
51.0263
50.9898
50.9467
50.8967
50.8394
50.7745
50.7013
50.6194
50.5282
50.4269
50.3147
50.191
50.0546
49.9047
49.7401
49.5595
49.3617
49.1452
48.9084
48.6496
48.3669
48.0584
47.7219
47.3551
46.9554
46.5203
46.0469
45.5323
44.9733
44.3669
43.7096
42.9982
42.2294
41.3999
40.5068
39.5473
38.5189
37.4199
36.2488
35.0052
33.6891
37.0387
38.0982
39.1008
40.0463
40.935
41.7679
42.5464
43.272
43.947
44.5734
45.1538
45.6906
46.1863
46.6436
47.0649
47.4525
47.809
48.1364
48.4369
48.7125
48.965
49.1961
49.4076
49.6008
49.7772
49.9381
50.0845
50.2176
50.3383
50.4476
50.5463
50.635
50.7145
50.7853
50.848
50.9031
50.9509
50.9918
51.0261
51.0541
51.0761
51.092
51.1022
51.1066
51.1053
51.0982
51.0854
51.0668
51.0421
51.0112
50.9738
50.9298
50.8787
50.8202
50.7537
50.679
50.5952
50.5019
50.3984
50.2838
50.1573
50.0179
49.8647
49.6965
49.512
49.3099
49.0888
48.8469
48.5827
48.2943
47.9795
47.6363
47.2623
46.855
46.4119
45.9302
45.4069
44.8391
44.2236
43.5573
42.8371
42.0598
41.2224
40.3222
39.3566
38.3236
37.2214
36.0489
34.8058
33.4921
36.9599
38.0185
39.0209
39.9669
40.8568
41.6916
42.4724
43.2009
43.879
44.5088
45.0927
45.633
46.1324
46.5932
47.0179
47.4089
47.7686
48.099
48.4024
48.6806
48.9357
49.1692
49.3828
49.5781
49.7563
49.9188
50.0668
50.2013
50.3234
50.4339
50.5336
50.6233
50.7036
50.7752
50.8386
50.8943
50.9426
50.984
51.0187
51.047
51.0692
51.0853
51.0956
51.1
51.0987
51.0916
51.0787
51.0598
51.0348
51.0036
50.9658
50.9213
50.8696
50.8104
50.7433
50.6677
50.5831
50.4887
50.384
50.2682
50.1403
49.9995
49.8446
49.6746
49.4881
49.2839
49.0604
48.8161
48.5492
48.2578
47.9399
47.5933
47.2157
46.8047
46.3577
45.8718
45.3442
44.7719
44.152
43.4813
42.7566
41.9752
41.1339
40.2302
39.2617
38.2264
37.1227
35.9497
34.7068
33.3943
45.7279
42.1657
38.7261
35.4153
32.1973
29.0422
25.9291
22.844
19.7773
16.7227
13.6756
10.6333
7.59373
4.55573
1.5185
43.1934
40.3256
37.3234
34.2969
31.2786
28.2745
25.283
22.3005
19.3237
16.35
13.3776
10.4055
7.43305
4.4601
1.48675
41.0957
38.6185
35.9438
33.1692
30.3444
27.4934
24.6271
21.7506
18.8663
15.9754
13.0789
10.1777
7.27262
4.36473
1.4551
39.356
37.1075
34.6629
32.0903
29.4355
26.7266
23.9806
21.2078
18.4147
15.6058
12.7845
9.95335
7.11477
4.27094
1.42399
37.8956
35.7915
33.5087
31.0926
28.5797
25.996
23.36
20.6844
17.9783
15.2482
12.4994
9.73611
6.96191
4.18013
1.39387
36.6595
34.6529
32.4865
30.1909
27.7935
25.3168
22.7782
20.1909
17.5651
14.9089
12.2285
9.52942
6.81639
4.09365
1.36518
35.6101
33.6729
31.5924
29.3897
27.0857
24.6986
22.2442
19.7352
17.1819
14.593
11.9758
9.33638
6.68035
4.01276
1.33834
34.721
32.8352
30.8194
28.689
26.4598
24.147
21.7642
19.323
16.8337
14.3051
11.7448
9.15962
6.55564
3.93855
1.3137
33.9731
32.1262
30.1599
28.0859
25.9167
23.6647
21.3416
18.9582
16.5243
14.0484
11.5384
9.00133
6.44382
3.87195
1.29159
33.3526
31.5353
29.6071
27.5772
25.4555
23.2525
20.9786
18.6434
16.2562
13.8253
11.3585
8.86321
6.34612
3.81373
1.27225
32.8488
31.0542
29.1552
27.1592
25.0747
22.9106
20.6761
18.3801
16.0312
13.6375
11.2069
8.74655
6.26351
3.76446
1.25587
32.4541
30.6764
28.7992
26.8288
24.7725
22.6383
20.4343
18.169
15.8503
13.4863
11.0845
8.65229
6.1967
3.72459
1.24262
32.1626
30.397
28.5354
26.5834
24.5474
22.4349
20.2533
18.0105
15.7143
13.3724
10.9922
8.5811
6.1462
3.69443
1.23259
31.9705
30.2126
28.3611
26.4209
24.3982
22.2997
20.1328
17.9049
15.6235
13.2962
10.9304
8.53343
6.11236
3.67422
1.22587
31.875
30.121
28.2743
26.34
24.3237
22.2323
20.0726
17.8521
15.5781
13.2581
10.8995
8.50953
6.09539
3.66408
1.2225
)
;

boundaryField
{
    hot
    {
        type            fixedValue;
        value           uniform 10;
    }
    cold
    {
        type            fixedValue;
        value           uniform 0;
    }
    interface_left
    {
        type            fixedValue;
        value           nonuniform List<scalar> 
90
(
44.977
44.977
44.977
44.977
44.977
44.977
44.977
44.977
44.977
55.9194
55.9194
55.9194
55.9194
55.9194
55.9194
55.9194
63.6949
63.6949
63.6949
63.6949
63.6949
63.6949
68.7656
68.7656
68.7656
68.7656
68.7656
68.7656
68.7656
71.7137
71.7137
71.7137
71.7137
71.7137
71.7137
71.7137
73.4224
73.4224
73.4224
73.4224
73.4224
73.4224
73.4224
73.416
73.416
73.416
73.416
73.416
73.416
71.7382
71.7382
71.7382
71.7382
71.7382
71.7382
71.7382
68.0568
68.0568
68.0568
68.0568
68.0568
68.0568
68.0568
62.4984
62.4984
62.4984
62.4984
62.4984
62.4984
62.4984
56.8857
56.8857
56.8857
56.8857
56.8857
56.8857
56.8857
51.6415
51.6415
51.6415
51.6415
51.6415
51.6415
51.6415
51.6415
51.6415
51.6415
51.6415
51.6415
51.6415
)
;
    }
    interface_right
    {
        type            fixedValue;
        value           nonuniform List<scalar> 
90
(
73.8529
73.8529
73.8529
73.8529
73.8529
73.8529
73.8529
73.8529
73.8529
73.8529
73.8529
73.8529
73.8529
73.8529
73.8529
73.8529
73.8529
73.8529
73.8529
73.8529
73.8529
73.8529
73.8529
73.8529
73.8529
73.8529
73.8529
73.8529
73.8529
73.8529
73.8529
73.8529
73.8529
73.8529
73.8529
73.8529
73.8529
73.8529
73.8529
73.8529
73.8529
73.8529
73.8529
73.8529
73.8529
73.8529
73.8529
73.8529
73.416
71.7382
71.7382
71.7382
71.7382
71.7382
71.7382
71.7382
68.0568
68.0568
68.0568
68.0568
68.0568
68.0568
68.0568
62.4984
62.4984
62.4984
62.4984
62.4984
62.4984
62.4984
56.8857
56.8857
56.8857
56.8857
56.8857
56.8857
56.8857
51.6415
51.6415
51.6415
51.6415
51.6415
51.6415
51.6415
51.6415
51.6415
51.6415
51.6415
51.6415
51.6415
)
;
    }
    interface_top
    {
        type            fixedValue;
        value           uniform 51.6415;
    }
    interface_bottom
    {
        type            fixedValue;
        value           nonuniform List<scalar> 
90
(
44.977
44.977
44.977
44.977
44.977
44.977
44.977
44.977
44.977
44.977
44.977
44.977
44.977
44.977
44.977
44.977
44.977
44.977
44.977
44.977
44.977
44.977
44.977
44.977
44.977
44.977
44.977
44.977
44.977
44.977
44.977
44.977
51.7289
51.7289
51.7289
51.7289
51.7289
51.7289
51.7289
51.7289
51.7289
51.7289
51.7289
61.4535
61.4535
61.4535
61.4535
61.4535
61.4535
61.4535
61.4535
61.4535
61.4535
61.4535
61.4535
61.4535
68.0925
68.0925
68.0925
68.0925
68.0925
68.0925
68.0925
68.0925
68.0925
68.0925
68.0925
68.0925
68.0925
68.0925
72.6418
72.6418
72.6418
72.6418
72.6418
72.6418
72.6418
72.6418
72.6418
72.6418
72.6418
72.6418
72.6418
73.8529
73.8529
73.8529
73.8529
73.8529
73.8529
73.8529
)
;
    }
    defaultFaces
    {
        type            empty;
    }
}


// ************************************************************************* //
