/*--------------------------------*- C++ -*----------------------------------*\
| =========                 |                                                 |
| \\      /  F ield         | OpenFOAM: The Open Source CFD Toolbox           |
|  \\    /   O peration     | Version:  5.x                                   |
|   \\  /    A nd           | Web:      www.OpenFOAM.org                      |
|    \\/     M anipulation  |                                                 |
\*---------------------------------------------------------------------------*/
FoamFile
{
    version     2.0;
    format      ascii;
    class       volScalarField;
    location    "6";
    object      gradTx;
}
// * * * * * * * * * * * * * * * * * * * * * * * * * * * * * * * * * * * * * //

dimensions      [0 -1 0 1 0 0 0];

internalField   nonuniform List<scalar> 
6300
(
953.569
950.819
945.312
937.032
925.963
912.089
895.402
875.91
853.648
828.69
801.16
771.249
739.217
705.403
670.218
956.265
953.522
948.029
939.767
928.715
914.85
898.156
878.63
856.295
831.213
803.496
773.325
740.957
706.734
671.079
961.647
958.922
953.46
945.238
934.226
920.388
903.69
884.108
861.641
836.323
808.241
777.554
744.509
709.455
672.84
969.699
967.003
961.595
953.446
942.509
928.732
912.055
892.421
869.789
844.149
815.544
784.096
750.03
713.699
675.589
980.39
977.74
972.418
964.385
953.58
939.924
923.325
903.681
880.896
854.892
825.644
793.21
757.771
719.679
679.471
993.677
991.092
985.897
978.041
967.445
954.005
937.586
918.031
895.169
868.831
838.884
805.281
768.123
727.735
684.715
1009.49
1007
1001.98
994.38
984.101
971.009
954.929
935.636
912.867
886.328
855.732
820.859
781.661
738.381
691.676
1027.74
1025.37
1020.59
1013.34
1003.51
990.948
975.428
956.664
934.282
907.832
876.805
840.716
799.234
752.409
700.914
1048.3
1046.08
1041.61
1034.83
1025.61
1013.78
999.117
981.253
959.712
933.858
902.891
865.915
822.105
771.064
713.334
1071.03
1068.99
1064.9
1058.68
1050.24
1039.41
1025.94
1009.46
989.4
964.94
934.934
897.897
852.158
796.364
730.48
1095.72
1093.9
1090.24
1084.7
1077.2
1067.61
1055.73
1041.19
1023.43
1001.51
973.954
938.529
892.217
831.709
755.155
1122.17
1120.59
1117.41
1112.62
1106.19
1098.05
1088.1
1076.08
1061.56
1043.67
1020.78
989.994
946.423
883.055
792.929
1150.15
1148.8
1146.12
1142.12
1136.82
1130.26
1122.46
1113.41
1103
1090.75
1075.46
1054.18
1020.37
961.104
856.221
1179.4
1178.29
1176.09
1172.84
1168.64
1163.63
1158
1152.06
1146.19
1140.82
1136.08
1130.84
1119.72
1084.71
977.003
1209.71
1208.8
1207.03
1204.46
1201.22
1197.54
1193.79
1190.56
1188.84
1190.19
1197.12
1213.33
1242.88
1280.95
1252.72
637.19
606.822
576.459
546.403
516.942
488.338
460.826
434.602
409.827
386.627
365.089
345.272
327.207
310.901
296.341
283.499
272.33
262.782
254.788
248.274
243.153
239.331
236.701
235.145
234.534
234.73
235.586
236.947
238.659
240.571
242.54
244.437
246.15
247.585
248.664
249.325
249.514
249.184
248.289
246.786
244.635
241.802
238.264
234.012
229.054
223.414
217.127
210.237
202.785
194.809
186.333
177.366
167.903
157.928
147.412
136.323
124.628
112.297
99.2991
85.6091
71.1985
56.0342
40.0743
23.2646
5.53661
-13.1923
-33.0181
-54.047
-76.3916
-100.166
-125.484
-152.45
-181.163
-211.71
-244.166
-278.593
-315.038
-353.531
-394.082
-436.672
-481.25
-527.726
-575.962
-625.768
-676.897
-729.044
-781.849
-834.905
-887.769
-939.98
637.587
606.781
575.985
545.517
515.677
486.74
458.944
432.49
407.538
384.21
362.59
342.73
324.656
308.369
293.852
281.071
269.983
260.529
252.644
246.253
241.271
237.602
235.141
233.771
233.361
233.769
234.845
236.429
238.359
240.476
242.631
244.69
246.539
248.084
249.255
249.992
250.25
249.985
249.153
247.708
245.606
242.806
239.281
235.018
230.026
224.334
217.987
211.035
203.532
195.521
187.031
178.072
168.636
158.7
148.231
137.19
125.541
113.251
100.293
86.6441
72.2819
57.1789
41.2979
24.5874
6.97958
-11.6102
-31.2821
-52.1478
-74.3262
-97.9382
-123.101
-149.926
-178.512
-208.949
-241.313
-275.67
-312.07
-350.549
-391.123
-433.784
-478.491
-525.163
-573.67
-623.83
-675.395
-728.058
-781.447
-835.137
-888.665
-941.54
638.392
606.689
575.006
543.695
513.084
483.47
455.103
428.19
402.889
379.312
357.535
337.598
319.513
303.27
288.844
276.192
265.265
256.002
248.335
242.19
237.483
234.121
231.999
231.001
230.995
231.836
233.361
235.401
237.778
240.316
242.85
245.235
247.352
249.113
250.456
251.338
251.728
251.591
250.888
249.566
247.57
244.845
241.349
237.062
231.996
226.19
219.706
212.619
205.002
196.915
188.396
179.456
170.081
160.234
149.867
138.929
127.372
115.163
102.278
88.7036
74.4301
59.4431
43.7157
27.203
9.83829
-8.46747
-27.8233
-48.3534
-70.1907
-93.4691
-118.317
-144.854
-173.184
-203.398
-235.577
-269.788
-306.09
-344.529
-385.138
-427.926
-472.875
-519.926
-568.969
-619.833
-672.278
-725.986
-780.567
-835.56
-890.451
-944.695
639.645
606.533
573.46
540.832
509.028
478.375
449.144
421.546
395.732
371.802
349.811
329.778
311.697
295.54
281.263
268.815
258.136
249.162
241.822
236.044
231.746
228.841
227.227
226.791
227.4
228.903
231.125
233.877
236.953
240.149
243.271
246.152
248.666
250.732
252.308
253.383
253.952
254.002
253.5
252.384
250.573
247.983
244.543
240.219
235.021
229.011
222.284
214.957
207.14
198.924
190.36
181.461
172.197
162.509
152.32
141.551
130.14
118.045
105.252
91.7671
77.6039
62.772
47.2638
31.046
14.0535
-3.81023
-22.6702
-42.6725
-63.9743
-86.7327
-111.095
-137.191
-165.131
-195.007
-226.899
-260.879
-297.014
-335.366
-375.992
-418.934
-464.207
-511.792
-561.614
-613.527
-667.304
-722.622
-779.056
-836.088
-893.126
-949.526
641.405
606.287
571.238
536.754
503.283
471.204
440.809
412.309
385.841
361.479
339.246
319.131
301.095
285.084
271.034
258.876
248.539
239.953
233.048
227.752
223.992
221.687
220.747
221.064
222.508
224.921
228.116
231.872
235.944
240.076
244.026
247.586
250.615
253.043
254.871
256.143
256.909
257.197
256.984
256.19
254.688
252.333
249.001
244.621
239.207
232.853
225.718
217.989
209.845
201.423
192.799
183.983
174.918
165.5
155.601
145.094
133.886
121.927
109.22
95.8043
81.7384
67.0731
51.8335
36.0046
19.5246
2.28381
-15.869
-35.116
-55.6548
-77.6803
-101.368
-126.863
-154.279
-183.701
-215.202
-248.852
-284.726
-322.909
-363.49
-406.558
-452.186
-500.41
-551.215
-604.504
-660.077
-717.61
-776.639
-836.566
-896.672
-956.164
643.764
605.906
568.168
531.183
495.507
461.579
429.716
400.12
372.895
348.068
325.613
305.471
287.56
271.789
258.065
246.299
236.406
228.311
221.943
217.237
214.13
212.558
212.446
213.702
216.207
219.804
224.287
229.4
234.836
240.256
245.329
249.774
253.415
256.206
258.224
259.617
260.543
261.103
261.294
261.002
260.017
258.08
254.955
250.503
244.735
237.809
229.996
221.61
212.94
204.202
195.508
186.855
178.139
169.178
159.749
149.643
138.707
126.882
114.203
100.775
86.7335
72.1994
57.2506
41.9009
26.0918
9.69292
-7.48932
-25.6957
-45.1898
-66.2283
-89.0311
-113.762
-140.527
-169.389
-200.398
-233.607
-269.098
-306.978
-347.386
-390.475
-436.399
-485.285
-537.21
-592.16
-649.994
-710.405
-772.89
-836.741
-901.056
-964.807
646.865
605.318
563.979
523.698
485.183
448.952
415.334
384.494
356.472
331.218
308.631
288.581
270.927
255.53
242.263
231.01
221.673
214.169
208.432
204.406
202.047
201.315
202.163
204.53
208.322
213.397
219.541
226.453
233.737
240.925
247.523
253.107
257.426
260.471
262.462
263.752
264.694
265.525
266.286
266.802
266.706
265.525
262.806
258.271
251.918
244.031
235.09
225.63
216.125
206.911
198.147
189.809
181.706
173.521
164.868
155.38
144.803
133.061
120.26
106.627
92.4349
77.9209
63.2438
48.4583
33.5085
18.2313
2.3673
-14.4176
-32.4964
-52.2301
-73.9113
-97.7241
-123.744
-151.977
-182.411
-215.064
-250.011
-287.391
-327.402
-370.289
-416.321
-465.758
-518.82
-575.631
-636.164
-700.175
-767.136
-836.201
-906.206
-975.75
650.93
604.393
558.231
513.641
471.543
432.538
396.928
364.789
336.04
310.508
287.978
268.224
251.027
236.192
223.547
212.95
204.288
197.473
192.444
189.163
187.612
187.786
189.683
193.295
198.58
205.441
213.679
222.957
232.767
242.43
251.164
258.251
263.261
266.241
267.697
268.375
268.994
270.035
271.618
273.469
274.945
275.17
273.262
268.645
261.297
251.762
240.921
229.703
218.881
208.963
200.164
192.415
185.385
178.531
171.181
162.678
152.572
140.762
127.508
113.282
98.5964
83.8753
69.3917
55.2515
41.3968
27.6154
13.5516
-1.27371
-17.4164
-35.423
-55.7159
-78.5006
-103.767
-131.384
-161.217
-193.206
-227.407
-263.997
-303.257
-345.555
-391.314
-440.986
-495.001
-553.71
-617.293
-685.657
-758.312
-834.264
-911.971
-989.441
656.307
602.894
550.191
499.963
453.423
411.21
373.505
340.185
310.957
285.458
263.312
244.167
227.712
213.685
201.869
192.093
184.231
178.193
173.929
171.42
170.684
171.764
174.724
179.638
186.561
195.491
206.307
218.684
231.998
245.259
257.165
266.371
272.006
274.193
274.038
273.07
272.674
273.75
276.555
280.662
284.975
287.875
287.607
282.938
273.813
261.364
247.283
233.197
220.326
209.394
200.662
193.977
188.803
184.248
179.145
172.28
162.786
150.538
136.151
120.594
104.806
89.485
75.0438
61.6328
49.1791
37.4067
25.8337
13.7691
0.35069
-15.3197
-33.9275
-55.6972
-80.3968
-107.593
-136.907
-168.148
-201.349
-236.741
-274.721
-315.815
-360.652
-409.934
-464.397
-524.738
-591.503
-664.924
-744.701
-829.752
-918.029
-1006.56
663.568
600.339
538.558
480.947
429.046
383.366
343.745
309.668
280.49
255.566
234.309
216.221
200.889
187.981
177.24
168.471
161.537
156.351
152.875
151.116
151.132
153.024
156.944
163.079
171.641
182.814
196.677
213.053
231.292
250.027
267.043
279.622
285.701
285.506
281.537
276.927
274.224
274.96
279.603
287.545
297.026
305.131
308.275
303.635
291.104
273.303
253.642
234.932
218.968
206.647
198.203
193.355
191.323
190.747
189.64
185.659
176.961
163.389
146.473
128.236
110.338
93.8251
79.2104
66.6341
55.98
46.9109
38.8244
30.7626
21.3627
9.01647
-7.58176
-28.6697
-53.4249
-80.7455
-109.812
-140.258
-172.122
-205.745
-241.685
-280.667
-323.566
-371.398
-425.303
-486.487
-556.096
-635.002
-723.454
-820.551
-923.668
-1028.2
673.696
595.661
520.891
453.681
395.682
346.771
305.977
272.074
243.879
220.374
200.731
184.296
170.563
159.147
149.762
142.198
136.317
132.038
129.338
128.25
128.868
131.358
135.964
143.019
152.951
166.255
183.418
204.726
229.863
257.257
283.299
302.216
308.419
302.24
289.948
278.023
270.807
270.533
277.888
292.199
311.045
329.516
340.138
335.68
315.972
287.909
258.621
232.702
212.354
198.309
190.556
188.667
191.739
198.002
204.266
205.825
198.146
181.048
158.693
135.386
113.872
95.428
80.4387
68.8652
60.4971
54.9995
51.7793
49.6834
46.6187
39.4773
25.2318
3.64252
-22.7539
-51.377
-80.7233
-110.317
-140.352
-171.401
-204.253
-239.862
-279.358
-324.096
-375.702
-436.076
-507.271
-591.301
-689.717
-802.639
-927.223
-1056.18
688.516
586.243
492.304
413.127
349.209
298.471
258.276
226.248
200.501
179.609
162.521
148.468
136.89
127.381
119.651
113.495
108.783
105.446
103.473
102.918
103.903
106.639
111.449
118.811
129.397
144.129
164.183
190.874
225.172
266.423
309.8
343.104
348.951
327.763
297.813
272.328
257.379
255.107
266.143
290.31
325.59
365.187
393.703
389.668
352.858
304.263
258.739
222.439
196.654
180.903
174.458
176.829
187.553
205.245
225.658
239.284
232.885
206.272
172.275
139.948
112.98
92.0538
76.7462
66.4791
60.8794
59.8074
63.1147
69.999
77.7448
80.1687
68.6214
42.879
11.1272
-20.9623
-51.2721
-79.7311
-107.112
-134.447
-162.838
-193.445
-227.586
-266.882
-313.452
-370.056
-439.934
-526.853
-635.053
-767.894
-924.438
-1093.77
711.742
564.785
442.431
350.581
283.735
234.971
198.793
171.365
150.121
133.357
119.931
109.066
100.229
93.0481
87.2649
82.7059
79.2624
76.8813
75.5628
75.364
76.4117
78.9249
83.2551
89.9516
99.8682
114.331
135.382
166.061
210.454
272.516
350.793
423.513
428.395
365.886
299.237
251.447
225.685
220.507
235.475
272.404
333.904
416.801
494.121
490.836
406.697
316.183
245.563
197.023
166.497
150.089
145.657
152.953
173.325
208.561
256.817
301.567
296.726
242.117
183.447
136.788
103.381
80.5857
65.7925
57.3699
54.7404
58.3076
69.2977
89.0724
116.533
140.977
132.451
90.7696
45.4963
6.89291
-24.4818
-50.6924
-73.9292
-95.9666
-118.219
-141.928
-168.375
-199.175
-236.734
-284.898
-348.035
-431.729
-544.872
-698.979
-903.19
-1147.44
751.639
507.876
348.605
252.005
192.205
153.336
126.701
107.567
93.2807
82.2898
73.6443
66.7397
61.1791
56.6963
53.1115
50.3061
48.2077
46.7829
46.0356
46.0108
46.8056
48.5906
51.6494
56.4511
63.7875
75.0399
92.7115
121.493
170.283
255.246
399.768
601.588
604.864
409.951
273.489
198.833
164.341
156.885
173.172
219.105
311.392
476.426
710.587
708.414
469.7
299.438
200.583
145.657
116.001
102.025
99.963
110.241
137.684
193.119
293.012
435.248
432.22
283.799
177.317
114.539
78.4998
57.5909
45.6628
39.9166
39.6768
46.117
62.8293
97.0757
159.662
249.258
244.022
143.83
70.2608
24.3405
-5.1246
-25.9319
-42.468
-57.1692
-71.4959
-86.455
-102.886
-121.719
-144.726
-178.158
-226.512
-294.174
-395.673
-557.877
-824.246
-1231.26
827.273
329.264
164.517
100.42
70.5243
54.0756
43.7988
36.7811
31.6902
27.8409
24.8468
22.4738
20.5734
19.048
17.8327
16.8854
16.1804
15.7065
15.4656
15.4749
15.7712
16.4195
17.5311
19.2976
22.0645
26.5016
34.0383
48.1039
78.0146
152.201
366.213
1065.54
1066.7
369.826
158.725
88.3749
64.0573
59.0645
68.1729
99.0472
184.11
436.486
1267.34
1266.58
434.112
179.853
92.3377
57.8962
42.9192
36.8
36.4957
42.8042
61.7311
113.648
268.219
778.093
777.061
265.077
108.245
53.7831
31.8267
21.6614
16.6298
14.5329
14.9927
19.1335
31.1098
64.2659
163.894
494.088
492.321
158.551
55.2091
18.0929
1.76681
-7.31937
-13.6454
-18.907
-23.8564
-28.8555
-33.9302
-38.2413
-37.6894
-49.9141
-77.1664
-107.876
-159.035
-266.741
-542.737
-1377.02
-996.037
-1055.04
-1111.05
-1163.48
-1211.88
-1255.93
-1295.44
-1330.32
-1360.56
-1386.22
-1407.38
-1424.16
-1436.63
-1444.9
-1449.01
-998.295
-1057.99
-1114.58
-1167.45
-1216.17
-1260.41
-1300
-1334.88
-1365.07
-1390.65
-1411.71
-1428.38
-1440.77
-1448.97
-1453.06
-1002.88
-1063.99
-1121.75
-1175.53
-1224.87
-1269.47
-1309.21
-1344.08
-1374.14
-1399.51
-1420.35
-1436.81
-1449.02
-1457.09
-1461.11
-1009.97
-1073.28
-1132.86
-1187.99
-1238.23
-1283.33
-1323.24
-1358.01
-1387.82
-1412.84
-1433.31
-1449.42
-1461.33
-1469.2
-1473.11
-1019.83
-1086.26
-1148.33
-1205.29
-1256.67
-1302.33
-1342.32
-1376.85
-1406.2
-1430.67
-1450.56
-1466.14
-1477.62
-1485.18
-1488.94
-1032.9
-1103.52
-1168.88
-1228.09
-1280.77
-1326.92
-1366.79
-1400.79
-1429.38
-1453
-1472.05
-1486.88
-1497.76
-1504.91
-1508.45
-1049.82
-1126
-1195.5
-1257.36
-1311.34
-1357.72
-1397.07
-1430.08
-1457.46
-1479.81
-1497.68
-1511.49
-1521.57
-1528.16
-1531.42
-1071.61
-1155.11
-1229.71
-1294.45
-1349.44
-1395.47
-1433.6
-1464.94
-1490.48
-1511.04
-1527.3
-1539.75
-1548.79
-1554.68
-1557.58
-1099.92
-1193.05
-1273.73
-1341.22
-1396.44
-1441.05
-1476.87
-1505.53
-1528.39
-1546.5
-1560.63
-1571.35
-1579.09
-1584.1
-1586.56
-1137.48
-1243.37
-1330.86
-1400.2
-1453.98
-1495.35
-1527.22
-1551.85
-1570.99
-1585.85
-1597.28
-1605.87
-1612.02
-1615.99
-1617.93
-1189.22
-1312.02
-1406.07
-1474.69
-1523.84
-1559.09
-1584.69
-1603.6
-1617.79
-1628.55
-1636.69
-1642.75
-1647.05
-1649.82
-1651.18
-1264.79
-1409.36
-1506.63
-1568.56
-1607.52
-1632.4
-1648.79
-1659.99
-1667.95
-1673.78
-1678.1
-1681.28
-1683.54
-1684.99
-1685.7
-1385.46
-1553.92
-1642.46
-1685.33
-1705.2
-1714.12
-1717.97
-1719.55
-1720.17
-1720.42
-1720.56
-1720.66
-1720.74
-1720.81
-1720.84
-1605.53
-1778.34
-1823.85
-1825.02
-1813.77
-1800.81
-1789.33
-1779.97
-1772.67
-1767.11
-1762.97
-1759.96
-1757.88
-1756.58
-1755.95
-2089.45
-2130
-2049.47
-1977.03
-1923.96
-1885.95
-1858.44
-1838.27
-1823.34
-1812.29
-1804.14
-1798.25
-1794.16
-1791.58
-1790.33
1238.26
1237.51
1236.06
1233.98
1231.42
1228.63
1226.05
1224.42
1225.04
1230.27
1244.49
1276.65
1347.92
1521.53
2043.48
1264.68
1264.05
1262.84
1261.11
1258.98
1256.7
1254.66
1253.58
1254.71
1260.41
1275.05
1307
1372.27
1498.29
1701.35
1291.48
1290.96
1289.93
1288.45
1286.61
1284.56
1282.57
1281.14
1281.17
1284.3
1293.53
1314.17
1354.38
1421.49
1500.97
1318.6
1318.16
1317.29
1316
1314.32
1312.31
1310.04
1307.65
1305.43
1303.88
1304.02
1307.71
1317.74
1336.04
1356.5
1345.98
1345.61
1344.88
1343.76
1342.22
1340.19
1337.53
1334
1329.17
1322.24
1312
1296.8
1275.31
1249.05
1226.96
1373.55
1373.27
1372.7
1371.77
1370.41
1368.44
1365.57
1361.21
1354.3
1342.85
1323.37
1290.19
1236.15
1159.09
1082.83
1401.28
1401.09
1400.69
1400.02
1398.95
1397.27
1394.58
1390.14
1382.53
1368.99
1344.2
1298.01
1212.93
1068.53
886.485
1429.07
1429
1428.83
1428.49
1427.87
1426.75
1424.76
1421.22
1414.81
1402.89
1379.83
1332.77
1230.87
1004.07
564.465
1456.87
1456.93
1457.02
1457.1
1457.07
1456.77
1455.97
1454.24
1450.87
1444.46
1432.08
1405.57
1335.48
1087.34
-62.0759
1484.57
1484.78
1485.17
1485.73
1486.39
1487.09
1487.76
1488.36
1488.96
1490.14
1494.09
1508.57
1563.68
1796.47
2934.74
1512.08
1512.44
1513.16
1514.22
1515.62
1517.37
1519.56
1522.41
1526.59
1533.83
1548.73
1583.29
1668.44
1876.7
2302.07
1539.28
1539.8
1540.84
1542.41
1544.54
1547.3
1550.83
1555.49
1562.03
1572.14
1589.65
1622.82
1687.64
1806.11
1965.64
1566.06
1566.74
1568.09
1570.16
1572.97
1576.62
1581.27
1587.2
1594.91
1605.24
1619.65
1640.29
1669.52
1706.93
1740.84
1592.33
1593.15
1594.8
1597.32
1600.75
1605.19
1610.76
1617.63
1625.91
1635.46
1645.26
1651.75
1645.65
1610.11
1540.46
1617.96
1618.92
1620.84
1623.77
1627.77
1632.91
1639.3
1647.01
1655.95
1665.43
1673.11
1671.87
1642.16
1536.92
1292.57
1642.88
1643.96
1646.12
1649.42
1653.92
1659.69
1666.85
1675.49
1685.55
1696.6
1707.08
1711.7
1691.07
1560.26
875.886
1667
1668.18
1670.56
1674.18
1679.11
1685.45
1693.33
1702.91
1714.39
1728.11
1745.06
1769.01
1816.42
1967.97
2662.59
1690.24
1691.51
1694.06
1697.96
1703.26
1710.07
1718.56
1728.95
1741.61
1757.3
1778.12
1809.94
1869.39
1998.48
2254.81
1712.54
1713.88
1716.58
1720.69
1726.28
1733.47
1742.42
1753.36
1766.63
1782.87
1803.48
1831.61
1873.92
1940.56
2025.98
1733.85
1735.25
1738.05
1742.32
1748.13
1755.58
1764.83
1776.08
1789.52
1805.34
1823.55
1843.35
1861.48
1869.53
1857.39
1754.14
1755.57
1758.44
1762.81
1768.76
1776.37
1785.8
1797.21
1810.69
1826.09
1842.46
1856.18
1855.98
1812.44
1681.32
1773.38
1774.82
1777.73
1782.15
1788.15
1795.83
1805.34
1816.83
1830.44
1846.09
1863.14
1878.6
1880.5
1816.11
1415.14
1791.55
1792.99
1795.9
1800.31
1806.3
1813.96
1823.44
1834.93
1848.68
1865.06
1884.86
1910.37
1951
2053.43
2477.47
1808.66
1810.09
1812.96
1817.32
1823.22
1830.76
1840.08
1851.39
1865.03
1881.59
1902.54
1931.56
1978.5
2067.35
2229.22
1824.72
1826.12
1828.92
1833.17
1838.92
1846.24
1855.27
1866.18
1879.26
1895.01
1914.54
1940.24
1976.81
2030.49
2094.36
1839.75
1841.1
1843.81
1847.92
1853.45
1860.48
1869.09
1879.4
1891.56
1905.73
1922.19
1941.3
1963.17
1986.47
2004.84
1853.78
1855.07
1857.67
1861.6
1866.88
1873.55
1881.67
1891.28
1902.38
1914.78
1927.94
1940.36
1948.46
1945.82
1929.04
1866.84
1868.08
1870.54
1874.26
1879.25
1885.54
1893.14
1902.07
1912.22
1923.22
1934.14
1942.35
1941.13
1914.89
1842.59
1878.99
1880.15
1882.48
1885.98
1890.66
1896.54
1903.63
1911.94
1921.38
1931.67
1942.14
1950.82
1951.11
1915.89
1706.9
1890.28
1891.36
1893.53
1896.8
1901.16
1906.62
1913.22
1920.96
1929.86
1939.92
1951.32
1965.02
1985.69
2037.49
2254.83
1900.74
1901.75
1903.76
1906.78
1910.81
1915.85
1921.94
1929.12
1937.46
1947.16
1958.84
1974.31
1998.57
2044.05
2126.9
1910.45
1911.37
1913.22
1915.99
1919.68
1924.29
1929.85
1936.41
1944.04
1952.95
1963.66
1977.41
1996.65
2024.59
2057.5
1919.45
1920.29
1921.97
1924.48
1927.83
1931.99
1937
1942.88
1949.66
1957.41
1966.31
1976.63
1988.6
2001.61
2011.93
1927.8
1928.56
1930.07
1932.33
1935.33
1939.05
1943.49
1948.66
1954.52
1961
1967.89
1974.64
1979.76
1980.42
1974.51
1935.57
1936.24
1937.59
1939.6
1942.25
1945.53
1949.41
1953.89
1958.88
1964.22
1969.51
1973.69
1973.95
1963.72
1933.98
1942.8
1943.4
1944.58
1946.35
1948.66
1951.51
1954.86
1958.69
1962.93
1967.41
1971.84
1975.4
1975.35
1960.5
1873.77
1949.56
1950.08
1951.11
1952.64
1954.63
1957.07
1959.92
1963.15
1966.72
1970.55
1974.7
1979.52
1986.97
2007.12
2095.59
1955.89
1956.34
1957.22
1958.53
1960.22
1962.27
1964.65
1967.32
1970.25
1973.42
1977.02
1981.75
1989.7
2006.23
2038.53
1961.85
1962.23
1962.98
1964.07
1965.49
1967.18
1969.11
1971.24
1973.53
1975.91
1978.5
1981.67
1986.39
1994.31
2004.86
1967.49
1967.8
1968.43
1969.33
1970.49
1971.85
1973.37
1975
1976.66
1978.19
1979.5
1980.43
1980.8
1980.49
1979.49
1972.84
1973.1
1973.61
1974.34
1975.27
1976.33
1977.5
1978.69
1979.79
1980.57
1980.71
1979.51
1975.61
1967.08
1954.37
1977.96
1978.17
1978.58
1979.16
1979.87
1980.69
1981.54
1982.37
1983.05
1983.33
1982.78
1980.38
1973.57
1956.48
1921.39
1982.87
1983.04
1983.35
1983.8
1984.34
1984.94
1985.55
1986.11
1986.52
1986.59
1986.07
1984.23
1978.61
1958.31
1864.99
1987.61
1987.73
1987.97
1988.31
1988.7
1989.12
1989.53
1989.89
1990.13
1990.21
1990.21
1990.62
1993.78
2010.77
2100.56
1992.2
1992.29
1992.47
1992.7
1992.97
1993.24
1993.49
1993.68
1993.79
1993.82
1993.99
1995.05
1999.27
2012.61
2043.57
1996.67
1996.74
1996.85
1997.01
1997.17
1997.31
1997.42
1997.47
1997.43
1997.28
1997.1
1997.2
1998.37
2002.16
2008.97
2001.05
2001.08
2001.15
2001.23
2001.31
2001.35
2001.34
2001.26
2001.07
2000.68
1999.96
1998.55
1995.59
1989.53
1980.01
2005.33
2005.35
2005.38
2005.4
2005.4
2005.35
2005.25
2005.07
2004.78
2004.25
2003.22
2000.9
1994.9
1979.23
1945.33
2009.55
2009.55
2009.54
2009.52
2009.45
2009.33
2009.15
2008.91
2008.58
2008.1
2007.34
2005.73
2000.86
1981.53
1887.99
2013.72
2013.7
2013.67
2013.59
2013.47
2013.29
2013.05
2012.75
2012.42
2012.09
2011.98
2012.75
2016.81
2035.3
2127.44
2017.84
2017.81
2017.75
2017.64
2017.47
2017.23
2016.93
2016.56
2016.18
2015.86
2015.96
2017.41
2022.7
2037.85
2070.84
2021.93
2021.89
2021.8
2021.66
2021.45
2021.16
2020.79
2020.34
2019.82
2019.28
2018.94
2019.34
2021.68
2027.96
2037.98
2025.99
2025.94
2025.84
2025.67
2025.43
2025.09
2024.65
2024.1
2023.41
2022.51
2021.36
2019.86
2017.87
2015.41
2012.9
2030.03
2029.98
2029.86
2029.67
2029.4
2029.03
2028.53
2027.91
2027.07
2025.87
2023.97
2020.65
2014.34
2002.82
1986.91
2034.06
2034
2033.87
2033.67
2033.38
2032.98
2032.47
2031.8
2030.93
2029.64
2027.52
2023.44
2014.37
1993.23
1950.66
2038.08
2038.01
2037.88
2037.68
2037.38
2036.97
2036.45
2035.8
2035
2033.93
2032.39
2029.63
2022.74
1998.43
1885.67
2042.09
2042.02
2041.89
2041.68
2041.38
2040.97
2040.46
2039.86
2039.19
2038.5
2038.05
2038.62
2043.15
2065.01
2175.34
2046.09
2046.03
2045.9
2045.7
2045.4
2044.99
2044.49
2043.91
2043.32
2042.85
2042.96
2044.82
2051.47
2070.11
2110.18
2050.09
2050.03
2049.91
2049.72
2049.43
2049.03
2048.53
2047.94
2047.3
2046.74
2046.6
2047.63
2051.42
2060.29
2073.58
2054.07
2054.02
2053.92
2053.74
2053.47
2053.09
2052.57
2051.94
2051.18
2050.29
2049.36
2048.49
2047.79
2047.34
2046.94
2058.04
2058.01
2057.93
2057.78
2057.54
2057.17
2056.66
2055.98
2055.07
2053.83
2052.05
2049.17
2043.93
2034.32
2020.74
2061.99
2061.97
2061.92
2061.82
2061.63
2061.31
2060.83
2060.13
2059.14
2057.69
2055.44
2051.44
2043.06
2024.01
1985.83
2065.91
2065.91
2065.91
2065.87
2065.75
2065.51
2065.09
2064.44
2063.47
2062.07
2060.01
2056.68
2049.57
2026.92
1925.1
2069.77
2069.81
2069.87
2069.92
2069.91
2069.78
2069.47
2068.92
2068.06
2066.84
2065.42
2064.5
2066.82
2084.76
2182.78
2073.56
2073.64
2073.79
2073.95
2074.09
2074.12
2073.98
2073.57
2072.82
2071.7
2070.45
2070.01
2073.19
2086.93
2120.8
2077.25
2077.39
2077.64
2077.96
2078.29
2078.54
2078.62
2078.42
2077.79
2076.6
2074.86
2072.96
2072.17
2075.1
2083.02
2080.8
2081.01
2081.39
2081.9
2082.48
2083.03
2083.42
2083.52
2083.1
2081.84
2079.35
2075.09
2068.52
2059.76
2051.4
2084.17
2084.45
2085
2085.75
2086.64
2087.56
2088.39
2088.94
2088.93
2087.89
2085.02
2078.78
2066.35
2044.1
2014.64
2087.29
2087.67
2088.41
2089.45
2090.72
2092.12
2093.5
2094.7
2095.42
2095.17
2092.99
2086.71
2070.97
2033.4
1958.09
2090.11
2090.6
2091.56
2092.94
2094.67
2096.63
2098.71
2100.75
2102.54
2103.73
2103.76
2101.15
2090.7
2048.87
1849.89
2092.54
2093.16
2094.38
2096.15
2098.39
2101.01
2103.9
2106.94
2110.01
2113.06
2116.32
2121
2132.16
2173.44
2370.95
2094.49
2095.26
2096.77
2098.97
2101.8
2105.15
2108.94
2113.06
2117.44
2122.18
2127.86
2136.3
2152.67
2189.45
2263.05
2095.87
2096.8
2098.63
2101.31
2104.79
2108.95
2113.71
2118.94
2124.58
2130.62
2137.42
2146.06
2158.97
2179.86
2206.9
2096.56
2097.66
2099.84
2103.06
2107.24
2112.29
2118.1
2124.52
2131.38
2138.48
2145.67
2152.79
2159.68
2165.95
2170.18
2096.44
2097.73
2100.3
2104.09
2109.04
2115.06
2122.02
2129.74
2137.95
2146.24
2153.92
2159.63
2160.78
2153.41
2137.04
2095.38
2096.87
2099.85
2104.26
2110.05
2117.13
2125.37
2134.57
2144.42
2154.39
2163.49
2169.59
2167.76
2147.08
2093.19
2093.24
2094.95
2098.35
2103.43
2110.12
2118.35
2128
2138.9
2150.76
2163.1
2175.09
2185
2187.8
2163.74
2012.57
2089.87
2091.8
2095.65
2101.42
2109.06
2118.53
2129.73
2142.53
2156.72
2171.99
2188.1
2205.29
2226.45
2268.64
2429.04
2085.12
2087.27
2091.58
2098.06
2106.69
2117.45
2130.31
2145.16
2161.87
2180.25
2200.32
2222.77
2250.46
2291.4
2356.12
2078.83
2081.2
2085.97
2093.15
2102.78
2114.88
2129.45
2146.46
2165.8
2187.29
2210.83
2236.57
2265.22
2297.6
2328.8
2070.85
2073.43
2078.63
2086.5
2097.11
2110.54
2126.86
2146.1
2168.18
2192.86
2219.78
2248.3
2277.34
2304.56
2323.8
2061.03
2063.8
2069.39
2077.89
2089.42
2104.14
2122.2
2143.72
2168.69
2196.84
2227.57
2259.61
2290.68
2317
2332.83
2049.24
2052.17
2058.09
2067.13
2079.48
2095.38
2115.11
2138.91
2166.93
2198.99
2234.41
2271.53
2307.26
2336.68
2353.51
2035.39
2038.42
2044.57
2054.02
2067.01
2083.91
2105.14
2131.14
2162.31
2198.75
2240
2284.38
2328.18
2365.06
2386.53
2019.39
2022.46
2028.73
2038.39
2051.79
2069.39
2091.8
2119.74
2153.97
2195.14
2243.39
2297.57
2353.87
2404.07
2435.12
2001.2
2004.25
2010.48
2020.12
2033.6
2051.49
2074.59
2103.92
2140.77
2186.55
2242.6
2309.25
2383.73
2456.34
2505.93
1980.87
1983.8
1989.8
1999.15
2012.3
2029.93
2053
2082.85
2121.3
2170.79
2234.42
2315.42
2414.84
2524.53
2611.82
1958.45
1961.17
1966.76
1975.49
1987.85
2004.55
2026.67
2055.76
2094.11
2145.15
2214.13
2308.76
2438.78
2608.22
2778.98
1934.11
1936.52
1941.48
1949.26
1960.32
1975.37
1995.46
2022.2
2058.06
2107.02
2175.97
2277.46
2435.28
2690.93
3065.38
1908.06
1910.07
1914.2
1920.71
1929.98
1942.63
1959.59
1982.27
2012.85
2054.96
2115.17
2206.98
2363.8
2691.08
3612.45
-3448.1
-2563.23
-2248.8
-2098.52
-2011.09
-1954.28
-1914.99
-1886.8
-1866.18
-1850.95
-1839.74
-1831.6
-1825.95
-1822.37
-1820.64
-2919.99
-2560.86
-2315.93
-2165.25
-2068.98
-2004.15
-1958.6
-1925.62
-1901.31
-1883.26
-1869.88
-1860.14
-1853.33
-1849.02
-1846.92
-2642.25
-2479.09
-2317.52
-2194.12
-2104.96
-2040.57
-1993.41
-1958.35
-1932.04
-1912.24
-1897.43
-1886.56
-1878.92
-1874.06
-1871.7
-2478.79
-2396.14
-2292.52
-2199.15
-2123.68
-2064.95
-2019.73
-1984.94
-1958.19
-1937.71
-1922.17
-1910.66
-1902.52
-1897.31
-1894.77
-2373.72
-2327.67
-2260.33
-2191.66
-2130.7
-2079.87
-2038.72
-2005.88
-1979.93
-1959.66
-1944.05
-1932.36
-1924.01
-1918.65
-1916.02
-2301.6
-2273.92
-2228.97
-2178.73
-2130.62
-2088.01
-2051.86
-2021.96
-1997.68
-1978.3
-1963.14
-1951.64
-1943.37
-1938.02
-1935.39
-2249.71
-2232.08
-2201.21
-2164.25
-2126.64
-2091.59
-2060.59
-2034.07
-2011.96
-1993.94
-1979.62
-1968.62
-1960.63
-1955.43
-1952.87
-2211.05
-2199.35
-2177.6
-2150.15
-2120.82
-2092.29
-2066.13
-2043.05
-2023.34
-2006.95
-1993.72
-1983.43
-1975.89
-1970.95
-1968.51
-2181.5
-2173.53
-2157.88
-2137.27
-2114.36
-2091.28
-2069.43
-2049.64
-2032.34
-2017.7
-2005.7
-1996.25
-1989.27
-1984.68
-1982.39
-2158.48
-2152.98
-2141.53
-2125.91
-2107.97
-2089.34
-2071.23
-2054.42
-2039.44
-2026.54
-2015.82
-2007.29
-2000.94
-1996.72
-1994.62
-2140.28
-2136.47
-2128.01
-2116.08
-2101.98
-2086.97
-2072.03
-2057.88
-2045.03
-2033.8
-2024.34
-2016.75
-2011.04
-2007.24
-2005.34
-2125.73
-2123.12
-2116.83
-2107.67
-2096.57
-2084.48
-2072.2
-2060.36
-2049.43
-2039.75
-2031.5
-2024.82
-2019.76
-2016.37
-2014.66
-2113.98
-2112.25
-2107.58
-2100.52
-2091.77
-2082.05
-2071.99
-2062.13
-2052.91
-2044.63
-2037.51
-2031.68
-2027.24
-2024.25
-2022.75
-2104.42
-2103.36
-2099.91
-2094.48
-2087.58
-2079.78
-2071.57
-2063.4
-2055.66
-2048.63
-2042.54
-2037.51
-2033.65
-2031.04
-2029.72
-2096.61
-2096.04
-2093.53
-2089.38
-2083.96
-2077.71
-2071.04
-2064.3
-2057.84
-2051.93
-2046.75
-2042.44
-2039.12
-2036.86
-2035.72
-2090.18
-2090.01
-2088.23
-2085.08
-2080.85
-2075.87
-2070.47
-2064.94
-2059.59
-2054.64
-2050.27
-2046.61
-2043.78
-2041.84
-2040.86
-2084.88
-2085.01
-2083.82
-2081.47
-2078.18
-2074.24
-2069.9
-2065.4
-2060.99
-2056.88
-2053.22
-2050.14
-2047.74
-2046.1
-2045.26
-2080.49
-2080.86
-2080.13
-2078.42
-2075.92
-2072.83
-2069.36
-2065.72
-2062.12
-2058.73
-2055.7
-2053.12
-2051.11
-2049.72
-2049.02
-2076.84
-2077.4
-2077.04
-2075.86
-2073.98
-2071.6
-2068.87
-2065.95
-2063.03
-2060.27
-2057.77
-2055.64
-2053.96
-2052.81
-2052.21
-2073.79
-2074.51
-2074.45
-2073.69
-2072.34
-2070.54
-2068.42
-2066.12
-2063.78
-2061.55
-2059.51
-2057.77
-2056.39
-2055.43
-2054.94
-2071.24
-2072.09
-2072.28
-2071.87
-2070.95
-2069.63
-2068.02
-2066.23
-2064.39
-2062.61
-2060.98
-2059.57
-2058.44
-2057.66
-2057.26
-2069.11
-2070.06
-2070.45
-2070.33
-2069.76
-2068.85
-2067.67
-2066.31
-2064.89
-2063.5
-2062.22
-2061.09
-2060.19
-2059.56
-2059.23
-2067.3
-2068.34
-2068.91
-2069.02
-2068.75
-2068.18
-2067.36
-2066.37
-2065.31
-2064.25
-2063.26
-2062.39
-2061.68
-2061.18
-2060.92
-2065.78
-2066.89
-2067.59
-2067.91
-2067.89
-2067.6
-2067.09
-2066.41
-2065.66
-2064.89
-2064.15
-2063.49
-2062.95
-2062.56
-2062.36
-2064.48
-2065.65
-2066.47
-2066.96
-2067.15
-2067.1
-2066.85
-2066.45
-2065.95
-2065.43
-2064.91
-2064.43
-2064.04
-2063.75
-2063.6
-2063.37
-2064.59
-2065.51
-2066.14
-2066.52
-2066.67
-2066.65
-2066.47
-2066.2
-2065.89
-2065.56
-2065.25
-2064.98
-2064.78
-2064.67
-2062.4
-2063.67
-2064.68
-2065.43
-2065.96
-2066.3
-2066.47
-2066.49
-2066.41
-2066.29
-2066.13
-2065.95
-2065.79
-2065.67
-2065.6
-2061.55
-2062.86
-2063.94
-2064.81
-2065.47
-2065.97
-2066.3
-2066.5
-2066.6
-2066.64
-2066.62
-2066.58
-2066.51
-2066.46
-2066.42
-2060.79
-2062.13
-2063.29
-2064.25
-2065.03
-2065.67
-2066.16
-2066.51
-2066.77
-2066.95
-2067.07
-2067.13
-2067.16
-2067.16
-2067.16
-2060.1
-2061.47
-2062.69
-2063.74
-2064.64
-2065.4
-2066.03
-2066.53
-2066.92
-2067.24
-2067.48
-2067.64
-2067.74
-2067.8
-2067.83
-2059.44
-2060.85
-2062.12
-2063.26
-2064.27
-2065.15
-2065.91
-2066.54
-2067.07
-2067.51
-2067.86
-2068.11
-2068.29
-2068.4
-2068.45
-2058.81
-2060.25
-2061.58
-2062.81
-2063.91
-2064.92
-2065.8
-2066.56
-2067.22
-2067.77
-2068.22
-2068.56
-2068.81
-2068.96
-2069.04
-2058.18
-2059.65
-2061.05
-2062.35
-2063.57
-2064.69
-2065.7
-2066.59
-2067.36
-2068.03
-2068.58
-2069.01
-2069.32
-2069.52
-2069.62
-2057.53
-2059.03
-2060.49
-2061.89
-2063.22
-2064.47
-2065.61
-2066.62
-2067.52
-2068.31
-2068.95
-2069.46
-2069.84
-2070.08
-2070.2
-2056.83
-2058.37
-2059.91
-2061.41
-2062.86
-2064.24
-2065.52
-2066.67
-2067.7
-2068.6
-2069.35
-2069.94
-2070.37
-2070.66
-2070.8
-2056.06
-2057.65
-2059.27
-2060.89
-2062.48
-2064.01
-2065.45
-2066.74
-2067.9
-2068.92
-2069.77
-2070.45
-2070.94
-2071.27
-2071.43
-2055.18
-2056.83
-2058.56
-2060.32
-2062.07
-2063.78
-2065.38
-2066.84
-2068.14
-2069.28
-2070.24
-2071
-2071.56
-2071.93
-2072.11
-2054.16
-2055.88
-2057.74
-2059.69
-2061.64
-2063.54
-2065.34
-2066.97
-2068.43
-2069.7
-2070.77
-2071.62
-2072.24
-2072.66
-2072.86
-2052.94
-2054.76
-2056.8
-2058.97
-2061.16
-2063.31
-2065.33
-2067.16
-2068.78
-2070.2
-2071.38
-2072.31
-2073
-2073.46
-2073.68
-2051.45
-2053.41
-2055.69
-2058.15
-2060.66
-2063.09
-2065.37
-2067.41
-2069.22
-2070.78
-2072.08
-2073.1
-2073.86
-2074.35
-2074.6
-2049.6
-2051.76
-2054.38
-2057.24
-2060.13
-2062.92
-2065.48
-2067.77
-2069.77
-2071.48
-2072.89
-2074
-2074.82
-2075.36
-2075.62
-2047.25
-2049.71
-2052.82
-2056.22
-2059.61
-2062.82
-2065.72
-2068.26
-2070.46
-2072.32
-2073.84
-2075.04
-2075.91
-2076.49
-2076.77
-2044.17
-2047.14
-2050.99
-2055.14
-2059.16
-2062.85
-2066.11
-2068.92
-2071.32
-2073.32
-2074.95
-2076.22
-2077.14
-2077.75
-2078.05
-2040.03
-2043.87
-2048.88
-2054.07
-2058.87
-2063.11
-2066.74
-2069.81
-2072.38
-2074.51
-2076.23
-2077.56
-2078.53
-2079.17
-2079.48
-2034.22
-2039.69
-2046.57
-2053.18
-2058.91
-2063.71
-2067.69
-2070.98
-2073.69
-2075.91
-2077.7
-2079.08
-2080.09
-2080.74
-2081.06
-2025.6
-2034.46
-2044.38
-2052.82
-2059.52
-2064.81
-2069.05
-2072.48
-2075.28
-2077.56
-2079.38
-2080.79
-2081.82
-2082.48
-2082.81
-2011.8
-2028.41
-2043.12
-2053.6
-2061.03
-2066.57
-2070.89
-2074.35
-2077.16
-2079.45
-2081.28
-2082.7
-2083.73
-2084.4
-2084.73
-1987.43
-2023.58
-2044.74
-2056.42
-2063.8
-2069.11
-2073.26
-2076.6
-2079.35
-2081.6
-2083.4
-2084.8
-2085.82
-2086.49
-2086.82
-1930.84
-2029.08
-2052.85
-2062.17
-2067.93
-2072.4
-2076.1
-2079.21
-2081.82
-2083.98
-2085.74
-2087.1
-2088.1
-2088.76
-2089.08
-2175.88
-2086.22
-2070.94
-2070.31
-2072.91
-2076.15
-2079.29
-2082.1
-2084.54
-2086.59
-2088.27
-2089.59
-2090.56
-2091.19
-2091.5
-2123.16
-2091.66
-2078.79
-2076.13
-2077.39
-2079.91
-2082.64
-2085.19
-2087.46
-2089.4
-2091
-2092.25
-2093.18
-2093.79
-2094.09
-2093.16
-2084.12
-2079.49
-2079.17
-2080.94
-2083.45
-2086.03
-2088.43
-2090.56
-2092.38
-2093.89
-2095.08
-2095.96
-2096.54
-2096.82
-2070.27
-2073.46
-2077.15
-2080.7
-2083.94
-2086.87
-2089.49
-2091.8
-2093.81
-2095.52
-2096.94
-2098.06
-2098.89
-2099.44
-2099.71
-2045.98
-2062.4
-2074.85
-2082.37
-2087.09
-2090.45
-2093.1
-2095.32
-2097.2
-2098.81
-2100.13
-2101.18
-2101.96
-2102.47
-2102.72
-2011.1
-2054.05
-2075.91
-2085.93
-2091.14
-2094.46
-2096.96
-2099
-2100.74
-2102.23
-2103.45
-2104.43
-2105.15
-2105.62
-2105.86
-1947.2
-2060.27
-2085.13
-2092.78
-2096.46
-2098.98
-2101.06
-2102.85
-2104.41
-2105.77
-2106.89
-2107.79
-2108.45
-2108.89
-2109.1
-2237.76
-2127.67
-2106.26
-2102.34
-2102.51
-2103.77
-2105.29
-2106.8
-2108.18
-2109.4
-2110.43
-2111.25
-2111.85
-2112.25
-2112.45
-2173.34
-2133.46
-2115.17
-2109.01
-2107.75
-2108.31
-2109.48
-2110.78
-2112.01
-2113.12
-2114.05
-2114.8
-2115.34
-2115.7
-2115.88
-2137.35
-2124.2
-2115.62
-2112.23
-2111.69
-2112.38
-2113.52
-2114.74
-2115.89
-2116.9
-2117.75
-2118.42
-2118.91
-2119.23
-2119.38
-2111.21
-2111.73
-2112.41
-2113.43
-2114.71
-2116.09
-2117.46
-2118.7
-2119.81
-2120.75
-2121.52
-2122.11
-2122.54
-2122.81
-2122.95
-2085.43
-2099.11
-2108.9
-2114.4
-2117.61
-2119.77
-2121.41
-2122.72
-2123.79
-2124.66
-2125.35
-2125.86
-2126.22
-2126.45
-2126.56
-2050.87
-2089.13
-2108.34
-2116.92
-2121.2
-2123.75
-2125.53
-2126.85
-2127.87
-2128.65
-2129.24
-2129.66
-2129.94
-2130.11
-2130.19
-1990.45
-2092.32
-2115.1
-2122.38
-2125.93
-2128.23
-2129.9
-2131.14
-2132.06
-2132.72
-2133.19
-2133.49
-2133.68
-2133.79
-2133.83
-2248.38
-2150.4
-2132.57
-2130.38
-2131.48
-2133.1
-2134.53
-2135.61
-2136.38
-2136.89
-2137.2
-2137.36
-2137.43
-2137.46
-2137.46
-2186.62
-2152.8
-2139.13
-2136.05
-2136.63
-2138.04
-2139.33
-2140.26
-2140.83
-2141.14
-2141.25
-2141.24
-2141.17
-2141.09
-2141.04
-2149.04
-2141.15
-2138.28
-2139.15
-2141.16
-2143.02
-2144.34
-2145.1
-2145.43
-2145.47
-2145.33
-2145.1
-2144.85
-2144.66
-2144.55
-2117.59
-2125.98
-2134.78
-2141.41
-2145.74
-2148.32
-2149.67
-2150.2
-2150.19
-2149.89
-2149.42
-2148.92
-2148.46
-2148.12
-2147.93
-2081
-2110.47
-2132.75
-2145.21
-2151.5
-2154.43
-2155.53
-2155.61
-2155.12
-2154.36
-2153.49
-2152.65
-2151.93
-2151.42
-2151.15
-2024.59
-2099.92
-2137.5
-2153.25
-2159.56
-2161.77
-2162.05
-2161.37
-2160.2
-2158.85
-2157.48
-2156.24
-2155.22
-2154.5
-2154.13
-1916.54
-2115.53
-2157.35
-2167.8
-2170.41
-2170.39
-2169.19
-2167.41
-2165.37
-2163.3
-2161.34
-2159.63
-2158.25
-2157.29
-2156.8
-2437.75
-2240.23
-2198.94
-2187.76
-2183.06
-2179.77
-2176.69
-2173.59
-2170.53
-2167.62
-2164.98
-2162.72
-2160.95
-2159.72
-2159.09
-2330
-2256.39
-2219.59
-2203.17
-2194.68
-2188.95
-2184.15
-2179.71
-2175.53
-2171.7
-2168.3
-2165.44
-2163.21
-2161.68
-2160.9
-2274.02
-2246.95
-2226.02
-2213.04
-2204.33
-2197.44
-2191.31
-2185.59
-2180.26
-2175.43
-2171.19
-2167.67
-2164.94
-2163.08
-2162.13
-2237.47
-2233.21
-2226.88
-2219.9
-2212.67
-2205.37
-2198.14
-2191.15
-2184.61
-2178.69
-2173.55
-2169.29
-2166.01
-2163.79
-2162.66
-2204.54
-2220.87
-2228.16
-2226.88
-2221.03
-2213.19
-2204.74
-2196.35
-2188.48
-2181.38
-2175.24
-2170.18
-2166.31
-2163.69
-2162.37
-2160.92
-2214.75
-2235.33
-2237
-2230.71
-2221.41
-2211.23
-2201.17
-2191.76
-2183.35
-2176.12
-2170.2
-2165.69
-2162.65
-2161.12
-2080.57
-2231.67
-2255.59
-2252.59
-2242.44
-2230.19
-2217.59
-2205.47
-2194.33
-2184.45
-2176.03
-2169.19
-2164
-2160.52
-2158.77
-2497.36
-2336.87
-2294.5
-2273.09
-2255.6
-2239.16
-2223.56
-2209.06
-2195.96
-2184.49
-2174.81
-2166.98
-2161.08
-2157.14
-2155.16
-2424.83
-2359.99
-2318.82
-2290.81
-2267.98
-2247.51
-2228.72
-2211.63
-2196.42
-2183.26
-2172.23
-2163.39
-2156.76
-2152.34
-2150.13
-2397.99
-2366.63
-2333.94
-2304.88
-2278.67
-2254.63
-2232.65
-2212.85
-2195.42
-2180.49
-2168.09
-2158.22
-2150.85
-2145.97
-2143.53
-2393.59
-2374.12
-2346.51
-2316.93
-2287.82
-2260.29
-2235
-2212.38
-2192.65
-2175.91
-2162.13
-2151.25
-2143.18
-2137.85
-2135.2
-2403.36
-2387.23
-2360.37
-2328.61
-2295.82
-2264.33
-2235.46
-2209.85
-2187.77
-2169.23
-2154.12
-2142.29
-2133.56
-2127.83
-2124.98
-2424.99
-2407.75
-2377.6
-2340.95
-2302.86
-2266.51
-2233.6
-2204.83
-2180.38
-2160.12
-2143.79
-2131.11
-2121.83
-2115.75
-2112.75
-2459.25
-2437.17
-2399.27
-2354.25
-2308.65
-2266.26
-2228.8
-2196.77
-2170.05
-2148.24
-2130.87
-2117.52
-2107.82
-2101.5
-2098.39
-2509.5
-2477.52
-2425.85
-2367.91
-2312.16
-2262.53
-2220.18
-2184.98
-2156.26
-2133.22
-2115.12
-2101.35
-2091.42
-2084.99
-2081.82
-2582.62
-2531.51
-2456.71
-2380
-2311.38
-2253.68
-2206.56
-2168.65
-2138.48
-2114.72
-2096.32
-2082.46
-2072.55
-2066.16
-2063.02
-2691.87
-2601.89
-2488.85
-2386.41
-2302.97
-2237.44
-2186.48
-2146.91
-2116.2
-2092.46
-2074.32
-2060.8
-2051.19
-2045.02
-2042.01
-2864.26
-2688.23
-2513.58
-2379.58
-2282.08
-2211.03
-2158.45
-2118.98
-2089.04
-2066.27
-2049.08
-2036.36
-2027.39
-2021.65
-2018.86
-3159.55
-2773.55
-2510.03
-2347.35
-2242.77
-2171.73
-2121.29
-2084.37
-2056.84
-2036.16
-2020.67
-2009.29
-2001.3
-1996.2
-1993.72
-3723.53
-2773.75
-2436.39
-2274.74
-2180.12
-2118.07
-2074.69
-2043.2
-2019.86
-2002.4
-1989.37
-1979.83
-1973.15
-1968.89
-1966.83
1877.82
1879.3
1882.35
1887.14
1893.97
1903.29
1915.74
1932.27
1954.27
1983.82
2024.12
2079.74
2154.92
2237.36
2191
1843.29
1844.11
1845.79
1848.42
1852.15
1857.18
1863.76
1872.19
1882.73
1895.4
1909.41
1921.29
1919.7
1871.12
1688.8
1807.9
1808
1808.22
1808.54
1808.97
1809.45
1809.87
1809.94
1808.99
1805.6
1796.77
1776.26
1731.43
1638.58
1462.01
1772.34
1771.73
1770.48
1768.5
1765.67
1761.73
1756.3
1748.66
1737.64
1721.17
1695.75
1655.5
1591.11
1489.69
1338.87
1737.34
1736.05
1733.4
1729.27
1723.41
1715.46
1704.86
1690.72
1671.68
1645.64
1609.5
1558.82
1487.77
1390.17
1262.64
1703.59
1701.68
1697.77
1691.7
1683.18
1671.8
1656.92
1637.63
1612.65
1580.16
1537.77
1482.46
1410.93
1320.53
1211.08
1671.7
1669.24
1664.24
1656.52
1645.78
1631.58
1613.33
1590.19
1561.07
1524.54
1478.9
1422.26
1352.9
1269.91
1174.11
1642.21
1639.3
1633.39
1624.31
1611.77
1595.37
1574.57
1548.68
1516.84
1477.98
1430.99
1374.75
1308.47
1232.05
1146.56
1615.59
1612.31
1605.67
1595.5
1581.56
1563.5
1540.86
1513.1
1479.56
1439.53
1392.28
1337.24
1274.13
1203.23
1125.58
1592.2
1588.63
1581.42
1570.42
1555.43
1536.15
1512.23
1483.25
1448.74
1408.23
1361.32
1307.75
1247.54
1181.12
1109.44
1572.34
1568.54
1560.9
1549.29
1533.53
1513.4
1488.62
1458.88
1423.87
1383.3
1336.99
1284.86
1227.12
1164.25
1097.08
1556.22
1552.26
1544.31
1532.26
1515.96
1495.25
1469.91
1439.73
1404.5
1364.09
1318.41
1267.56
1211.79
1151.63
1087.81
1544
1539.94
1531.77
1519.42
1502.77
1481.68
1456
1425.58
1390.29
1350.08
1304.97
1255.12
1200.83
1142.62
1081.17
1535.8
1531.67
1523.37
1510.83
1493.97
1472.66
1446.79
1416.25
1380.97
1340.94
1296.24
1247.07
1193.77
1136.83
1076.89
1531.68
1527.52
1519.16
1506.54
1489.57
1468.16
1442.2
1411.61
1376.35
1336.42
1291.94
1243.12
1190.3
1133.98
1074.79
1443.15
570.595
282.174
170.087
117.855
89.1106
71.1092
58.7519
49.7069
42.7745
37.2757
32.7973
29.0728
25.9228
23.2217
20.8793
18.8286
17.0192
15.412
13.9766
12.6883
11.5273
10.4773
9.52464
8.65785
7.86713
7.14402
6.48119
5.87218
5.31129
4.79344
4.31406
3.86902
3.45459
3.06732
2.70405
2.36186
2.03803
1.72998
1.43531
1.15172
0.877009
0.609047
0.345771
0.0851555
-0.174804
-0.436105
-0.700756
-0.970794
-1.2483
-1.53543
-1.8344
-2.14755
-2.47733
-2.82636
-3.19742
-3.59349
-4.01782
-4.47391
-4.96562
-5.49717
-6.07325
-6.6991
-7.38057
-8.1243
-8.93785
-9.82991
-10.8106
-11.8917
-13.0872
-14.4141
-15.8928
-17.5484
-19.4126
-21.5255
-23.9392
-26.7226
-29.9688
-33.8071
-38.4226
-44.0898
-51.2348
-60.5573
-73.2939
-91.8483
-121.476
-175.314
-290.848
-588.14
-1487.54
1296.29
870.618
592.596
424.063
319.742
251.858
205.198
171.484
146.077
126.258
110.357
97.3052
86.3904
77.1211
69.1481
62.2169
56.1377
50.7657
45.9885
41.7174
37.8811
34.4217
31.2914
28.45
25.8638
23.5038
21.3451
19.3659
17.5471
15.8717
14.3248
12.8926
11.5629
10.3245
9.16728
8.08171
7.05909
6.09127
5.17063
4.28994
3.44235
2.62127
1.82037
1.03347
0.254517
-0.522476
-1.30348
-2.09449
-2.9016
-3.73103
-4.58918
-5.48273
-6.41863
-7.40422
-8.44729
-9.55614
-10.7397
-12.0076
-13.3703
-14.8393
-16.4272
-18.1479
-20.017
-22.0518
-24.2721
-26.7002
-29.3618
-32.2868
-35.5098
-39.0723
-43.0234
-47.4229
-52.3443
-57.8789
-64.1427
-71.2846
-79.5006
-89.0529
-100.301
-113.752
-130.14
-150.567
-176.754
-211.502
-259.596
-329.565
-437.091
-610.805
-897.375
-1336.13
1213
957.994
745.333
585.56
469.149
384.037
320.636
272.25
234.397
204.094
179.331
158.733
141.336
126.45
113.572
102.326
92.4268
83.6541
75.8348
68.8307
62.5301
56.8414
51.6883
47.007
42.7431
38.8499
35.2869
32.019
29.0148
26.2469
23.6904
21.3231
19.1249
17.0774
15.1638
13.3685
11.6772
10.0764
8.55359
7.09679
5.69468
4.33641
3.01148
1.70969
0.421044
-0.864365
-2.1564
-3.46499
-4.80018
-6.17227
-7.59185
-9.06991
-10.618
-12.2481
-13.9732
-15.807
-17.7641
-19.8605
-22.1133
-24.5414
-27.1655
-30.0084
-33.0956
-36.4554
-40.1199
-44.1255
-48.5137
-53.3327
-58.6383
-64.4965
-70.9857
-78.2003
-86.2555
-95.2937
-105.493
-117.081
-130.352
-145.692
-163.621
-184.849
-210.37
-241.602
-280.616
-330.487
-395.835
-483.56
-603.547
-768.23
-987.426
-1250.27
1160.58
984.363
821.891
684.598
573.469
484.942
414.442
357.84
311.839
273.944
242.303
215.547
192.661
172.884
155.642
140.492
127.091
115.167
104.505
94.929
86.2962
78.4879
71.4045
64.9616
59.0873
53.7191
48.803
44.2912
40.1416
36.3167
32.7828
29.5095
26.4693
23.6369
20.9893
18.5051
16.1645
13.949
11.8412
9.82466
7.88373
6.00339
4.16917
2.36694
0.582886
-1.19669
-2.98544
-4.79707
-6.64551
-8.54496
-10.5101
-12.556
-14.6988
-16.955
-19.3423
-21.8798
-24.5875
-27.4874
-30.6032
-33.9606
-37.5879
-41.5164
-45.7806
-50.4192
-55.4755
-60.9985
-67.044
-73.6762
-80.9693
-89.0101
-97.9012
-107.765
-118.749
-131.033
-144.841
-160.452
-178.219
-198.599
-222.184
-249.759
-282.369
-321.424
-368.835
-427.174
-499.838
-591.083
-705.623
-847.132
-1014.6
-1196.22
1124.54
990.912
862.162
745.939
645.225
559.872
488.223
428.151
377.599
334.782
298.233
266.781
239.501
215.664
194.695
176.136
159.623
144.86
131.607
119.666
108.873
99.0882
90.196
82.0956
74.7007
67.9359
61.7353
56.0405
50.7997
45.9664
41.499
37.3595
33.5136
29.9297
26.5789
23.4344
20.4712
17.6661
14.997
12.4434
9.98526
7.60379
5.28064
2.99796
0.73825
-1.51579
-3.78143
-6.07603
-8.41718
-10.8228
-13.3116
-15.9025
-18.6157
-21.4724
-24.4948
-27.7067
-31.1335
-34.8028
-38.7442
-42.99
-47.5755
-52.5396
-57.9252
-63.78
-70.1573
-77.1172
-84.7275
-93.0658
-102.221
-112.297
-123.413
-135.713
-149.366
-164.575
-181.589
-200.712
-222.32
-246.883
-274.996
-307.41
-345.077
-389.206
-441.307
-503.22
-577.068
-665.04
-768.846
-888.637
-1021.34
-1159.07
1098.19
990.405
884.368
784.926
694.839
615.053
545.315
484.743
432.21
386.581
346.813
311.999
281.376
254.308
230.27
208.83
189.63
172.375
156.816
142.747
129.992
118.401
107.844
98.2113
89.4045
81.3383
73.9373
67.1343
60.8692
55.0879
49.7415
44.7856
40.1795
35.886
31.8707
28.1019
24.5498
21.1866
17.9863
14.924
11.9761
9.11999
6.33366
3.59579
0.885424
-1.81816
-4.53563
-7.28779
-10.0957
-12.9809
-15.9654
-19.0724
-22.3257
-25.7505
-29.3736
-33.2231
-37.3295
-41.7254
-46.4458
-51.529
-57.0166
-62.9544
-69.3925
-76.3865
-83.9983
-92.297
-101.36
-111.276
-122.145
-134.081
-147.218
-161.709
-177.736
-195.514
-215.295
-237.387
-262.157
-290.05
-321.608
-357.485
-398.47
-445.496
-499.638
-562.068
-633.944
-716.177
-809.028
-911.521
-1020.81
-1131.91
1078.16
987.341
897.052
810.416
729.597
655.745
589.194
529.74
476.868
429.93
388.247
351.173
318.123
288.58
262.097
238.29
216.832
197.44
179.876
163.933
149.432
136.219
124.16
113.134
103.039
93.7803
85.276
77.4516
70.2403
63.5816
57.4204
51.7066
46.3941
41.4405
36.8068
32.4564
28.3554
24.4721
20.7762
17.2395
13.8345
10.5354
7.31669
4.15388
1.0228
-2.10048
-5.23978
-8.41908
-11.6627
-14.9953
-18.4426
-22.031
-25.7879
-29.7425
-33.9253
-38.3688
-43.1077
-48.1793
-53.6235
-59.484
-65.8079
-72.6468
-80.0571
-88.1011
-96.8476
-106.373
-116.762
-128.111
-140.528
-154.133
-169.067
-185.489
-203.582
-223.56
-245.669
-270.199
-297.487
-327.931
-361.989
-400.195
-443.152
-491.526
-546.016
-607.293
-675.884
-752.001
-835.298
-924.59
-1017.65
-1111.25
1062.54
983.492
904.445
827.505
754.303
685.901
622.837
565.241
512.967
465.696
423.031
384.543
349.81
318.437
290.063
264.363
241.049
219.868
200.596
183.036
167.013
152.374
138.982
126.715
115.465
105.133
95.6329
86.8837
78.8135
71.3567
64.4533
58.048
52.0903
46.5333
41.3336
36.4507
31.8469
27.4867
23.3365
19.3645
15.5402
11.8345
8.21901
4.66616
1.14887
-2.35967
-5.88618
-9.45756
-13.101
-16.8444
-20.7162
-24.7461
-28.9649
-33.4051
-38.1007
-43.088
-48.4057
-54.095
-60.2004
-66.77
-73.8557
-81.5141
-89.8069
-98.8016
-108.573
-119.201
-130.779
-143.406
-157.193
-172.268
-188.769
-206.856
-226.709
-248.529
-272.549
-299.029
-328.267
-360.596
-396.388
-436.051
-480.02
-528.735
-582.609
-641.967
-706.964
-777.463
-852.909
-932.208
-1013.68
-1095.15
1050.21
979.615
908.778
839.185
772.073
708.349
648.585
593.064
541.842
494.818
451.788
412.493
376.649
343.967
314.168
286.99
262.188
239.541
218.845
199.919
182.596
166.728
152.179
138.828
126.564
115.287
104.905
95.3352
86.5011
78.333
70.7668
63.7433
57.2079
51.1101
45.4028
40.0421
34.9867
30.1981
25.6395
21.2762
17.0748
13.0034
9.03087
5.12708
1.26229
-2.59291
-6.46784
-10.392
-14.3952
-18.5079
-22.7615
-27.1884
-31.8223
-36.6987
-41.8549
-47.3303
-53.167
-59.4099
-66.1072
-73.3108
-81.0767
-89.4655
-98.5432
-108.382
-119.059
-130.661
-143.281
-157.024
-172.002
-188.342
-206.182
-225.676
-246.994
-270.326
-295.878
-323.881
-354.585
-388.262
-425.2
-465.694
-510.038
-558.5
-611.288
-668.507
-730.101
-795.778
-864.947
-936.673
-1009.68
-1082.44
1040.46
976.056
911.292
847.267
784.94
725.071
668.204
614.677
564.657
518.172
475.152
435.461
398.922
365.334
334.491
306.186
280.217
256.395
234.54
214.486
196.079
179.176
163.647
149.372
136.239
124.148
113.005
102.724
93.227
84.4402
76.2965
68.7337
61.6938
55.1231
48.9716
43.1924
37.7414
32.5772
27.6605
22.9539
18.4217
14.0293
9.74351
5.53167
1.36182
-2.79769
-6.97846
-11.2122
-15.5312
-19.9681
-24.5567
-29.3318
-34.3297
-39.5885
-45.1481
-51.0509
-57.3418
-64.0687
-71.283
-79.0398
-87.3982
-96.4224
-106.181
-116.75
-128.21
-140.649
-154.163
-168.858
-184.845
-202.25
-221.207
-241.862
-264.374
-288.915
-315.669
-344.833
-376.613
-411.222
-448.876
-489.778
-534.112
-582.017
-633.567
-688.73
-747.338
-809.04
-873.276
-939.263
-1006.01
-1072.39
1032.84
972.981
912.713
852.879
794.243
737.448
682.991
631.223
582.364
536.52
493.708
453.878
416.931
382.738
351.15
322.007
295.147
270.408
247.635
226.676
207.39
189.641
173.305
158.265
144.41
131.639
119.859
108.982
98.927
89.6188
80.9877
72.9688
65.502
58.5309
52.0029
45.8688
40.082
34.599
29.3782
24.38
19.5666
14.9014
10.3493
5.8756
1.44643
-2.9718
-7.41257
-11.9096
-16.4969
-21.2093
-26.0825
-31.1534
-36.4605
-42.0439
-47.9459
-54.2112
-60.887
-68.0239
-75.6756
-83.8999
-92.7586
-102.318
-112.65
-123.832
-135.947
-149.085
-163.342
-178.824
-195.642
-213.917
-233.779
-255.366
-278.824
-304.309
-331.981
-362.007
-394.555
-429.788
-467.86
-508.905
-553.024
-600.269
-650.621
-703.972
-760.095
-818.628
-879.059
-940.726
-1002.84
-1064.53
1027.02
970.471
913.483
856.738
800.872
746.436
693.884
643.562
595.712
550.486
507.955
468.128
430.962
396.38
364.276
334.531
307.012
281.584
258.109
236.451
216.479
198.067
181.093
165.445
151.015
137.701
125.41
114.053
103.549
93.8196
84.7946
76.407
68.5944
61.2988
54.4655
48.0434
41.9841
36.2422
30.7743
25.5392
20.4972
15.6104
10.8418
6.15521
1.5152
-3.11336
-7.76552
-12.4765
-17.282
-22.2183
-27.3228
-32.6341
-38.1923
-44.0393
-50.2193
-56.7786
-63.7666
-71.2357
-79.2416
-87.8441
-97.1069
-107.099
-117.892
-129.567
-142.208
-155.904
-170.754
-186.86
-204.334
-223.293
-243.861
-266.167
-290.349
-316.544
-344.894
-375.541
-408.618
-444.252
-482.549
-523.59
-567.419
-614.026
-663.338
-715.199
-769.358
-825.459
-883.036
-941.518
-1000.25
-1058.53
1022.81
968.568
913.874
859.307
805.415
752.689
701.545
652.319
605.264
560.554
518.294
478.531
441.26
406.439
373.996
343.839
315.858
289.939
265.957
243.79
223.316
204.414
186.968
170.867
156.007
142.286
129.611
117.893
107.05
97.0037
87.6811
79.0146
70.9405
63.399
56.3344
49.694
43.428
37.4897
31.8343
26.4193
21.2039
16.1488
11.2158
6.36753
1.56741
-3.22088
-8.03357
-12.907
-17.8782
-22.9845
-28.2646
-33.7583
-39.5071
-45.5541
-51.9448
-58.7271
-65.9516
-73.6723
-81.9463
-90.8347
-100.403
-110.721
-121.862
-133.908
-146.943
-161.058
-176.35
-192.922
-210.883
-230.346
-251.431
-274.262
-298.964
-325.665
-354.491
-385.562
-418.989
-454.868
-493.273
-534.248
-577.796
-623.871
-672.363
-723.094
-775.802
-830.141
-885.682
-941.919
-998.288
-1054.19
1020.06
967.291
914.055
860.877
808.255
756.639
706.423
657.931
611.42
567.076
525.023
485.33
448.016
413.06
380.414
350
321.728
295.493
271.184
248.686
227.882
208.657
190.899
174.499
159.352
145.361
132.43
120.471
109.401
99.1423
89.6204
80.7669
72.5172
64.8108
57.5908
50.8037
44.3989
38.3285
32.5471
27.0112
21.6792
16.5109
11.4673
6.51034
1.60253
-3.2932
-8.21385
-13.1966
-18.2791
-23.4998
-28.898
-34.5144
-40.3912
-46.5726
-53.105
-60.037
-67.4204
-75.3099
-83.7637
-92.8439
-102.617
-113.153
-124.527
-136.82
-150.119
-164.512
-180.099
-196.979
-215.261
-235.056
-256.481
-279.653
-304.692
-331.717
-360.844
-392.178
-425.815
-461.833
-500.282
-541.184
-584.518
-630.215
-678.147
-728.121
-779.873
-833.067
-887.3
-942.105
-996.971
-1051.36
1018.71
966.65
914.123
861.623
809.622
758.552
708.795
660.671
614.435
570.28
528.339
488.689
451.361
416.346
383.603
353.067
324.654
298.265
273.796
251.134
230.167
210.782
192.869
176.319
161.03
146.903
133.844
121.765
110.582
100.216
90.5945
81.6471
73.3093
65.5201
58.2221
51.3614
44.8868
38.7501
32.9054
27.3087
21.9181
16.6929
11.5937
6.58211
1.62018
-3.32955
-8.30447
-13.3422
-18.4807
-23.7588
-29.2163
-34.8944
-40.8355
-47.0845
-53.688
-60.6952
-68.1584
-76.1326
-84.6767
-93.8531
-103.728
-114.374
-125.865
-138.282
-151.712
-166.245
-181.978
-199.012
-217.454
-237.413
-259.006
-282.346
-307.551
-334.734
-364.006
-395.467
-429.202
-465.281
-503.744
-544.602
-587.822
-633.324
-680.971
-730.566
-781.844
-834.475
-888.067
-942.174
-996.31
-1049.97
-2258.36
-2306.1
-2221.1
-2143.6
-2086.28
-2044.75
-2014.3
-1991.65
-1974.64
-1961.82
-1952.23
-1945.2
-1940.28
-1937.14
-1935.62
-1740.69
-1928.61
-1978.66
-1980.29
-1968.05
-1953.62
-1940.56
-1929.71
-1921.04
-1914.27
-1909.1
-1905.26
-1902.56
-1900.84
-1900
-1506.93
-1688.91
-1784.6
-1830.8
-1851.94
-1861.05
-1864.55
-1865.55
-1865.49
-1865.06
-1864.57
-1864.14
-1863.81
-1863.6
-1863.49
-1379.99
-1535.44
-1639.96
-1706.33
-1747.82
-1774.02
-1791
-1802.37
-1810.25
-1815.86
-1819.92
-1822.85
-1824.89
-1826.19
-1826.82
-1301.41
-1432.85
-1533.44
-1606.67
-1658.92
-1696.17
-1723
-1742.64
-1757.22
-1768.15
-1776.35
-1782.39
-1786.66
-1789.39
-1790.73
-1248.26
-1361.07
-1454.24
-1527.96
-1584.97
-1628.67
-1662.15
-1687.91
-1707.79
-1723.13
-1734.87
-1743.65
-1749.91
-1753.94
-1755.92
-1210.15
-1308.89
-1394.43
-1465.92
-1524.29
-1571.33
-1608.98
-1639
-1662.85
-1681.67
-1696.3
-1707.38
-1715.34
-1720.5
-1723.03
-1181.75
-1269.86
-1348.62
-1416.94
-1474.91
-1523.34
-1563.39
-1596.22
-1622.9
-1644.33
-1661.24
-1674.17
-1683.53
-1689.63
-1692.63
-1160.12
-1240.15
-1313.23
-1378.27
-1435
-1483.7
-1524.96
-1559.53
-1588.15
-1611.48
-1630.09
-1644.47
-1654.95
-1661.8
-1665.18
-1143.48
-1217.36
-1285.82
-1347.88
-1403.09
-1451.44
-1493.19
-1528.76
-1558.63
-1583.28
-1603.15
-1618.61
-1629.94
-1637.38
-1641.06
-1130.74
-1199.97
-1264.77
-1324.28
-1378
-1425.74
-1467.55
-1503.63
-1534.28
-1559.83
-1580.58
-1596.82
-1608.79
-1616.67
-1620.58
-1121.18
-1186.96
-1248.97
-1306.44
-1358.85
-1405.93
-1447.59
-1483.89
-1515
-1541.12
-1562.47
-1579.26
-1591.69
-1599.88
-1603.96
-1114.34
-1177.68
-1237.67
-1293.62
-1345
-1391.49
-1432.94
-1469.3
-1500.66
-1527.13
-1548.87
-1566.03
-1578.76
-1587.17
-1591.36
-1109.93
-1171.7
-1230.38
-1285.32
-1336
-1382.07
-1423.32
-1459.69
-1491.16
-1517.83
-1539.79
-1557.18
-1570.1
-1578.65
-1582.91
-1107.77
-1168.77
-1226.81
-1281.24
-1331.56
-1377.41
-1418.56
-1454.91
-1486.44
-1513.19
-1535.26
-1552.74
-1565.75
-1574.37
-1578.66
)
;

boundaryField
{
    hot
    {
        type            calculated;
        value           nonuniform List<scalar> 
120
(
954.256
956.95
962.327
970.372
981.052
994.321
1010.11
1028.33
1048.86
1071.53
1096.17
1122.57
1150.48
1179.68
1209.94
1238.44
1264.83
1291.61
1318.71
1346.07
1373.62
1401.32
1429.09
1456.85
1484.52
1511.99
1539.15
1565.89
1592.12
1617.73
1642.62
1666.71
1689.92
1712.21
1733.51
1753.79
1773.02
1791.19
1808.31
1824.37
1839.41
1853.45
1866.54
1878.7
1890
1900.49
1910.22
1919.24
1927.61
1935.4
1942.65
1949.42
1955.78
1961.75
1967.41
1972.78
1977.91
1982.83
1987.58
1992.18
1996.66
2001.04
2005.33
2009.55
2013.72
2017.85
2021.94
2026
2030.04
2034.07
2038.09
2042.1
2046.11
2050.1
2054.08
2058.05
2062
2065.91
2069.76
2073.54
2077.22
2080.75
2084.1
2087.2
2089.98
2092.38
2094.3
2095.64
2096.28
2096.11
2095
2092.81
2089.39
2084.58
2078.23
2070.2
2060.34
2048.52
2034.63
2018.62
2000.45
1980.14
1957.78
1933.52
1907.56
1877.45
1843.09
1807.87
1772.49
1737.66
1704.06
1672.31
1642.93
1616.41
1593.09
1573.28
1557.2
1545.01
1536.83
1532.72
)
;
    }
    cold
    {
        type            calculated;
        value           nonuniform List<scalar> 
120
(
-1450.04
-1454.08
-1462.11
-1474.08
-1489.87
-1509.33
-1532.23
-1558.3
-1587.17
-1618.42
-1651.51
-1685.87
-1720.85
-1755.79
-1790.03
-1820.21
-1846.41
-1871.12
-1894.15
-1915.37
-1934.74
-1952.23
-1967.9
-1981.82
-1994.1
-2004.86
-2014.24
-2022.37
-2029.39
-2035.43
-2040.62
-2045.05
-2048.84
-2052.06
-2054.81
-2057.16
-2059.15
-2060.85
-2062.31
-2063.56
-2064.64
-2065.58
-2066.41
-2067.16
-2067.83
-2068.46
-2069.05
-2069.64
-2070.23
-2070.83
-2071.47
-2072.16
-2072.91
-2073.74
-2074.66
-2075.69
-2076.84
-2078.13
-2079.56
-2081.14
-2082.89
-2084.81
-2086.9
-2089.16
-2091.58
-2094.16
-2096.89
-2099.77
-2102.78
-2105.91
-2109.16
-2112.5
-2115.92
-2119.42
-2122.98
-2126.58
-2130.21
-2133.84
-2137.46
-2141.03
-2144.52
-2147.89
-2151.08
-2154.03
-2156.68
-2158.93
-2160.71
-2161.9
-2162.38
-2162.04
-2160.74
-2158.33
-2154.66
-2149.58
-2142.92
-2134.54
-2124.27
-2112
-2097.62
-2081.04
-2062.25
-2041.26
-2018.16
-1993.11
-1966.32
-1935.25
-1899.8
-1863.47
-1826.98
-1791.06
-1756.41
-1723.66
-1693.37
-1666.02
-1641.98
-1621.55
-1604.97
-1592.41
-1583.97
-1579.73
)
;
    }
    interface_left
    {
        type            calculated;
        value           nonuniform List<scalar> 
90
(
2440.99
1821.97
1539.51
1365.65
1218.73
1050.47
793.869
281.539
-1015.14
3883.97
2579.96
2049.62
1754.37
1498.51
1127.94
301.854
3238.6
2421.75
2070.58
1845.23
1588.05
1073.73
2825.07
2331.98
2126.33
2011.51
1917.27
1792.35
1529.91
2433.42
2179.52
2073.85
2015.65
1969.84
1913.11
1800.44
2168.7
2059.47
2010.43
1978.83
1947.37
1898.45
1787.75
2176.1
2064.52
2013
1974.54
1922.74
1810.05
2204.45
2092.74
2043.6
2011.74
1978.36
1922.94
1792.16
2267.64
2136.68
2080.85
2046.7
2013.35
1960.95
1840.94
2265.39
2143.94
2088.13
2047.88
1999.23
1909.15
1684.51
2535.42
2310.97
2220.99
2171.51
2127.07
2056.24
1884.14
2559.46
2395.61
2342.81
2330.32
2337.28
2357.94
2392.28
2443.95
2521.49
2643.62
2855.46
3281.09
4307.26
)
;
    }
    interface_right
    {
        type            calculated;
        value           nonuniform List<scalar> 
90
(
-4115.21
-3126.9
-2715.35
-2508.9
-2388.11
-2309.37
-2254.26
-2213.84
-2183.24
-2159.55
-2140.9
-2126.03
-2114.05
-2104.32
-2096.38
-2089.85
-2084.47
-2080.02
-2076.31
-2073.23
-2070.65
-2068.48
-2066.66
-2065.12
-2063.8
-2062.68
-2061.7
-2060.84
-2060.07
-2059.37
-2058.71
-2058.07
-2057.43
-2056.77
-2056.06
-2055.28
-2054.39
-2053.34
-2052.1
-2050.57
-2048.67
-2046.22
-2043
-2038.57
-2032.14
-2021.96
-2003.73
-1965.12
-1850.37
-2251.9
-2144.58
-2098.49
-2068.92
-2037.31
-1983.27
-1853.62
-2330.01
-2199.79
-2144.58
-2110.93
-2078.01
-2025.98
-1906.27
-2330.98
-2209.75
-2154.14
-2114.07
-2065.59
-1975.66
-1751.17
-2602.23
-2377.93
-2288.12
-2238.82
-2194.58
-2123.99
-1952.16
-2627.82
-2464.36
-2412.05
-2400.16
-2407.89
-2429.54
-2465.17
-2518.6
-2598.66
-2724.66
-2943.11
-3381.92
-4439.76
)
;
    }
    interface_top
    {
        type            calculated;
        value           nonuniform List<scalar> 
90
(
1443.15
570.595
282.174
170.087
117.855
89.1106
71.1092
58.7519
49.7069
42.7745
37.2757
32.7973
29.0728
25.9228
23.2217
20.8793
18.8286
17.0192
15.412
13.9766
12.6883
11.5273
10.4773
9.52464
8.65785
7.86713
7.14402
6.48119
5.87218
5.31129
4.79344
4.31406
3.86902
3.45459
3.06732
2.70405
2.36186
2.03803
1.72998
1.43531
1.15172
0.877009
0.609047
0.345771
0.0851555
-0.174804
-0.436105
-0.700756
-0.970794
-1.2483
-1.53543
-1.8344
-2.14755
-2.47733
-2.82636
-3.19742
-3.59349
-4.01782
-4.47391
-4.96562
-5.49717
-6.07325
-6.6991
-7.38057
-8.1243
-8.93785
-9.82991
-10.8106
-11.8917
-13.0872
-14.4141
-15.8928
-17.5484
-19.4126
-21.5255
-23.9392
-26.7226
-29.9688
-33.8071
-38.4226
-44.0898
-51.2348
-60.5573
-73.2939
-91.8483
-121.476
-175.314
-290.848
-588.14
-1487.54
)
;
    }
    interface_bottom
    {
        type            calculated;
        value           nonuniform List<scalar> 
90
(
827.273
329.264
164.517
100.42
70.5243
54.0756
43.7988
36.7811
31.6902
27.8409
24.8468
22.4738
20.5734
19.048
17.8327
16.8854
16.1804
15.7065
15.4656
15.4749
15.7712
16.4195
17.5311
19.2976
22.0645
26.5016
34.0383
48.1039
78.0146
152.201
366.213
1065.54
1066.7
369.826
158.725
88.3749
64.0573
59.0645
68.1729
99.0472
184.11
436.486
1267.34
1266.58
434.112
179.853
92.3377
57.8962
42.9192
36.8
36.4957
42.8042
61.7311
113.648
268.219
778.093
777.061
265.077
108.245
53.7831
31.8267
21.6614
16.6298
14.5329
14.9927
19.1335
31.1098
64.2659
163.894
494.088
492.321
158.551
55.2091
18.0929
1.76681
-7.31937
-13.6454
-18.907
-23.8564
-28.8555
-33.9302
-38.2413
-37.6894
-49.9141
-77.1664
-107.876
-159.035
-266.741
-542.737
-1377.02
)
;
    }
    defaultFaces
    {
        type            empty;
    }
}


// ************************************************************************* //
