/*--------------------------------*- C++ -*----------------------------------*\
| =========                 |                                                 |
| \\      /  F ield         | OpenFOAM: The Open Source CFD Toolbox           |
|  \\    /   O peration     | Version:  5.x                                   |
|   \\  /    A nd           | Web:      www.OpenFOAM.org                      |
|    \\/     M anipulation  |                                                 |
\*---------------------------------------------------------------------------*/
FoamFile
{
    version     2.0;
    format      ascii;
    class       volScalarField;
    location    "18.3";
    object      gradTy;
}
// * * * * * * * * * * * * * * * * * * * * * * * * * * * * * * * * * * * * * //

dimensions      [0 -1 0 1 0 0 0];

internalField   nonuniform List<scalar> 
6300
(
1002.55
1007.66
1012.74
1017.78
1022.76
1027.68
1032.51
1037.24
1041.86
1046.34
1050.69
1054.88
1058.9
1062.75
1066.42
0.0114703
0.0344055
0.0573228
0.0801967
0.102978
0.125583
0.147885
0.169695
0.190749
0.210699
0.229112
0.245476
0.259229
0.269809
0.276713
0.0191222
0.0573628
0.0955864
0.133761
0.171818
0.209635
0.247013
0.283653
0.319127
0.352859
0.384112
0.412006
0.435551
0.45374
0.465656
0.0267758
0.080333
0.133895
0.187439
0.240894
0.29412
0.346874
0.398772
0.449242
0.49749
0.542469
0.582878
0.617226
0.643941
0.661565
0.0344247
0.103295
0.172216
0.241195
0.310186
0.379063
0.447577
0.5153
0.581561
0.645374
0.705375
0.759797
0.806515
0.843212
0.867658
0.0420525
0.126201
0.210475
0.294933
0.379584
0.464359
0.549057
0.633276
0.716314
0.797055
0.873847
0.944404
1.00582
1.05473
1.08775
0.0496331
0.148975
0.24854
0.348462
0.448841
0.549712
0.650996
0.752409
0.853338
0.952661
1.04853
1.13813
1.2176
1.2821
1.32646
0.057136
0.17152
0.28624
0.401523
0.51759
0.634635
0.752785
0.872005
0.991946
1.1117
1.22944
1.34197
1.4443
1.52958
1.58972
0.0645253
0.193723
0.323368
0.453787
0.585342
0.718434
0.853482
0.990853
1.13071
1.27273
1.41553
1.55595
1.68802
1.80215
1.88552
0.0717659
0.21547
0.35971
0.504898
0.651537
0.800254
0.951828
1.10718
1.2673
1.43292
1.60395
1.77823
1.94959
2.1054
2.22517
0.0788308
0.236675
0.395089
0.55454
0.715631
0.879191
1.04636
1.21872
1.39833
1.58766
1.78906
2.00336
2.22663
2.44457
2.62547
0.0857104
0.257299
0.429417
0.60252
0.777234
0.954485
1.13568
1.32297
1.5196
1.73025
1.9612
2.2194
2.50889
2.82065
3.1119
0.092419
0.277382
0.462746
0.648868
0.836273
1.0258
1.21887
1.41784
1.62678
1.85248
2.10598
2.40407
2.76877
3.21715
3.7196
0.0989987
0.297055
0.4953
0.693908
0.893159
1.09356
1.2961
1.50269
1.71714
1.94683
2.20606
2.52201
2.94488
3.55951
4.46435
0.105516
0.316528
0.527473
0.738282
0.948865
1.15915
1.36923
1.57965
1.79218
2.01156
2.24932
2.53294
2.92912
3.61158
5.096
1069.61
1072.38
1075.01
1077.52
1079.9
1082.15
1084.29
1086.32
1088.24
1090.07
1091.8
1093.46
1095.04
1096.56
1098.03
1099.45
1100.83
1102.19
1103.52
1104.84
1106.15
1107.46
1108.79
1110.12
1111.47
1112.85
1114.25
1115.69
1117.15
1118.65
1120.18
1121.74
1123.34
1124.96
1126.6
1128.26
1129.94
1131.63
1133.32
1135.01
1136.68
1138.34
1139.96
1141.54
1143.08
1144.55
1145.94
1147.26
1148.47
1149.58
1150.57
1151.43
1152.14
1152.69
1153.06
1153.24
1153.21
1152.94
1152.42
1151.63
1150.53
1149.11
1147.33
1145.18
1142.61
1139.59
1136.09
1132.06
1127.46
1122.25
1116.37
1109.77
1102.39
1094.16
1085.03
1074.92
1063.77
1051.5
1038.03
1023.29
1007.21
989.705
970.71
950.159
927.991
904.159
878.625
851.363
822.367
791.642
0.279332
0.278783
0.275299
0.268982
0.26003
0.248714
0.235359
0.220309
0.203914
0.186504
0.168383
0.149816
0.131034
0.112231
0.0935696
0.0751914
0.0572204
0.0397733
0.0229667
0.00692367
-0.00822053
-0.0223157
-0.0351961
-0.0466842
-0.0565974
-0.0647605
-0.0710198
-0.0752605
-0.0774213
-0.077504
-0.0755729
-0.0717413
-0.0661459
-0.0589138
-0.0501304
-0.0398194
-0.0279417
-0.0144164
0.000841723
0.0178764
0.0366492
0.0570165
0.0787354
0.101498
0.124992
0.148969
0.173302
0.198027
0.223345
0.249595
0.277208
0.306638
0.338305
0.372537
0.409551
0.449449
0.49225
0.537952
0.58659
0.638299
0.693351
0.752171
0.815318
0.883447
0.957255
1.03742
1.12455
1.21913
1.32147
1.43173
1.54991
1.67586
1.8093
1.94984
2.09696
2.24994
2.40783
2.5693
2.73259
2.89539
3.05479
3.20726
3.34871
3.4746
3.58017
3.66074
3.71204
3.73063
3.71421
3.66192
0.470201
0.469284
0.463311
0.452467
0.437113
0.41774
0.394926
0.369286
0.34143
0.311929
0.281299
0.249987
0.218372
0.18677
0.155443
0.124613
0.0944742
0.0652087
0.0370001
0.0100452
-0.0154356
-0.0391925
-0.0609439
-0.0803818
-0.0971839
-0.111034
-0.121649
-0.128815
-0.132415
-0.132451
-0.129054
-0.122452
-0.112927
-0.100739
-0.086063
-0.06894
-0.0492722
-0.0268645
-0.00150277
0.0269501
0.0584653
0.0927957
0.12948
0.167912
0.207462
0.247619
0.288116
0.329004
0.370658
0.413725
0.459021
0.507404
0.559653
0.616361
0.677884
0.744341
0.815678
0.891785
0.972629
1.05837
1.14945
1.24659
1.35079
1.46322
1.58515
1.7178
1.86225
2.01936
2.18968
2.37346
2.57066
2.781
3.00403
3.23911
3.48545
3.74198
4.00724
4.27919
4.55503
4.83102
5.10233
5.363
5.60599
5.8234
6.00683
6.14789
6.23889
6.27352
6.24755
6.15933
0.668365
0.6671
0.658375
0.642493
0.620032
0.591773
0.558621
0.521518
0.481379
0.439048
0.395267
0.350666
0.305765
0.260989
0.216679
0.173118
0.13055
0.0892041
0.0493117
0.0111296
-0.0250463
-0.0588684
-0.0899327
-0.117783
-0.141928
-0.16187
-0.17715
-0.187408
-0.192439
-0.192244
-0.187048
-0.177271
-0.163437
-0.146041
-0.125413
-0.101617
-0.0744381
-0.0434551
-0.00818528
0.0317285
0.0763432
0.125302
0.177826
0.232835
0.289178
0.345901
0.402491
0.459002
0.516064
0.574775
0.636517
0.702736
0.774711
0.853385
0.939246
1.03234
1.13237
1.23893
1.35175
1.4709
1.59695
1.73098
1.87454
2.02946
2.19775
2.38132
2.58187
2.8007
3.03864
3.29599
3.57262
3.86802
4.18152
4.5123
4.85939
5.22157
5.59713
5.9836
6.37739
6.77352
7.16531
7.5443
7.90021
8.22125
8.49459
8.70724
8.84701
8.90377
8.8706
8.74471
0.877233
0.875643
0.863734
0.841985
0.811295
0.772858
0.728016
0.678134
0.624504
0.568277
0.51044
0.451801
0.393006
0.334563
0.276864
0.220222
0.164899
0.111139
0.0591948
0.00936013
-0.0380101
-0.0824778
-0.123511
-0.160481
-0.192685
-0.219377
-0.239842
-0.253486
-0.259946
-0.259193
-0.251595
-0.237889
-0.219032
-0.195955
-0.169279
-0.13912
-0.105038
-0.0661731
-0.0215091
0.029784
0.0880126
0.15272
0.222638
0.295885
0.370389
0.444421
0.517026
0.588253
0.659141
0.731506
0.807619
0.889826
0.980176
1.08011
1.19025
1.31039
1.43971
1.57712
1.7218
1.87354
2.03299
2.20171
2.38196
2.57652
2.78838
3.02043
3.2752
3.55458
3.85969
4.19083
4.54756
4.92903
5.33419
5.76204
6.21164
6.68192
7.17137
7.6775
8.19643
8.72227
9.24676
9.75886
10.2447
10.6878
11.0698
11.3715
11.5747
11.6636
11.6272
11.461
1.10094
1.09906
1.08328
1.05437
1.01374
0.963197
0.904706
0.840196
0.771422
0.699889
0.626834
0.553229
0.479815
0.407141
0.335606
0.265508
0.197081
0.130543
0.0661285
0.00413188
-0.055061
-0.110939
-0.162842
-0.209946
-0.251276
-0.285747
-0.312252
-0.329804
-0.337732
-0.33589
-0.324829
-0.305813
-0.280594
-0.250939
-0.218051
-0.182157
-0.142411
-0.0971274
-0.0442623
0.0179711
0.0904724
0.172757
0.26278
0.357243
0.452404
0.545117
0.633665
0.718115
0.800213
0.882966
0.970075
1.06532
1.17198
1.29226
1.42697
1.57537
1.73552
1.90499
2.08182
2.26519
2.45584
2.65596
2.86891
3.09881
3.35008
3.62698
3.93322
4.27154
4.64341
5.04892
5.48703
5.95605
6.4543
6.98057
7.53421
8.11481
8.72167
9.3531
10.0056
10.6731
11.3462
12.0113
12.6508
13.2424
13.7606
14.1779
14.4669
14.6038
14.5708
14.3604
1.34458
1.34246
1.32171
1.28361
1.23044
1.16495
1.09004
1.00838
0.922304
0.833694
0.744027
0.654396
0.565577
0.478099
0.392304
0.308412
0.226573
0.146919
0.0696151
-0.00509712
-0.076846
-0.145084
-0.209038
-0.267678
-0.319697
-0.36354
-0.397503
-0.419929
-0.429531
-0.425807
-0.409465
-0.382615
-0.34849
-0.310522
-0.271097
-0.23069
-0.187707
-0.138949
-0.0804564
-0.00857731
0.0788954
0.181702
0.296577
0.417645
0.537991
0.651856
0.756246
0.851402
0.940379
1.02819
1.12085
1.22443
1.3442
1.4837
1.64403
1.82347
2.01794
2.22232
2.43244
2.6464
2.86508
3.09176
3.33149
3.59037
3.87489
4.19131
4.54509
4.94023
5.3787
5.86011
6.38202
6.941
7.53407
8.15972
8.81797
9.50987
10.2366
10.9983
11.7932
12.6159
13.4569
14.3008
15.1257
15.9027
16.5968
17.1688
17.5784
17.7883
17.7701
17.51
1.61496
1.61263
1.58505
1.53451
1.46478
1.3802
1.28499
1.18285
1.07674
0.968936
0.86109
0.754321
0.649345
0.546573
0.446207
0.348308
0.252869
0.159868
0.0693272
-0.0186317
-0.103723
-0.185428
-0.262917
-0.334972
-0.399914
-0.455581
-0.499385
-0.528538
-0.540534
-0.533913
-0.509246
-0.46991
-0.421938
-0.372225
-0.325581
-0.282954
-0.241346
-0.194818
-0.135963
-0.0576184
0.0451974
0.173228
0.321412
0.479041
0.632856
0.772183
0.892065
0.99352
1.08215
1.16636
1.2558
1.36016
1.48793
1.64505
1.83347
2.04987
2.28599
2.53131
2.77742
3.02073
3.26269
3.50865
3.76638
4.0449
4.35363
4.70171
5.09727
5.54641
6.05204
6.61284
7.22348
7.87669
8.5668
9.29175
10.0531
10.8546
11.7009
12.5957
13.5403
14.5322
15.5632
16.6175
17.6693
18.6821
19.6086
20.3935
20.977
21.301
21.3174
21.0005
1.92165
1.91907
1.88136
1.81294
1.72039
1.61062
1.4898
1.36285
1.23343
1.10408
0.976439
0.851506
0.729783
0.611435
0.496412
0.384524
0.27552
0.169144
0.0651939
-0.0364191
-0.135596
-0.231958
-0.324734
-0.412615
-0.493595
-0.564809
-0.622463
-0.661954
-0.678441
-0.668105
-0.630249
-0.56974
-0.497999
-0.429617
-0.374391
-0.333861
-0.302183
-0.268554
-0.219659
-0.142031
-0.0249501
0.13559
0.332492
0.545768
0.748417
0.920339
1.05424
1.15393
1.2301
1.29678
1.36908
1.46197
1.58915
1.76115
1.98238
2.24762
2.54057
2.83892
3.12619
3.39674
3.65429
3.90833
4.17105
4.45564
4.77541
5.14346
5.572
6.07097
6.64561
7.2935
8.00331
8.75893
9.54903
10.3711
11.2299
12.1345
13.0951
14.121
15.219
16.3918
17.6357
18.9372
20.2688
21.5853
22.8238
23.9075
24.749
25.256
25.3444
24.9619
2.27924
2.27596
2.22177
2.12602
2.0007
1.8569
1.70337
1.54636
1.38996
1.23666
1.08781
0.943991
0.805282
0.671441
0.542035
0.416524
0.294329
0.174875
0.057647
-0.0577587
-0.17156
-0.283687
-0.393629
-0.500225
-0.601359
-0.693586
-0.771711
-0.828511
-0.854989
-0.841943
-0.783892
-0.685768
-0.569247
-0.46809
-0.402068
-0.372052
-0.365851
-0.364292
-0.344754
-0.283284
-0.157718
0.0455386
0.319937
0.627731
0.90815
1.12316
1.2656
1.34812
1.39167
1.41904
1.45261
1.51434
1.62574
1.80624
2.06782
2.40537
2.78726
3.16237
3.49892
3.79135
4.05084
4.29537
4.54414
4.81559
5.12756
5.49797
5.94515
6.48642
7.13356
7.88481
8.71703
9.59134
10.485
11.3972
12.3406
13.3337
14.3951
15.5422
16.7896
18.1487
19.6251
21.2135
22.8896
24.6005
26.2616
27.77
29.0025
29.8134
30.0494
29.5945
2.71224
2.70607
2.62193
2.48161
2.30758
2.1172
1.92204
1.7291
1.54216
1.36298
1.19209
1.02928
0.873932
0.725227
0.582219
0.443929
0.309372
0.177588
0.0476685
-0.081211
-0.209735
-0.338355
-0.467133
-0.595482
-0.721729
-0.842443
-0.951441
-1.0385
-1.08822
-1.08036
-0.995013
-0.828062
-0.618151
-0.455744
-0.377676
-0.375731
-0.422605
-0.485675
-0.529978
-0.51658
-0.402106
-0.146712
0.259527
0.749342
1.1623
1.4307
1.56347
1.59867
1.57682
1.53262
1.4959
1.49547
1.56313
1.73486
2.04417
2.49952
3.044
3.54162
3.93542
4.23365
4.46919
4.67661
4.88485
5.11752
5.39585
5.74224
6.18315
6.7497
7.47189
8.35981
9.37041
10.3961
11.3948
12.3785
13.3802
14.4346
15.5721
16.8191
18.1996
19.737
21.4533
23.3636
25.4607
27.6874
29.9195
32.0301
33.8633
35.1988
35.7493
35.2352
3.26763
3.24844
3.10295
2.8857
2.63792
2.38424
2.1374
1.90306
1.68306
1.47726
1.28463
1.10372
0.932942
0.770729
0.615539
0.465892
0.320361
0.177562
0.036143
-0.105219
-0.247809
-0.392826
-0.541284
-0.693788
-0.850082
-1.00819
-1.16276
-1.30227
-1.40438
-1.43035
-1.32365
-1.03223
-0.59866
-0.321955
-0.243674
-0.309121
-0.456061
-0.634114
-0.798324
-0.895453
-0.849452
-0.556217
0.0787209
0.981571
1.62456
1.93348
2.00175
1.9313
1.79401
1.63535
1.48684
1.37845
1.35055
1.46528
1.81011
2.46521
3.3681
4.07026
4.50943
4.76609
4.9279
5.05652
5.19024
5.35354
5.566
5.85025
6.24007
6.78872
7.57139
8.65801
10.0019
11.2395
12.3258
13.3338
14.3438
15.4155
16.5912
17.9035
19.3835
21.0673
23.0018
25.2446
27.8447
30.7662
33.7522
36.689
39.4405
41.7142
42.982
42.5259
4.05446
3.97261
3.6872
3.33366
2.97669
2.64134
2.33464
2.05627
1.80338
1.57249
1.36021
1.16346
0.979539
0.806039
0.640805
0.481863
0.327357
0.175495
0.0244876
-0.127503
-0.282423
-0.442371
-0.609634
-0.786654
-0.975843
-1.17901
-1.39579
-1.6199
-1.83018
-1.97135
-1.91827
-1.44108
-0.353297
0.0975413
0.0972631
-0.125181
-0.444729
-0.802496
-1.16328
-1.48044
-1.65282
-1.45778
-0.487909
1.58793
2.5678
2.78271
2.63967
2.3601
2.04188
1.72337
1.41993
1.14545
0.932521
0.864277
1.12919
2.07401
3.98111
4.97747
5.34611
5.43497
5.43424
5.42893
5.45288
5.5186
5.63264
5.80611
6.06812
6.49063
7.23305
8.58559
10.7862
12.3007
13.3691
14.2862
15.2181
16.2465
17.4132
18.7461
20.2736
22.0365
24.1059
26.6109
29.7654
33.7519
37.655
41.6147
45.705
49.6776
52.6966
52.9502
5.39731
4.98963
4.36942
3.78638
3.28419
2.85715
2.49104
2.17278
1.89205
1.64095
1.41344
1.20477
1.01117
0.8295
0.657072
0.49151
0.330618
0.172274
0.0143337
-0.145479
-0.309698
-0.48128
-0.663823
-0.861876
-1.08136
-1.33007
-1.61813
-1.95727
-2.35534
-2.79189
-3.12345
-2.72903
0.809366
1.16673
0.758201
0.198685
-0.378244
-0.9664
-1.59088
-2.27373
-2.98508
-3.47493
-2.64698
3.77256
4.61259
4.14738
3.47421
2.84461
2.29026
1.78978
1.31142
0.823955
0.306302
-0.21631
-0.530604
0.297256
5.90563
6.78862
6.58567
6.23289
5.94723
5.75929
5.65547
5.61418
5.6138
5.63461
5.66518
5.73201
6.01626
7.29206
12.5585
14.0041
14.6305
15.2171
15.9536
16.8783
17.9959
19.3086
20.8245
22.5644
24.5827
27.0421
30.4879
36.8575
41.4764
46.3518
52.1391
59.0139
66.393
70.8988
8.54831
6.31246
4.99793
4.12254
3.4833
2.98505
2.57838
2.23512
1.93791
1.67533
1.4394
1.22429
1.02553
0.839554
0.663363
0.494353
0.330136
0.168406
0.00681608
-0.157162
-0.326418
-0.504443
-0.695708
-0.906265
-1.14479
-1.4245
-1.76691
-2.20975
-2.82503
-3.76358
-5.37397
-8.54425
6.55263
3.33872
1.63648
0.547568
-0.295637
-1.07802
-1.93443
-3.02592
-4.63624
-7.38962
-12.8579
13.9915
8.53671
5.81133
4.24583
3.2206
2.46092
1.82423
1.21594
0.545853
-0.312827
-1.5969
-3.83511
-8.36347
14.6345
10.1633
8.04074
6.93394
6.31928
5.9683
5.76781
5.65069
5.56429
5.44889
5.20991
4.66017
3.37155
0.251804
19.8327
16.8868
15.9487
15.932
16.4177
17.2318
18.2974
19.5783
21.0526
22.6912
24.4239
26.0524
26.9997
42.4837
44.9279
49.7753
57.0063
67.6236
84.2259
113.218
755.972
714.672
671.086
625.344
577.599
528.019
476.781
424.069
370.07
314.965
258.937
202.161
144.808
87.0473
29.0428
3.56568
3.41344
3.22032
2.99438
2.74433
2.47857
2.20449
1.92801
1.65347
1.38369
1.12008
0.862934
0.611666
0.365029
0.12134
5.99514
5.73439
5.40361
5.0174
4.59134
4.14023
3.67683
3.2112
2.75054
2.2993
1.85962
1.4317
1.0143
0.605111
0.201112
8.50628
8.12538
7.64234
7.08028
6.46342
5.81418
5.15139
4.48943
3.83815
3.20335
2.58738
1.98994
1.40872
0.839993
0.279108
11.1382
10.6185
9.96009
9.19798
8.36787
7.50167
6.62512
5.75695
4.90928
4.08853
3.29658
2.53194
1.79063
1.06702
0.35443
13.9377
13.2505
12.3815
11.3837
10.3084
9.19953
8.09047
7.00398
5.95348
4.94487
3.97846
3.05057
2.1548
1.28302
0.426015
16.9633
16.064
14.9318
13.6468
12.2825
10.8976
9.53326
8.21505
6.95579
5.759
4.62179
3.53704
2.49497
1.48424
0.492612
20.2917
19.11
17.6347
15.9889
14.2771
12.5749
10.9299
9.36718
7.89563
6.51356
5.21266
3.9808
2.80378
1.66635
0.552793
24.0281
22.4493
20.508
18.3968
16.2617
14.1947
12.2441
10.4281
8.74599
7.18695
5.73448
4.36972
3.07298
1.82457
0.604996
28.3244
26.1509
23.5508
20.8285
18.178
15.6979
13.4236
11.3547
9.47326
7.75373
6.16857
4.69058
3.29385
1.95394
0.647612
33.4088
30.2791
26.7158
23.1885
19.9241
16.9953
14.3975
12.0939
10.0385
8.1861
6.49548
4.93015
3.45787
2.04972
0.679118
39.6301
34.8408
29.8443
25.2855
21.3344
17.9617
15.0771
12.5846
10.4007
8.45665
6.69705
5.07666
3.55775
2.10793
0.698253
47.4812
39.609
32.535
26.7742
22.1661
18.44
15.3644
12.7667
10.5229
8.54271
6.7594
5.12164
3.58852
2.12598
0.704213
57.2382
43.5788
33.9122
27.1101
22.1156
18.2676
15.1734
12.5949
10.3813
8.43188
6.67615
5.06194
3.5487
2.10324
0.696825
65.7514
43.5556
32.4246
25.6381
20.9187
17.3413
14.4666
12.0582
9.97536
8.12735
6.45135
4.90123
3.44108
2.04142
0.67667
0.111499
0.334413
0.557043
0.779091
1.00009
1.21933
1.43577
1.64807
1.85469
2.05462
2.24928
2.44729
2.6762
3.01086
3.64278
0.116998
0.350874
0.584342
0.816949
1.04794
1.27606
1.49926
1.71428
1.91604
2.09676
2.24465
2.34109
2.35097
2.17918
1.46137
0.122576
0.367609
0.612223
0.85591
1.09776
1.33618
1.56839
1.78966
1.99194
2.16162
2.27569
2.29495
2.1518
1.72667
0.811132
0.128232
0.384624
0.640731
0.896125
1.14995
1.40059
1.64509
1.87817
2.09041
2.26506
2.37251
2.36152
2.14836
1.61472
0.651648
0.133935
0.401826
0.669719
0.93741
1.20432
1.46922
1.72967
1.9811
2.21493
2.41512
2.55156
2.56838
2.36744
1.80091
0.728417
0.13962
0.419014
0.698829
0.979212
1.26008
1.54091
1.82048
2.09617
2.36272
2.60941
2.81365
2.92633
2.84039
2.33841
1.07207
0.145195
0.435897
0.727525
1.02066
1.31582
1.61346
1.91395
2.21753
2.52423
2.83311
3.13929
3.42206
3.60222
3.40665
2.02527
0.150548
0.452124
0.755156
1.06067
1.36981
1.684
2.00522
2.33667
2.68412
3.05858
3.48115
3.98893
4.62487
5.29829
4.832
0.155562
0.467326
0.781041
1.09813
1.42027
1.74962
2.08934
2.44464
2.82518
3.25054
3.76377
4.46667
5.62139
7.98124
14.0259
0.160128
0.481159
0.804559
1.13206
1.46569
1.80801
2.1626
2.53503
2.93502
3.38139
3.91458
4.63052
5.78086
8.10509
14.0748
0.164151
0.493334
0.825204
1.1617
1.50504
1.85783
2.22341
2.60623
3.01257
3.45183
3.93839
4.49258
5.12499
5.69712
4.99466
0.167557
0.503628
0.84261
1.18657
1.53777
1.89873
2.2722
2.66102
3.06719
3.48934
3.91512
4.30022
4.51083
4.17413
2.36359
0.170293
0.511886
0.856536
1.20638
1.5637
1.93088
2.31029
2.70369
3.11065
3.52422
3.91998
4.22892
4.27663
3.67451
1.7579
0.172324
0.518008
0.86683
1.22097
1.58273
1.95449
2.3386
2.73688
3.14942
3.57139
3.98505
4.33888
4.49363
4.08762
2.26273
0.17363
0.521935
0.873407
1.23025
1.59478
1.96949
2.35701
2.76009
3.18154
3.62426
4.09159
4.58694
5.09993
5.48598
4.64288
0.174205
0.52365
0.876234
1.23414
1.59972
1.97554
2.36455
2.77048
3.1988
3.65993
4.17857
4.82263
5.79425
7.73777
12.8859
0.174055
0.523172
0.875339
1.23269
1.59751
1.97237
2.3603
2.76523
3.19319
3.65554
4.17837
4.8307
5.8135
7.76394
12.9013
0.173201
0.520561
0.870822
1.22601
1.5883
1.9601
2.34418
2.74392
3.16359
3.60903
4.08815
4.60916
5.16061
5.57677
4.70313
0.171677
0.515922
0.862861
1.21437
1.57244
1.93924
2.31715
2.70869
3.11602
3.53903
3.96871
4.36638
4.60153
4.28515
2.43027
0.16953
0.509397
0.851705
1.19814
1.55048
1.91062
2.2806
2.66244
3.05749
3.46428
3.87141
4.23632
4.42534
4.06182
2.24462
0.166817
0.501163
0.83766
1.17778
1.52306
1.87513
2.23577
2.60693
2.99073
3.38923
3.80333
4.22829
4.63275
4.84789
3.91448
0.163604
0.491423
0.821077
1.15381
1.49088
1.83364
2.18357
2.54257
2.91368
3.30325
3.72764
4.23435
4.97155
6.43143
10.3728
0.159963
0.480394
0.802337
1.12679
1.45472
1.78712
2.12501
2.46973
2.82373
3.193
3.5947
4.08023
4.80834
6.29152
10.3115
0.155966
0.468302
0.781835
1.09732
1.41544
1.73675
2.06166
2.39039
2.72307
3.06013
3.40345
3.75756
4.12066
4.38977
3.69981
0.151685
0.455365
0.759957
1.066
1.3739
1.68384
1.99561
2.30825
2.61929
2.92283
3.20464
3.42853
3.49815
3.15394
1.74752
0.147183
0.441781
0.737053
1.03336
1.3309
1.62961
1.9289
2.22717
2.52065
2.80054
3.04596
3.20654
3.16291
2.65566
1.24563
0.142515
0.427718
0.71341
0.999831
1.28707
1.57495
1.86286
2.14937
2.43137
2.70211
2.94614
3.12625
3.14957
2.78425
1.49454
0.137725
0.413302
0.689242
0.96571
1.24275
1.52023
1.79776
2.07464
2.34985
2.62216
2.89065
3.15474
3.40605
3.55471
2.92355
0.132841
0.398623
0.664689
0.931167
1.1981
1.46544
1.73306
2.00102
2.27026
2.5448
2.83816
3.19202
3.73372
4.86661
7.97465
0.127884
0.383736
0.639832
0.896284
1.15315
1.41041
1.66808
1.92645
2.18691
2.45431
2.74357
3.09878
3.65075
4.80674
7.95213
0.122863
0.36867
0.614709
0.861093
1.10788
1.35506
1.60258
1.85038
2.09869
2.34856
2.60313
2.86882
3.14822
3.36523
2.85064
0.117783
0.353433
0.589328
0.825598
1.06232
1.29946
1.53684
1.77392
2.00931
2.23948
2.45491
2.62926
2.68894
2.43167
1.35093
0.11264
0.338015
0.563672
0.789771
1.01643
1.24366
1.47128
1.69857
1.92352
2.14059
2.33513
2.46925
2.4497
2.06991
0.976948
0.107427
0.322393
0.537692
0.753536
0.970113
1.18756
1.4059
1.62482
1.84314
2.05728
2.25726
2.41589
2.46058
2.20335
1.20082
0.102133
0.306529
0.51132
0.716773
0.923168
1.13082
1.34008
1.55144
1.76561
1.98377
2.20806
2.44157
2.68106
2.85432
2.39624
0.0967449
0.290383
0.484473
0.679335
0.875332
1.07292
1.27277
1.47607
1.68525
1.90594
2.1524
2.46302
2.94746
3.94365
6.60161
0.0912508
0.273916
0.457078
0.641092
0.826367
1.01343
1.20304
1.39658
1.59684
1.81015
2.05215
2.36371
2.85841
3.87884
6.57706
0.0856406
0.257095
0.429077
0.601956
0.776144
0.952129
1.13056
1.3124
1.49931
1.69437
1.90355
2.13714
2.40419
2.64881
2.31648
0.0799071
0.239902
0.40044
0.561895
0.724653
0.889113
1.05567
1.22466
1.39607
1.56876
1.73793
1.88729
1.96546
1.81938
1.04237
0.074046
0.222323
0.371155
0.520914
0.67196
0.824616
0.979083
1.13521
1.2919
1.44554
1.58603
1.68681
1.68243
1.42803
0.67639
0.0680541
0.204352
0.341217
0.479024
0.61813
0.75884
0.901313
1.04534
1.1898
1.33142
1.46166
1.55931
1.57297
1.38195
0.727849
0.0619286
0.18598
0.310614
0.436218
0.563171
0.691821
0.822439
0.955128
1.08965
1.22518
1.35988
1.49008
1.60562
1.65741
1.33595
0.0556662
0.167198
0.279328
0.392463
0.507017
0.623416
0.742106
0.863613
0.988765
1.11947
1.26121
1.43097
1.6825
2.19204
3.57627
0.0492639
0.147994
0.247335
0.347711
0.449569
0.553403
0.659796
0.76954
0.883988
1.00605
1.14304
1.31502
1.58016
2.11916
3.54936
0.0427195
0.128361
0.214617
0.301919
0.390736
0.4816
0.575142
0.672179
0.773894
0.882222
1.00055
1.13435
1.28758
1.42734
1.24978
0.0360329
0.108297
0.181164
0.255064
0.330471
0.407924
0.488045
0.571548
0.659182
0.751422
0.847278
0.940136
1.00433
0.955846
0.562645
0.0292073
0.08781
0.146987
0.207153
0.268774
0.332382
0.398585
0.468032
0.54125
0.618085
0.69606
0.7658
0.799282
0.723703
0.383893
0.0222498
0.0669208
0.112117
0.158225
0.205688
0.255026
0.306857
0.361881
0.420786
0.483936
0.550539
0.616608
0.669952
0.675026
0.502333
0.0151721
0.0456637
0.0766089
0.10835
0.14129
0.17593
0.212901
0.253019
0.297354
0.347371
0.405374
0.476221
0.574123
0.749772
1.19851
0.00799119
0.0240889
0.0405443
0.0576357
0.0757066
0.095206
0.116748
0.141215
0.169959
0.205241
0.251278
0.317019
0.424277
0.634837
1.15267
0.000729436
0.00226369
0.00403471
0.006237
0.00912612
0.0130585
0.0185565
0.0264289
0.0380082
0.055624
0.0834856
0.128967
0.20267
0.306487
0.349123
-0.00658524
-0.0197276
-0.032777
-0.045642
-0.0581826
-0.0701803
-0.0812886
-0.0909384
-0.098146
-0.101121
-0.096553
-0.0786957
-0.0398661
0.0206049
0.060062
-0.0139198
-0.0417846
-0.0697186
-0.0977485
-0.125871
-0.154039
-0.182149
-0.210006
-0.237246
-0.263113
-0.285828
-0.300933
-0.297441
-0.250696
-0.118185
-0.0212372
-0.0637941
-0.106595
-0.149792
-0.193528
-0.23794
-0.283187
-0.329503
-0.377301
-0.427297
-0.480388
-0.536091
-0.585054
-0.581559
-0.368558
-0.0284975
-0.0856344
-0.143196
-0.201462
-0.260715
-0.321262
-0.383483
-0.44797
-0.51583
-0.58933
-0.673128
-0.775931
-0.909092
-1.05791
-0.982896
-0.0356591
-0.10718
-0.179306
-0.252444
-0.327003
-0.403418
-0.482202
-0.564093
-0.65044
-0.744209
-0.852661
-0.994687
-1.22225
-1.68969
-2.91026
-0.0426801
-0.128303
-0.214714
-0.302438
-0.391999
-0.483925
-0.578758
-0.677117
-0.779891
-0.888885
-1.00887
-1.15404
-1.3688
-1.79843
-2.95195
-0.0495182
-0.148878
-0.249207
-0.351152
-0.455349
-0.562406
-0.67286
-0.787068
-0.905014
-1.02592
-1.14758
-1.26504
-1.36613
-1.40446
-1.11928
-0.0561312
-0.168777
-0.282576
-0.398299
-0.516706
-0.638523
-0.764344
-0.894414
-1.02807
-1.16242
-1.28918
-1.38739
-1.40704
-1.23512
-0.643126
-0.0624768
-0.187874
-0.314606
-0.443575
-0.57569
-0.711851
-0.852869
-0.999255
-1.15063
-1.30417
-1.45059
-1.56428
-1.58094
-1.35748
-0.649082
-0.0685134
-0.206041
-0.345079
-0.48666
-0.631857
-0.781795
-0.937653
-1.10062
-1.27167
-1.45084
-1.63471
-1.80851
-1.92159
-1.81658
-1.06459
-0.0742012
-0.223156
-0.37378
-0.527227
-0.684723
-0.847617
-1.01749
-1.19635
-1.38706
-1.59422
-1.8258
-2.09487
-2.41366
-2.72495
-2.43645
-0.079504
-0.239108
-0.400515
-0.564976
-0.733829
-0.908582
-1.09107
-1.28382
-1.49099
-1.72062
-1.99082
-2.34669
-2.91089
-4.04978
-6.99188
-0.0843915
-0.253805
-0.425123
-0.599664
-0.778828
-0.964163
-1.1575
-1.36127
-1.57929
-1.81883
-2.09632
-2.45378
-3.00897
-4.12232
-7.01963
-0.0888396
-0.267174
-0.447487
-0.631134
-0.819529
-1.01417
-1.21667
-1.42881
-1.65263
-1.89064
-2.14624
-2.42353
-2.71938
-2.95592
-2.52714
-0.0928309
-0.279166
-0.467527
-0.659296
-0.855881
-1.05871
-1.26913
-1.48821
-1.71607
-1.95021
-2.18106
-2.38037
-2.47092
-2.25149
-1.24674
-0.0963534
-0.289744
-0.485195
-0.684102
-0.887885
-1.09795
-1.31555
-1.54149
-1.77513
-2.01202
-2.23775
-2.41267
-2.43768
-2.0924
-1.00014
-0.0993993
-0.298887
-0.500453
-0.705512
-0.915515
-1.13193
-1.35618
-1.5894
-1.83189
-2.08156
-2.32967
-2.54905
-2.66154
-2.45201
-1.3841
-0.101965
-0.306582
-0.513276
-0.723476
-0.938676
-1.16046
-1.39054
-1.63083
-1.88364
-2.15216
-2.44151
-2.75959
-3.10899
-3.40767
-2.94879
-0.104051
-0.312829
-0.523656
-0.737956
-0.95725
-1.18321
-1.41779
-1.66354
-1.92443
-2.20825
-2.53337
-2.94834
-3.5916
-4.88937
-8.29032
-0.105664
-0.317647
-0.531614
-0.748956
-0.971177
-1.19996
-1.43727
-1.68571
-1.94925
-2.23561
-2.56279
-2.97849
-3.61963
-4.91043
-8.29847
-0.106821
-0.321081
-0.537217
-0.756555
-0.980535
-1.21075
-1.44901
-1.69735
-1.9582
-2.23458
-2.5307
-2.85204
-3.19646
-3.47498
-2.97562
-0.107547
-0.323207
-0.540587
-0.760917
-0.985544
-1.21595
-1.45371
-1.70029
-1.95633
-2.2198
-2.48104
-2.70951
-2.81898
-2.57968
-1.43873
-0.107879
-0.324132
-0.541899
-0.762282
-0.986521
-1.21602
-1.45228
-1.69663
-1.94925
-2.20653
-2.4541
-2.64957
-2.68365
-2.31047
-1.10772
-0.107865
-0.323999
-0.541382
-0.760955
-0.98383
-1.21136
-1.4452
-1.68719
-1.93889
-2.19996
-2.46331
-2.70165
-2.83109
-2.61731
-1.47994
-0.107566
-0.322993
-0.539335
-0.757321
-0.977886
-1.20231
-1.43243
-1.67097
-1.922
-2.19178
-2.48983
-2.82931
-3.21684
-3.56549
-3.11775
-0.107061
-0.321344
-0.536134
-0.751881
-0.969244
-1.18928
-1.4138
-1.64603
-1.89204
-2.16392
-2.48754
-2.92354
-3.62953
-5.06665
-8.7748
-0.106444
-0.319335
-0.532257
-0.745304
-0.958727
-1.17312
-1.38978
-1.61149
-1.84409
-2.10008
-2.40717
-2.83023
-3.53442
-4.99062
-8.74433
-0.10582
-0.317298
-0.528283
-0.73845
-0.947518
-1.15536
-1.36224
-1.56935
-1.77984
-2.00071
-2.24622
-2.54164
-2.917
-3.31901
-3.01567
-0.105308
-0.315595
-0.524863
-0.732343
-0.937143
-1.13824
-1.33451
-1.52485
-1.70833
-1.8842
-2.05055
-2.19751
-2.28103
-2.13715
-1.26473
-0.105023
-0.314592
-0.522674
-0.72808
-0.92932
-1.12445
-1.31087
-1.48507
-1.64207
-1.77426
-1.8683
-1.89737
-1.80293
-1.46119
-0.664494
-0.105066
-0.314614
-0.522328
-0.726694
-0.925721
-1.11667
-1.29568
-1.45719
-1.59302
-1.69078
-1.73115
-1.68296
-1.49653
-1.10114
-0.433888
-0.105511
-0.315901
-0.524295
-0.728996
-0.927708
-1.11717
-1.29263
-1.44712
-1.57035
-1.64714
-1.65545
-1.56449
-1.33522
-0.929865
-0.342525
-0.106391
-0.318566
-0.528811
-0.73544
-0.936098
-1.12735
-1.3041
-1.45872
-1.57989
-1.65102
-1.64868
-1.54204
-1.29617
-0.88494
-0.319008
-0.107688
-0.322562
-0.535825
-0.74601
-0.950996
-1.14759
-1.33091
-1.49353
-1.62414
-1.70587
-1.7143
-1.61622
-1.37193
-0.947421
-0.345539
-0.109329
-0.327669
-0.54496
-0.76017
-0.9717
-1.17701
-1.37208
-1.55053
-1.70229
-1.81157
-1.85384
-1.79189
-1.5728
-1.13305
-0.434005
-0.111188
-0.333494
-0.555526
-0.776866
-0.996695
-1.21352
-1.42476
-1.62602
-1.8099
-1.96377
-2.06569
-2.07663
-1.92684
-1.49872
-0.639802
-0.113091
-0.339499
-0.566555
-0.794588
-1.02375
-1.25389
-1.48434
-1.71356
-1.9383
-2.15199
-2.34067
-2.47293
-2.47411
-2.16351
-1.13774
-0.114834
-0.345044
-0.576889
-0.811504
-1.0501
-1.29401
-1.54476
-1.80416
-2.07433
-2.35751
-2.65475
-2.96018
-3.23783
-3.32487
-2.50358
-0.116198
-0.349441
-0.585282
-0.825633
-1.07273
-1.32934
-1.59914
-1.88725
-2.20128
-2.55319
-2.96301
-3.46663
-4.13393
-5.11681
-6.77615
46.4311
34.5937
27.4501
22.5461
18.8536
15.8957
13.4229
11.2899
9.40421
7.70245
6.13869
4.67772
3.2912
1.95521
0.648532
16.962
22.0936
21.0344
18.7552
16.3941
14.201
12.2092
10.3995
8.74247
7.20945
5.77504
4.41707
3.11598
1.85422
0.615537
7.48741
13.8925
15.4657
15.0212
13.8178
12.3663
10.8689
9.40301
7.99455
6.64794
5.35829
4.11688
2.91344
1.73719
0.577255
3.96403
9.04673
11.2983
11.8141
11.4138
10.5635
9.50677
8.36655
7.20367
6.04684
4.90802
3.7903
2.69199
1.60883
0.535198
2.41655
6.16702
8.33608
9.2431
9.32207
8.90407
8.20252
7.34578
6.40854
5.43319
4.44307
3.45023
2.46001
1.47385
0.490887
1.62089
4.38549
6.25027
7.24709
7.57544
7.44147
7.00599
6.38089
5.63984
4.82979
3.98
3.1083
2.22521
1.33663
0.44575
1.15659
3.22882
4.76716
5.71526
6.14982
6.18822
5.94109
5.4965
4.91903
4.25394
3.53212
2.77428
1.99419
1.20101
0.401038
0.859611
2.44289
3.69393
4.54001
4.99928
5.13322
5.01329
4.70436
4.25905
3.71748
3.10923
2.45569
1.77224
1.07011
0.357782
0.657035
1.88765
2.90189
3.63334
4.07464
4.25448
4.2167
4.00691
3.66589
3.2273
2.71778
2.15785
1.56327
0.946285
0.316771
0.512406
1.48267
2.30621
2.92816
3.33155
3.52685
3.53955
3.40057
3.14045
2.78638
2.36131
1.88405
1.36984
0.831154
0.278556
0.405651
1.17957
1.85052
2.37472
2.73295
2.92601
2.9677
2.87836
2.68023
2.39474
2.04109
1.63591
1.19339
0.725684
0.243474
0.324851
0.947984
1.49672
1.93654
2.24904
2.43028
2.48683
2.43166
2.28068
2.05042
1.75663
1.41368
1.03442
0.630285
0.211679
0.262498
0.768056
1.21854
1.58676
1.85629
2.02111
2.08353
2.05148
1.93618
1.7502
1.5063
1.21667
0.892708
0.544935
0.183181
0.213642
0.626368
0.997494
1.3055
1.53623
1.68306
1.74581
1.72911
1.64074
1.4902
1.2877
1.0435
0.767528
0.469291
0.157883
0.174893
0.513567
0.820276
1.07789
1.27443
1.40339
1.46326
1.45651
1.38847
1.26628
1.09807
0.892382
0.657806
0.402791
0.13561
0.14386
0.422963
0.677147
0.892695
1.05954
1.17169
1.22696
1.22646
1.17379
1.0743
0.93445
0.761322
0.562273
0.344739
0.11614
0.118811
0.34966
0.560847
0.741312
0.882648
0.979471
1.02938
1.03263
0.991615
0.91034
0.793938
0.648259
0.479573
0.294367
0.099227
0.0984643
0.29001
0.465878
0.617099
0.736659
0.819828
0.864208
0.869541
0.837393
0.77077
0.673753
0.55117
0.408342
0.250893
0.0846146
0.0818552
0.241246
0.388023
0.514869
0.615935
0.687118
0.726143
0.732474
0.707106
0.652303
0.571317
0.468136
0.347263
0.213547
0.072051
0.0682454
0.20124
0.324005
0.43054
0.515961
0.576735
0.610778
0.617415
0.597257
0.552015
0.484292
0.397384
0.2951
0.181605
0.0612964
0.0570629
0.168338
0.271255
0.360871
0.433099
0.484913
0.51444
0.520959
0.504824
0.467335
0.410586
0.337309
0.250721
0.154392
0.0521281
0.0478598
0.141238
0.227742
0.303275
0.364411
0.408565
0.434077
0.440232
0.427217
0.396026
0.348356
0.286475
0.213104
0.131299
0.0443432
0.0402826
0.118911
0.191845
0.255674
0.307515
0.345159
0.367152
0.372816
0.362228
0.33616
0.295992
0.243619
0.181344
0.111781
0.0377602
0.0340504
0.100536
0.162272
0.216395
0.260474
0.292621
0.311566
0.316683
0.307987
0.286082
0.252103
0.207638
0.154644
0.0953577
0.0322184
0.0289395
0.0854602
0.137983
0.184091
0.221719
0.249249
0.265578
0.270142
0.262917
0.244386
0.215493
0.177579
0.132311
0.08161
0.0275775
0.0247716
0.0731598
0.118147
0.157674
0.189973
0.213654
0.227758
0.231786
0.225695
0.209884
0.185147
0.152626
0.11375
0.0701751
0.0237157
0.0214055
0.0632206
0.102103
0.136275
0.164211
0.184708
0.196935
0.200453
0.195222
0.181579
0.160205
0.132084
0.0984526
0.0607425
0.0205288
0.0187308
0.0553176
0.0893285
0.119205
0.143613
0.161504
0.172157
0.175195
0.17059
0.158641
0.139947
0.115369
0.0859859
0.053048
0.0179278
0.0166636
0.0492027
0.079424
0.105932
0.12754
0.143326
0.152664
0.155243
0.151056
0.140385
0.123773
0.101989
0.0759871
0.0468682
0.0158375
0.0151434
0.0446968
0.0720972
0.0960602
0.115509
0.129622
0.137865
0.139988
0.136022
0.126253
0.11119
0.091537
0.068152
0.0420157
0.0141944
0.0141322
0.0416854
0.0671565
0.0893221
0.10718
0.119994
0.127312
0.128959
0.125017
0.115795
0.101794
0.083675
0.0622266
0.0383327
0.012945
0.0136148
0.0401191
0.0645101
0.0855741
0.102352
0.114181
0.120696
0.12181
0.117677
0.108654
0.0952552
0.0781241
0.0579984
0.0356865
0.0120443
0.0136007
0.0400198
0.064173
0.0848008
0.10096
0.112056
0.117827
0.118301
0.113732
0.104549
0.0913069
0.0746511
0.0552874
0.0339634
0.0114534
0.0141297
0.041493
0.0662826
0.0871289
0.103081
0.113625
0.118636
0.118292
0.112988
0.103259
0.0897274
0.0730571
0.0539365
0.0330633
0.011138
0.0152805
0.0447526
0.071129
0.0928537
0.108955
0.119035
0.123161
0.121724
0.115313
0.104609
0.090325
0.0731627
0.0538014
0.0328928
0.0110658
0.0171872
0.0501608
0.0792039
0.102481
0.119009
0.128577
0.131544
0.128607
0.120615
0.108443
0.0929185
0.0747933
0.0547393
0.0333593
0.0112047
0.0200663
0.058297
0.0912808
0.116793
0.133892
0.142701
0.144025
0.138997
0.128817
0.114602
0.097315
0.0777608
0.0565962
0.0343627
0.0115202
0.0242656
0.0700754
0.108544
0.136943
0.154529
0.162018
0.160913
0.152961
0.139819
0.122889
0.103283
0.0818439
0.0591932
0.0357878
0.0119725
0.0303542
0.0869495
0.132797
0.164599
0.182172
0.187298
0.182551
0.170527
0.153447
0.13303
0.11052
0.0867652
0.062312
0.0374962
0.0125145
0.039298
0.111284
0.166801
0.20213
0.218455
0.219428
0.209239
0.191601
0.169388
0.144621
0.118619
0.0921678
0.06568
0.0393183
0.0130885
0.0528308
0.147053
0.214818
0.252851
0.265394
0.259301
0.241091
0.215849
0.187099
0.157067
0.127026
0.0975921
0.0689578
0.041047
0.0136252
0.0743058
0.20119
0.283474
0.321263
0.325266
0.307576
0.277817
0.242526
0.205696
0.169517
0.135007
0.102458
0.0717304
0.0424343
0.0140421
0.110867
0.286291
0.383022
0.413122
0.400196
0.364218
0.318369
0.270263
0.223836
0.180804
0.141622
0.106055
0.0735059
0.043192
0.0142444
0.179584
0.42603
0.528828
0.534841
0.491127
0.427701
0.360469
0.296822
0.239611
0.189413
0.145723
0.107554
0.0737261
0.042999
0.0141273
0.326575
0.66551
0.741834
0.691068
0.595738
0.493816
0.400063
0.318897
0.250506
0.193496
0.145987
0.106035
0.0717898
0.0415158
0.0135811
0.691762
1.08734
1.04308
0.878212
0.704912
0.554243
0.430898
0.332085
0.253487
0.190976
0.140996
0.100551
0.0670925
0.0384061
0.0124979
1.743
1.81457
1.42804
1.07118
0.798347
0.595676
0.44468
0.331221
0.245286
0.179747
0.12938
0.0902094
0.0590787
0.0333653
0.0107806
5.16532
2.85988
1.79233
1.20577
0.843029
0.601198
0.432375
0.311228
0.22291
0.157973
0.109983
0.0742813
0.0473001
0.02615
0.00835196
5.91332
3.04547
1.82252
1.18489
0.803718
0.555994
0.386942
0.268423
0.184286
0.124425
0.082048
0.0522933
0.0314694
0.0166052
0.00516298
2.69827
2.08864
1.4462
0.985862
0.671706
0.456133
0.306399
0.201727
0.128794
0.078728
0.0453424
0.0240998
0.0114975
0.00468263
0.00119832
0.935869
1.15453
0.943364
0.685285
0.471206
0.310529
0.194544
0.112978
0.0574124
0.0214416
0.000199534
-0.0100972
-0.0124956
-0.00955418
-0.00352208
0.321403
0.518881
0.473066
0.354124
0.233593
0.133869
0.0587753
0.00616237
-0.0275831
-0.0460784
-0.052548
-0.0497816
-0.0401989
-0.0259383
-0.00894564
0.0161782
0.0521579
0.0535266
0.0240438
-0.0184887
-0.0599103
-0.0926166
-0.113763
-0.123175
-0.121953
-0.111712
-0.0942017
-0.0711519
-0.0442206
-0.0149934
-0.291568
-0.390542
-0.344604
-0.296987
-0.271356
-0.259753
-0.252044
-0.241843
-0.226154
-0.204095
-0.175926
-0.14247
-0.104801
-0.0640977
-0.0215688
-0.935537
-0.933876
-0.743903
-0.602758
-0.514488
-0.456896
-0.413205
-0.373737
-0.333559
-0.290481
-0.243813
-0.193663
-0.140558
-0.0852423
-0.0285668
-2.88001
-1.60798
-1.10929
-0.871809
-0.736318
-0.644385
-0.571433
-0.506125
-0.442979
-0.379362
-0.314118
-0.246908
-0.177851
-0.107331
-0.0358826
-2.9325
-1.74502
-1.29328
-1.07003
-0.927895
-0.818684
-0.724346
-0.637007
-0.552726
-0.46937
-0.385788
-0.301434
-0.216157
-0.130063
-0.0434185
-1.10723
-1.37111
-1.31857
-1.2119
-1.0966
-0.982645
-0.872389
-0.765759
-0.661828
-0.559533
-0.45799
-0.356599
-0.255029
-0.153175
-0.0510877
-0.636513
-1.21691
-1.38145
-1.35974
-1.26438
-1.14402
-1.0179
-0.892626
-0.769787
-0.649168
-0.530085
-0.411884
-0.294097
-0.176448
-0.0588175
-0.64678
-1.35149
-1.57365
-1.5587
-1.44949
-1.30939
-1.1628
-1.01779
-0.876196
-0.737729
-0.60156
-0.466879
-0.333065
-0.199705
-0.0665496
-1.06596
-1.82115
-1.93049
-1.82309
-1.65604
-1.47926
-1.3066
-1.14057
-0.980421
-0.824687
-0.671997
-0.521265
-0.371714
-0.222819
-0.0742417
-2.44119
-2.73928
-2.4378
-2.12889
-1.86933
-1.64623
-1.44576
-1.25925
-1.08157
-0.909523
-0.741064
-0.574826
-0.409903
-0.245708
-0.0818677
-6.99992
-4.07373
-2.95022
-2.40039
-2.05726
-1.79747
-1.57521
-1.3718
-1.17878
-0.991858
-0.808581
-0.627466
-0.44758
-0.268347
-0.0894197
-7.03107
-4.15625
-3.0642
-2.52831
-2.18729
-1.9226
-1.69153
-1.4771
-1.27176
-1.07165
-0.874588
-0.679243
-0.484797
-0.29077
-0.0969096
-2.54225
-3.00065
-2.7919
-2.52086
-2.26428
-2.02437
-1.79627
-1.57608
-1.36108
-1.14931
-0.939393
-0.730389
-0.521715
-0.313073
-0.104369
-1.26595
-2.3083
-2.56281
-2.50332
-2.32965
-2.1179
-1.89547
-1.67143
-1.44813
-1.22567
-1.00355
-0.781295
-0.558604
-0.335416
-0.111852
-1.02404
-2.16301
-2.55176
-2.56502
-2.42145
-2.21881
-1.99577
-1.76624
-1.53458
-1.30177
-1.0678
-0.832492
-0.59583
-0.358015
-0.119429
-1.41345
-2.53866
-2.80141
-2.73558
-2.55423
-2.33386
-2.10055
-1.86249
-1.6218
-1.37868
-1.13296
-0.884616
-0.633849
-0.381144
-0.127192
-2.98455
-3.51321
-3.2792
-2.98633
-2.71406
-2.45787
-2.20859
-1.96056
-1.71068
-1.45736
-1.19994
-0.938408
-0.673204
-0.405135
-0.135252
-8.33369
-5.01733
-3.79782
-3.22271
-2.8627
-2.57703
-2.31574
-2.05988
-1.80192
-1.53887
-1.26977
-0.994736
-0.714539
-0.430381
-0.143742
-8.35096
-5.06522
-3.86886
-3.30966
-2.95966
-2.67923
-2.41906
-2.16063
-1.89669
-1.62457
-1.3437
-1.05464
-0.758615
-0.457344
-0.152816
-3.0391
-3.66207
-3.49736
-3.25129
-3.00828
-2.76731
-2.52115
-2.26516
-1.99711
-1.71633
-1.42332
-1.11935
-0.806327
-0.486564
-0.162655
-1.51552
-2.80586
-3.1823
-3.19073
-3.05543
-2.85897
-2.63001
-2.37805
-2.10633
-1.81658
-1.51052
-1.19034
-0.85871
-0.518658
-0.173463
-1.20075
-2.58426
-3.12277
-3.22993
-3.14503
-2.97314
-2.75481
-2.50462
-2.22806
-1.92812
-1.6075
-1.26927
-0.916931
-0.554319
-0.18547
-1.5929
-2.94941
-3.36274
-3.40245
-3.29499
-3.11954
-2.9017
-2.64945
-2.36601
-2.05401
-1.7167
-1.35798
-0.982278
-0.594305
-0.198926
-3.25535
-3.96951
-3.86211
-3.67713
-3.49211
-3.29532
-3.07244
-2.81593
-2.52375
-2.19746
-1.84073
-1.45847
-1.05614
-0.639427
-0.214099
-8.94311
-5.56009
-4.41527
-3.95179
-3.69737
-3.48918
-3.26651
-3.00714
-2.70516
-2.362
-1.98249
-1.57289
-1.13997
-0.690526
-0.231262
-8.95133
-5.59627
-4.49522
-4.08123
-3.87046
-3.69307
-3.48601
-3.22791
-2.91514
-2.55178
-2.14512
-1.70349
-1.23525
-0.748442
-0.250685
-3.27202
-4.06707
-4.09798
-4.06948
-4.02035
-3.91751
-3.74092
-3.48663
-3.16021
-2.77159
-2.33201
-1.85254
-1.34343
-0.813952
-0.272615
-1.58502
-3.06846
-3.74193
-4.072
-4.20749
-4.19313
-4.04976
-3.79541
-3.44846
-3.02676
-2.54659
-2.02217
-1.46572
-0.88769
-0.297247
-1.06925
-2.6323
-3.62432
-4.20962
-4.49866
-4.55831
-4.43563
-4.16846
-3.7886
-3.32252
-2.79186
-2.21402
-1.60298
-0.970041
-0.324687
-0.95308
-2.59266
-3.78913
-4.55292
-4.94907
-5.05008
-4.92181
-4.61977
-4.18859
-3.6631
-3.06986
-2.42892
-1.75543
-1.061
-0.354916
-1.02203
-2.8607
-4.25437
-5.15149
-5.60442
-5.701
-5.52864
-5.16073
-4.65408
-4.05072
-3.38096
-2.6664
-1.92239
-1.16005
-0.387739
-1.23359
-3.43776
-5.06439
-6.05848
-6.50719
-6.53863
-6.2712
-5.79801
-5.18672
-4.48445
-3.72317
-2.9243
-2.10207
-1.26602
-0.422755
-1.6278
-4.41587
-6.31365
-7.34414
-7.69973
-7.58372
-7.15656
-6.53114
-5.78254
-4.95915
-4.09148
-3.1984
-2.29133
-1.377
-0.459321
-2.34667
-6.01221
-8.16515
-9.09841
-9.2198
-8.84483
-8.17951
-7.34975
-6.43028
-5.46459
-4.47742
-3.4822
-2.48561
-1.4903
-0.49655
-3.7793
-8.65892
-10.8637
-11.4164
-11.0846
-10.3076
-9.31656
-8.23058
-7.11007
-5.98495
-4.86894
-3.76693
-2.679
-1.60249
-0.533325
-7.0723
-13.1632
-14.7094
-14.3484
-13.2587
-11.9188
-10.5195
-9.13533
-7.79301
-6.49896
-5.25071
-4.04189
-2.86443
-1.70958
-0.568347
-15.9581
-20.8233
-19.8794
-17.7864
-15.6064
-13.5713
-11.7119
-10.011
-8.44239
-6.98114
-5.60509
-4.29505
-3.03415
-1.80721
-0.600212
-43.6293
-32.5176
-25.8472
-21.2847
-17.8535
-15.1018
-12.7942
-10.7946
-9.01723
-7.40413
-5.91362
-4.51408
-3.18027
-1.89098
-0.627506
-0.116968
-0.352047
-0.590637
-0.835386
-1.08946
-1.3569
-1.64321
-1.95627
-2.30807
-2.71799
-3.21976
-3.87718
-4.82522
-6.39647
-9.5701
-0.116743
-0.351614
-0.590745
-0.837351
-1.09528
-1.36944
-1.66641
-1.9955
-2.37044
-2.81244
-3.35574
-4.05749
-5.01416
-6.38012
-8.32012
-0.115129
-0.346907
-0.583353
-0.827959
-1.08484
-1.35912
-1.65744
-1.98879
-2.3656
-2.80545
-3.33321
-3.98266
-4.79346
-5.78959
-6.89688
-0.111989
-0.337516
-0.56778
-0.806265
-1.05697
-1.3247
-1.61539
-1.93651
-2.29757
-2.71042
-3.18891
-3.74637
-4.38729
-5.08774
-5.75479
-0.107297
-0.323374
-0.543966
-0.772322
-1.01205
-1.26729
-1.54283
-1.8442
-2.17763
-2.5496
-2.96548
-3.42621
-3.9214
-4.41886
-4.85121
-0.101119
-0.304704
-0.51237
-0.726981
-0.951601
-1.18954
-1.44437
-1.71973
-2.01906
-2.34484
-2.69718
-3.07126
-3.45301
-3.81486
-4.11343
-0.0935913
-0.281942
-0.473815
-0.671613
-0.877803
-1.09488
-1.32529
-1.57116
-1.83389
-2.11346
-2.4073
-2.70868
-3.00455
-3.27422
-3.49042
-0.0848919
-0.255648
-0.42932
-0.60784
-0.7931
-0.986878
-1.1907
-1.4056
-1.63168
-1.8676
-2.10976
-2.3515
-2.58213
-2.7869
-2.9485
-0.0752156
-0.226426
-0.379961
-0.537313
-0.699871
-0.868828
-1.04504
-1.22879
-1.4195
-1.61526
-1.81243
-2.0052
-2.18532
-2.34244
-2.46541
-0.0647551
-0.194868
-0.326766
-0.461562
-0.600234
-0.74353
-0.891848
-1.04505
-1.20222
-1.36142
-1.51939
-1.67141
-1.81133
-1.93195
-2.02594
-0.0536876
-0.161511
-0.270654
-0.381915
-0.495953
-0.613205
-0.733785
-0.85735
-0.982937
-1.10879
-1.23225
-1.34968
-1.45659
-1.54803
-1.61913
-0.0421683
-0.126823
-0.212408
-0.299471
-0.388434
-0.479533
-0.572733
-0.667641
-0.763399
-0.858586
-0.951157
-1.03846
-1.11735
-1.18445
-1.2366
-0.0303282
-0.0911941
-0.152671
-0.215108
-0.278759
-0.343737
-0.409957
-0.477077
-0.544436
-0.611002
-0.675344
-0.735664
-0.789894
-0.83587
-0.871585
-0.0182764
-0.0549478
-0.0919637
-0.129516
-0.167739
-0.206678
-0.24626
-0.286258
-0.326258
-0.365636
-0.403551
-0.438963
-0.4707
-0.497554
-0.518419
-1004.4
-1013.2
-1021.96
-1030.65
-1039.26
-1047.76
-1056.11
-1064.3
-1072.3
-1080.07
-1087.6
-1094.85
-1101.8
-1108.44
-1114.74
-16.4074
-12.132
-9.65243
-8.02769
-6.8623
-5.97145
-5.25963
-4.67277
-4.17791
-3.75363
-3.38528
-3.06245
-2.77744
-2.52442
-2.29886
-2.09714
-1.91636
-1.75412
-1.60844
-1.47765
-1.36032
-1.25526
-1.16142
-1.0779
-1.00393
-0.938849
-0.882076
-0.83312
-0.791563
-0.757053
-0.729301
-0.708077
-0.693202
-0.684554
-0.682056
-0.685684
-0.695461
-0.711457
-0.733792
-0.762633
-0.7982
-0.840763
-0.890645
-0.948226
-1.01395
-1.08831
-1.17188
-1.26529
-1.36927
-1.48461
-1.61219
-1.753
-1.90812
-2.07874
-2.26619
-2.47192
-2.69753
-2.94479
-3.21564
-3.51222
-3.8369
-4.19228
-4.58125
-5.00701
-5.4731
-5.98348
-6.54255
-7.15525
-7.82716
-8.56458
-9.37468
-10.2657
-11.2472
-12.3302
-13.528
-14.8562
-16.3338
-17.9844
-19.8374
-21.9307
-24.3141
-27.0552
-30.2486
-34.033
-38.6219
-44.3654
-51.8821
-62.3696
-78.3909
-106.047
-10.2569
-9.55364
-8.42935
-7.37416
-6.4749
-5.72167
-5.0877
-4.54836
-4.08437
-3.68118
-3.32787
-3.01612
-2.73953
-2.49306
-2.27269
-2.07518
-1.89785
-1.73848
-1.59521
-1.46647
-1.35089
-1.24733
-1.15478
-1.07238
-0.999378
-0.935127
-0.879066
-0.830716
-0.789667
-0.755576
-0.72816
-0.707192
-0.692499
-0.683959
-0.6815
-0.685096
-0.694772
-0.710597
-0.732691
-0.761218
-0.796397
-0.838493
-0.887828
-0.944778
-1.00978
-1.08332
-1.16597
-1.25835
-1.36119
-1.47525
-1.60142
-1.74067
-1.89406
-2.06278
-2.24813
-2.45155
-2.67462
-2.91908
-3.18684
-3.48002
-3.80094
-4.15216
-4.53653
-4.95718
-5.41758
-5.9216
-6.47355
-7.07823
-7.74106
-8.46813
-9.26637
-10.1437
-11.1091
-12.1732
-13.3484
-14.6491
-16.0929
-17.7011
-19.4995
-21.5211
-23.8073
-26.4118
-29.4056
-32.8825
-36.9675
-41.8197
-47.6123
-54.4087
-61.6451
-66.1422
-7.65407
-7.58123
-7.10644
-6.49578
-5.87696
-5.29994
-4.7793
-4.31529
-3.90312
-3.53679
-3.21049
-2.91908
-2.65817
-2.42403
-2.21356
-2.0241
-1.85343
-1.69962
-1.56105
-1.4363
-1.32415
-1.22353
-1.13353
-1.05333
-0.982228
-0.919617
-0.864964
-0.817811
-0.777768
-0.744506
-0.717754
-0.697294
-0.68296
-0.674635
-0.672251
-0.675783
-0.685258
-0.700743
-0.722355
-0.750259
-0.784664
-0.825834
-0.874081
-0.929773
-0.993334
-1.06525
-1.14607
-1.23641
-1.33696
-1.44849
-1.57185
-1.70799
-1.85796
-2.0229
-2.20409
-2.40292
-2.62094
-2.85984
-3.12147
-3.40789
-3.72135
-4.06434
-4.43958
-4.85011
-5.29925
-5.79072
-6.3286
-6.91748
-7.56244
-8.2692
-9.04419
-9.89468
-10.8289
-11.8564
-12.9878
-14.236
-15.6154
-17.1435
-18.8404
-20.7303
-22.8418
-25.208
-27.8666
-30.8563
-34.208
-37.9197
-41.8965
-45.8141
-48.8436
-49.2588
-6.14714
-6.18743
-5.97896
-5.62896
-5.21867
-4.7969
-4.38925
-4.00748
-3.65582
-3.33472
-3.04285
-2.77811
-2.53823
-2.32095
-2.12418
-1.94601
-1.78475
-1.63887
-1.50703
-1.38804
-1.28085
-1.18452
-1.09822
-1.02124
-0.952931
-0.892729
-0.840145
-0.794755
-0.756193
-0.724153
-0.69838
-0.678669
-0.664864
-0.656856
-0.654579
-0.658016
-0.667189
-0.682168
-0.703065
-0.73004
-0.763297
-0.803089
-0.849719
-0.903542
-0.964969
-1.03447
-1.11257
-1.19986
-1.29702
-1.40479
-1.52398
-1.65551
-1.80039
-1.95973
-2.13474
-2.32677
-2.53729
-2.76795
-3.0205
-3.29692
-3.59934
-3.93014
-4.29191
-4.68751
-5.12007
-5.59306
-6.11031
-6.67602
-7.29488
-7.97207
-8.71335
-9.52512
-10.4146
-11.3897
-12.4594
-13.6338
-14.924
-16.3426
-17.9033
-19.6205
-21.5093
-23.5831
-25.8506
-28.3087
-30.9299
-33.6376
-36.2658
-38.4978
-39.8064
-39.4961
-5.0953
-5.15131
-5.05482
-4.84848
-4.57647
-4.27312
-3.96156
-3.65591
-3.36413
-3.09022
-2.83578
-2.60103
-2.38543
-2.18802
-2.0077
-1.84329
-1.69363
-1.55762
-1.43424
-1.32254
-1.22165
-1.13079
-1.04926
-0.976428
-0.911718
-0.854634
-0.804735
-0.761634
-0.725001
-0.694552
-0.670054
-0.651318
-0.638202
-0.630604
-0.628466
-0.631772
-0.640547
-0.654857
-0.674812
-0.700563
-0.732307
-0.770286
-0.814788
-0.866152
-0.924771
-0.991089
-1.06561
-1.14891
-1.24161
-1.34442
-1.45813
-1.58361
-1.7218
-1.87376
-2.04066
-2.22376
-2.42446
-2.64429
-2.88495
-3.14826
-3.43625
-3.75113
-4.09531
-4.47145
-4.88243
-5.33145
-5.82197
-6.35779
-6.94309
-7.58241
-8.28072
-9.04347
-9.87657
-10.7864
-11.7799
-12.8644
-14.0475
-15.337
-16.7402
-18.2634
-19.9102
-21.6791
-23.5597
-25.5261
-27.5267
-29.4698
-31.2054
-32.5109
-33.0999
-32.6961
-4.28206
-4.33454
-4.2886
-4.16233
-3.97916
-3.76096
-3.52513
-3.28418
-3.04654
-2.81751
-2.6002
-2.39624
-2.20628
-2.03038
-1.86821
-1.71922
-1.58276
-1.4581
-1.34454
-1.24138
-1.14793
-1.06357
-0.987717
-0.919843
-0.85946
-0.806133
-0.759476
-0.719147
-0.684849
-0.65633
-0.63338
-0.615829
-0.603547
-0.596445
-0.59447
-0.597611
-0.605892
-0.619377
-0.638171
-0.662418
-0.692301
-0.72805
-0.769937
-0.81828
-0.873447
-0.935858
-1.00599
-1.08437
-1.17159
-1.26833
-1.37531
-1.49335
-1.62333
-1.76626
-1.9232
-2.09535
-2.28402
-2.49062
-2.71672
-2.96403
-3.2344
-3.52986
-3.85264
-4.20513
-4.58998
-5.01001
-5.46832
-5.96826
-6.51342
-7.1077
-7.75523
-8.46044
-9.22796
-10.0626
-10.9693
-11.9528
-13.0176
-14.1674
-15.4043
-16.7283
-18.135
-19.6139
-21.145
-22.6939
-24.2061
-25.6004
-26.7641
-27.5556
-27.823
-27.4497
-3.61413
-3.65963
-3.63822
-3.55824
-3.43243
-3.27436
-3.09623
-2.90787
-2.71674
-2.52812
-2.3456
-2.17148
-2.00711
-1.85319
-1.70996
-1.57736
-1.45512
-1.34287
-1.24015
-1.14649
-1.06138
-0.984365
-0.914966
-0.852754
-0.797328
-0.748319
-0.705398
-0.668268
-0.636672
-0.610389
-0.589233
-0.573054
-0.561739
-0.555207
-0.553416
-0.556355
-0.56405
-0.576563
-0.593989
-0.616465
-0.64416
-0.677288
-0.7161
-0.760892
-0.812004
-0.869824
-0.934791
-1.0074
-1.0882
-1.1778
-1.27688
-1.38618
-1.50655
-1.63887
-1.78415
-1.94348
-2.11805
-2.30917
-2.51826
-2.74688
-2.9967
-3.26956
-3.56746
-3.89254
-4.24713
-4.63373
-5.05502
-5.51387
-6.01332
-6.55657
-7.14696
-7.78794
-8.48294
-9.23536
-10.0483
-10.9245
-11.8657
-12.8725
-13.9434
-15.0741
-16.2559
-17.4739
-18.7049
-19.9148
-21.0554
-22.063
-22.8587
-23.3547
-23.4687
-23.1472
-3.04243
-3.08088
-3.07199
-3.01994
-2.93195
-2.81647
-2.68184
-2.53539
-2.38314
-2.22978
-2.07876
-1.93254
-1.79276
-1.66048
-1.53629
-1.42045
-1.31299
-1.21379
-1.12262
-1.03917
-0.96311
-0.894097
-0.831778
-0.775811
-0.725873
-0.681662
-0.642903
-0.609347
-0.580774
-0.556995
-0.53785
-0.523209
-0.512976
-0.507081
-0.505487
-0.508189
-0.515211
-0.526611
-0.542478
-0.562935
-0.588139
-0.618282
-0.653595
-0.694345
-0.740843
-0.79344
-0.852537
-0.918579
-0.992065
-1.07355
-1.16365
-1.26304
-1.37248
-1.49276
-1.62481
-1.7696
-1.9282
-2.10178
-2.29163
-2.49912
-2.72575
-2.97315
-3.24307
-3.53738
-3.85811
-4.20741
-4.58755
-5.00093
-5.45004
-5.93745
-6.46576
-7.03752
-7.65515
-8.3208
-9.03619
-9.8023
-10.6191
-11.485
-12.3963
-13.3463
-14.3244
-15.3148
-16.2952
-17.2353
-18.0962
-18.8306
-19.3846
-19.7036
-19.7413
-19.471
-2.53793
-2.56992
-2.56753
-2.53303
-2.47066
-2.3858
-2.2841
-2.17088
-2.0508
-1.92772
-1.80468
-1.68398
-1.5673
-1.45582
-1.35029
-1.25117
-1.15869
-1.07288
-0.993672
-0.920922
-0.854417
-0.793919
-0.739173
-0.689919
-0.645907
-0.606894
-0.572658
-0.542993
-0.517719
-0.496675
-0.479728
-0.466769
-0.457716
-0.452512
-0.451126
-0.453555
-0.459823
-0.469983
-0.484114
-0.502327
-0.524762
-0.55159
-0.583017
-0.61928
-0.660656
-0.707457
-0.760038
-0.818795
-0.884172
-0.956661
-1.03681
-1.12521
-1.22252
-1.32948
-1.44688
-1.57557
-1.71651
-1.87073
-2.03933
-2.22354
-2.42464
-2.64405
-2.88328
-3.14393
-3.4277
-3.73642
-4.07195
-4.43626
-4.83134
-5.25918
-5.72172
-6.22077
-6.75791
-7.33434
-7.95072
-8.60687
-9.30152
-10.0319
-10.7931
-11.5777
-12.3749
-13.1699
-13.943
-14.6695
-15.3191
-15.8576
-16.2486
-16.4575
-16.4572
-16.2333
-2.08209
-2.10823
-2.1091
-2.086
-2.04153
-1.97917
-1.90274
-1.81605
-1.72259
-1.62541
-1.52703
-1.42944
-1.33419
-1.24241
-1.1549
-1.07219
-0.994605
-0.922291
-0.855287
-0.793539
-0.736935
-0.685322
-0.638523
-0.596349
-0.558611
-0.525121
-0.495703
-0.470195
-0.448448
-0.430334
-0.415744
-0.404588
-0.396798
-0.392328
-0.391155
-0.393278
-0.398718
-0.407522
-0.41976
-0.435527
-0.454946
-0.478166
-0.505362
-0.536743
-0.572545
-0.61304
-0.658534
-0.709369
-0.765928
-0.828634
-0.897958
-0.974416
-1.05858
-1.15106
-1.25256
-1.3638
-1.4856
-1.61884
-1.76446
-1.9235
-2.09705
-2.28631
-2.49252
-2.71704
-2.96126
-3.22667
-3.51479
-3.82716
-4.16532
-4.53079
-4.92495
-5.34902
-5.80394
-6.29022
-6.80781
-7.35583
-7.93236
-8.5341
-9.15596
-9.7907
-10.4284
-11.0563
-11.658
-12.214
-12.7018
-13.0968
-13.3746
-13.5127
-13.4947
-13.3125
-1.66207
-1.68286
-1.68515
-1.66969
-1.63813
-1.59274
-1.53611
-1.47092
-1.39972
-1.32482
-1.24821
-1.17152
-1.09606
-1.02284
-0.952592
-0.885843
-0.822936
-0.764073
-0.709346
-0.658766
-0.612285
-0.569813
-0.531235
-0.496419
-0.465224
-0.437513
-0.413151
-0.392012
-0.37398
-0.358955
-0.346851
-0.337596
-0.331136
-0.327437
-0.326479
-0.328264
-0.33281
-0.340157
-0.350364
-0.363512
-0.379701
-0.399056
-0.421725
-0.44788
-0.47772
-0.511468
-0.549381
-0.591743
-0.638872
-0.691121
-0.748879
-0.812575
-0.882682
-0.959714
-1.04424
-1.13686
-1.23826
-1.34915
-1.47031
-1.60259
-1.74689
-1.90417
-2.07544
-2.26179
-2.46434
-2.68426
-2.92272
-3.18092
-3.46002
-3.7611
-4.08513
-4.43287
-4.80481
-5.20103
-5.62106
-6.06373
-6.52692
-7.00735
-7.5003
-7.99937
-8.49618
-8.98017
-9.4386
-9.85664
-10.2178
-10.505
-10.7014
-10.7927
-10.7685
-10.6241
-1.26836
-1.28419
-1.28679
-1.27662
-1.25472
-1.22256
-1.18188
-1.13451
-1.08225
-1.02679
-0.969594
-0.911927
-0.854819
-0.799087
-0.745352
-0.694071
-0.645558
-0.600014
-0.557551
-0.518211
-0.481984
-0.448824
-0.418659
-0.391401
-0.366953
-0.345216
-0.326092
-0.309488
-0.295319
-0.283509
-0.273993
-0.266717
-0.261642
-0.258739
-0.257997
-0.259416
-0.263012
-0.268818
-0.276879
-0.28726
-0.300041
-0.31532
-0.333214
-0.353858
-0.377409
-0.404045
-0.433967
-0.467398
-0.504589
-0.545819
-0.591393
-0.641649
-0.696957
-0.757723
-0.824389
-0.897436
-0.977387
-1.0648
-1.1603
-1.26452
-1.37818
-1.502
-1.63679
-1.78335
-1.94255
-2.11526
-2.30236
-2.50473
-2.72318
-2.95849
-3.21127
-3.48199
-3.77083
-4.07766
-4.40184
-4.74219
-5.09675
-5.46265
-5.83594
-6.21141
-6.58244
-6.94097
-7.27747
-7.58119
-7.84056
-8.04378
-8.17976
-8.23915
-8.21541
-8.10577
-0.893482
-0.904617
-0.906859
-0.900485
-0.886131
-0.864713
-0.837336
-0.805192
-0.769475
-0.731312
-0.691726
-0.651598
-0.611668
-0.572533
-0.534658
-0.498392
-0.463985
-0.431602
-0.401345
-0.37326
-0.347356
-0.323613
-0.30199
-0.282431
-0.264874
-0.249252
-0.235501
-0.223557
-0.213361
-0.204859
-0.198009
-0.192771
-0.189119
-0.187033
-0.186504
-0.187535
-0.190137
-0.194333
-0.200158
-0.207656
-0.216888
-0.227923
-0.240846
-0.255754
-0.272762
-0.291996
-0.313602
-0.337742
-0.364596
-0.394365
-0.427268
-0.46355
-0.503476
-0.547339
-0.595456
-0.648172
-0.705863
-0.768932
-0.837814
-0.912977
-0.994917
-1.08416
-1.18127
-1.28682
-1.4014
-1.52563
-1.66012
-1.80545
-1.96218
-2.1308
-2.31168
-2.50509
-2.71106
-2.92936
-3.15943
-3.40027
-3.65032
-3.90739
-4.16852
-4.4299
-4.68679
-4.93353
-5.16358
-5.36967
-5.54416
-5.67941
-5.76838
-5.80524
-5.78602
-5.70908
-0.531268
-0.537885
-0.539371
-0.535877
-0.527747
-0.515484
-0.4997
-0.481065
-0.460259
-0.437934
-0.414684
-0.391033
-0.367423
-0.344218
-0.321702
-0.300095
-0.279555
-0.260191
-0.242071
-0.225231
-0.209682
-0.195416
-0.182414
-0.170645
-0.160074
-0.150665
-0.142379
-0.135179
-0.129032
-0.123905
-0.119774
-0.116615
-0.114413
-0.113157
-0.112841
-0.113466
-0.115041
-0.117578
-0.1211
-0.125633
-0.131213
-0.137883
-0.145694
-0.154704
-0.164983
-0.176608
-0.189665
-0.204254
-0.220482
-0.238471
-0.258354
-0.280278
-0.304402
-0.330904
-0.359973
-0.39182
-0.426667
-0.46476
-0.506358
-0.551741
-0.601208
-0.655073
-0.713668
-0.777335
-0.84643
-0.921309
-1.00233
-1.08983
-1.18413
-1.28549
-1.39413
-1.51016
-1.63357
-1.76417
-1.90158
-2.04513
-2.19384
-2.34633
-2.50079
-2.65489
-2.80581
-2.95019
-3.08421
-3.2037
-3.30429
-3.38171
-3.43204
-3.4521
-3.43974
-3.3941
-1120.19
-1124.9
-1129.35
-1133.55
-1137.5
-1141.19
-1144.64
-1147.86
-1150.85
-1153.62
-1156.18
-1158.55
-1160.73
-1162.74
-1164.58
-1166.26
-1167.8
-1169.21
-1170.49
-1171.66
-1172.71
-1173.67
-1174.52
-1175.29
-1175.97
-1176.58
-1177.1
-1177.56
-1177.95
-1178.27
-1178.53
-1178.73
-1178.87
-1178.95
-1178.97
-1178.93
-1178.84
-1178.69
-1178.47
-1178.2
-1177.86
-1177.45
-1176.98
-1176.43
-1175.81
-1175.1
-1174.31
-1173.42
-1172.43
-1171.33
-1170.12
-1168.79
-1167.31
-1165.69
-1163.92
-1161.97
-1159.83
-1157.49
-1154.93
-1152.13
-1149.07
-1145.73
-1142.08
-1138.09
-1133.74
-1128.99
-1123.8
-1118.15
-1112
-1105.28
-1097.97
-1090.01
-1081.34
-1071.92
-1061.67
-1050.53
-1038.45
-1025.34
-1011.15
-995.788
-979.195
-961.296
-942.026
-921.322
-899.128
-875.397
-850.093
-823.193
-794.686
-764.58
-61.6609
-40.855
-30.4519
-24.1257
-19.7327
-16.4018
-13.7202
-11.4665
-9.50946
-7.76506
-6.17565
-4.69917
-3.30319
-1.96121
-0.650348
-53.503
-40.7836
-31.7794
-25.4477
-20.8006
-17.2186
-14.3342
-11.9248
-9.84967
-8.01547
-6.35709
-4.8267
-3.3874
-2.00908
-0.665874
-44.2758
-36.9966
-30.4344
-25.0849
-20.8031
-17.3377
-14.4732
-12.0487
-9.94886
-8.09003
-6.41049
-4.86313
-3.41058
-2.02184
-0.669933
-36.8916
-32.4926
-27.8765
-23.6541
-19.989
-16.8559
-14.1718
-11.848
-9.80696
-7.98523
-6.33167
-4.80472
-3.36993
-1.99776
-0.661945
-31.0648
-28.2053
-24.9249
-21.6658
-18.6425
-15.9251
-13.5102
-11.3644
-9.44569
-7.71223
-6.12619
-4.65414
-3.26662
-1.9373
-0.64203
-26.3179
-24.3389
-21.9517
-19.4414
-16.9902
-14.6915
-12.5792
-10.6538
-8.89907
-7.29176
-5.80668
-4.41899
-3.1051
-1.84277
-0.6109
-22.315
-20.8803
-19.1014
-17.1576
-15.1854
-13.2714
-11.4613
-9.77244
-8.20497
-6.74903
-5.38975
-4.11002
-2.89199
-1.71777
-0.569694
-18.8386
-17.7659
-16.4157
-14.9021
-13.3224
-11.7474
-10.2219
-8.76967
-7.39929
-6.10959
-4.89324
-3.73933
-2.63505
-1.56662
-0.519799
-15.7449
-14.9288
-13.8934
-12.7125
-11.4544
-10.1738
-8.90936
-7.68496
-6.51291
-5.39679
-4.33424
-3.31898
-2.34225
-1.39384
-0.462681
-12.9345
-12.3109
-11.5166
-10.6001
-9.60901
-8.58413
-7.55664
-6.54788
-5.57055
-4.63038
-3.72795
-2.86008
-2.02113
-1.20379
-0.399767
-10.3352
-9.86369
-9.26195
-8.56217
-7.79731
-6.99698
-6.18514
-5.37933
-4.59097
-3.82622
-3.08705
-2.37225
-1.67838
-1.00042
-0.332352
-7.89227
-7.54667
-7.10528
-6.5893
-6.02104
-5.4213
-4.80758
-4.19331
-3.58777
-2.99646
-2.42174
-1.86349
-1.31972
-0.78713
-0.261577
-5.56201
-5.32541
-5.02317
-4.66867
-4.27624
-3.85958
-3.43055
-2.99855
-2.57031
-2.15009
-1.73996
-1.34023
-0.949853
-0.566808
-0.188407
-3.30789
-3.16976
-2.99331
-2.78594
-2.55564
-2.31021
-2.05647
-1.79998
-1.54481
-1.29361
-1.04776
-0.8076
-0.572654
-0.341834
-0.113644
-729.727
-689.49
-647.131
-602.768
-556.541
-508.605
-459.124
-408.269
-356.21
-303.12
-249.166
-194.512
-139.319
-83.7434
-27.9398
)
;

boundaryField
{
    hot
    {
        type            calculated;
        value           nonuniform List<scalar> 
120
(
1002.55
0.0114703
0.0191222
0.0267758
0.0344247
0.0420525
0.0496331
0.057136
0.0645253
0.0717659
0.0788308
0.0857104
0.092419
0.0989987
0.105516
0.111499
0.116998
0.122576
0.128232
0.133935
0.13962
0.145195
0.150548
0.155562
0.160128
0.164151
0.167557
0.170293
0.172324
0.17363
0.174205
0.174055
0.173201
0.171677
0.16953
0.166817
0.163604
0.159963
0.155966
0.151685
0.147183
0.142515
0.137725
0.132841
0.127884
0.122863
0.117783
0.11264
0.107427
0.102133
0.0967449
0.0912508
0.0856406
0.0799071
0.074046
0.0680541
0.0619286
0.0556662
0.0492639
0.0427195
0.0360329
0.0292073
0.0222498
0.0151721
0.00799119
0.000729436
-0.00658524
-0.0139198
-0.0212372
-0.0284975
-0.0356591
-0.0426801
-0.0495182
-0.0561312
-0.0624768
-0.0685134
-0.0742012
-0.079504
-0.0843915
-0.0888396
-0.0928309
-0.0963534
-0.0993993
-0.101965
-0.104051
-0.105664
-0.106821
-0.107547
-0.107879
-0.107865
-0.107566
-0.107061
-0.106444
-0.10582
-0.105308
-0.105023
-0.105066
-0.105511
-0.106391
-0.107688
-0.109329
-0.111188
-0.113091
-0.114834
-0.116198
-0.116968
-0.116743
-0.115129
-0.111989
-0.107297
-0.101119
-0.0935913
-0.0848919
-0.0752156
-0.0647551
-0.0536876
-0.0421683
-0.0303282
-0.0182764
-1004.4
)
;
    }
    cold
    {
        type            calculated;
        value           nonuniform List<scalar> 
120
(
29.0428
0.12134
0.201112
0.279108
0.35443
0.426015
0.492612
0.552793
0.604996
0.647612
0.679118
0.698253
0.704213
0.696825
0.67667
0.648532
0.615537
0.577255
0.535198
0.490887
0.44575
0.401038
0.357782
0.316771
0.278556
0.243474
0.211679
0.183181
0.157883
0.13561
0.11614
0.099227
0.0846146
0.072051
0.0612964
0.0521281
0.0443432
0.0377602
0.0322184
0.0275775
0.0237157
0.0205288
0.0179278
0.0158375
0.0141944
0.012945
0.0120443
0.0114534
0.011138
0.0110658
0.0112047
0.0115202
0.0119725
0.0125145
0.0130885
0.0136252
0.0140421
0.0142444
0.0141273
0.0135811
0.0124979
0.0107806
0.00835196
0.00516298
0.00119832
-0.00352208
-0.00894564
-0.0149934
-0.0215688
-0.0285668
-0.0358826
-0.0434185
-0.0510877
-0.0588175
-0.0665496
-0.0742417
-0.0818677
-0.0894197
-0.0969096
-0.104369
-0.111852
-0.119429
-0.127192
-0.135252
-0.143742
-0.152816
-0.162655
-0.173463
-0.18547
-0.198926
-0.214099
-0.231262
-0.250685
-0.272615
-0.297247
-0.324687
-0.354916
-0.387739
-0.422755
-0.459321
-0.49655
-0.533325
-0.568347
-0.600212
-0.627506
-0.650348
-0.665874
-0.669933
-0.661945
-0.64203
-0.6109
-0.569694
-0.519799
-0.462681
-0.399767
-0.332352
-0.261577
-0.188407
-0.113644
-27.9398
)
;
    }
    interface_left
    {
        type            calculated;
        value           nonuniform List<scalar> 
90
(
3.64278
1.46137
0.811132
0.651648
0.728417
1.07207
2.02527
4.832
14.0259
14.0748
4.99466
2.36359
1.7579
2.26273
4.64288
12.8859
12.9013
4.70313
2.43027
2.24462
3.91448
10.3728
10.3115
3.69981
1.74752
1.24563
1.49454
2.92355
7.97465
7.95213
2.85064
1.35093
0.976948
1.20082
2.39624
6.60161
6.57706
2.31648
1.04237
0.67639
0.727849
1.33595
3.57627
3.54936
1.24978
0.562645
0.383893
0.502333
1.19851
1.15267
0.349123
0.060062
-0.118185
-0.368558
-0.982896
-2.91026
-2.95195
-1.11928
-0.643126
-0.649082
-1.06459
-2.43645
-6.99188
-7.01963
-2.52714
-1.24674
-1.00014
-1.3841
-2.94879
-8.29032
-8.29847
-2.97562
-1.43873
-1.10772
-1.47994
-3.11775
-8.7748
-8.74433
-3.01567
-1.26473
-0.664494
-0.433888
-0.342525
-0.319008
-0.345539
-0.434005
-0.639802
-1.13774
-2.50358
-6.77615
)
;
    }
    interface_right
    {
        type            calculated;
        value           nonuniform List<scalar> 
90
(
46.4311
16.962
7.48741
3.96403
2.41655
1.62089
1.15659
0.859611
0.657035
0.512406
0.405651
0.324851
0.262498
0.213642
0.174893
0.14386
0.118811
0.0984643
0.0818552
0.0682454
0.0570629
0.0478598
0.0402826
0.0340504
0.0289395
0.0247716
0.0214055
0.0187308
0.0166636
0.0151434
0.0141322
0.0136148
0.0136007
0.0141297
0.0152805
0.0171872
0.0200663
0.0242656
0.0303542
0.039298
0.0528308
0.0743058
0.110867
0.179584
0.326575
0.691762
1.743
5.16532
5.91332
2.69827
0.935869
0.321403
0.0161782
-0.291568
-0.935537
-2.88001
-2.9325
-1.10723
-0.636513
-0.64678
-1.06596
-2.44119
-6.99992
-7.03107
-2.54225
-1.26595
-1.02404
-1.41345
-2.98455
-8.33369
-8.35096
-3.0391
-1.51552
-1.20075
-1.5929
-3.25535
-8.94311
-8.95133
-3.27202
-1.58502
-1.06925
-0.95308
-1.02203
-1.23359
-1.6278
-2.34667
-3.7793
-7.0723
-15.9581
-43.6293
)
;
    }
    interface_top
    {
        type            calculated;
        value           nonuniform List<scalar> 
90
(
-20.8608
-13.5465
-10.1726
-8.25486
-6.97938
-6.04041
-5.30431
-4.70368
-4.20026
-3.77028
-3.39795
-3.07221
-2.78502
-2.53032
-2.30342
-2.10063
-1.91897
-1.756
-1.60971
-1.4784
-1.36063
-1.25519
-1.16102
-1.07722
-1.00301
-0.937717
-0.880764
-0.831656
-0.789971
-0.755356
-0.72752
-0.706231
-0.691311
-0.682635
-0.680128
-0.683764
-0.693566
-0.709605
-0.732
-0.76092
-0.796585
-0.839264
-0.889283
-0.947023
-1.01292
-1.08749
-1.17129
-1.26497
-1.36923
-1.48489
-1.61283
-1.75403
-1.90958
-2.08068
-2.26865
-2.47496
-2.70121
-2.94917
-3.22079
-3.51823
-3.84385
-4.20027
-4.5904
-5.01745
-5.48497
-5.99694
-6.55781
-7.17253
-7.84673
-8.58676
-9.39986
-10.2944
-11.2799
-12.3678
-13.5713
-14.9065
-16.3928
-18.0543
-19.9215
-22.0336
-24.4428
-27.2206
-30.4694
-34.343
-39.0891
-45.1443
-53.3745
-65.7614
-87.5811
-134.94
)
;
    }
    interface_bottom
    {
        type            calculated;
        value           nonuniform List<scalar> 
90
(
10.8271
7.03697
5.26477
4.23926
3.54348
3.02042
2.60114
2.25065
1.94889
1.68322
1.44507
1.22828
1.0282
0.841108
0.663954
0.494064
0.328998
0.166402
0.00387526
-0.16118
-0.331749
-0.511477
-0.70509
-0.919101
-1.1631
-1.45229
-1.81298
-2.29597
-3.01273
-4.24516
-6.80955
-13.3558
11.3433
4.75156
2.09109
0.700226
-0.25975
-1.11317
-2.05735
-3.33605
-5.46927
-9.90946
-21.3421
22.475
11.0563
6.64511
4.55883
3.35088
2.5137
1.83207
1.18121
0.442862
-0.572562
-2.30043
-5.97349
-15.5773
21.8619
12.3158
8.75966
7.2111
6.44307
6.02958
5.797
5.6562
5.54144
5.37394
5.009
4.09679
1.63045
-5.66139
25.8006
18.6837
16.57
16.1942
16.5588
17.3273
18.3729
19.6406
21.0933
22.6713
24.206
25.1474
23.587
46.4653
46.5101
50.9625
58.7257
71.2776
93.9923
143.849
)
;
    }
    defaultFaces
    {
        type            empty;
    }
}


// ************************************************************************* //
