/*--------------------------------*- C++ -*----------------------------------*\
| =========                 |                                                 |
| \\      /  F ield         | OpenFOAM: The Open Source CFD Toolbox           |
|  \\    /   O peration     | Version:  5.x                                   |
|   \\  /    A nd           | Web:      www.OpenFOAM.org                      |
|    \\/     M anipulation  |                                                 |
\*---------------------------------------------------------------------------*/
FoamFile
{
    version     2.0;
    format      ascii;
    class       volScalarField;
    location    "4.1";
    object      gradTx;
}
// * * * * * * * * * * * * * * * * * * * * * * * * * * * * * * * * * * * * * //

dimensions      [0 -1 0 1 0 0 0];

internalField   nonuniform List<scalar> 
6300
(
2833.75
2825.65
2809.42
2785.01
2752.36
2711.38
2662.04
2604.33
2538.32
2464.21
2382.35
2293.26
2197.71
2096.68
1991.4
2841.75
2833.68
2817.5
2793.16
2760.57
2719.65
2670.31
2612.53
2546.33
2471.88
2389.48
2299.64
2203.1
2100.87
1994.19
2857.71
2849.7
2833.64
2809.45
2777.02
2736.22
2686.93
2629.04
2562.51
2487.41
2403.97
2312.63
2214.1
2109.42
1999.88
2881.57
2873.67
2857.81
2833.88
2801.74
2761.2
2712.05
2654.09
2587.16
2511.18
2426.26
2332.72
2231.2
2122.73
2008.76
2913.24
2905.49
2889.93
2866.42
2834.76
2794.68
2745.88
2688.02
2620.75
2543.82
2457.09
2360.69
2255.15
2141.48
2021.26
2952.54
2945.02
2929.9
2907
2876.08
2836.78
2788.67
2731.24
2663.92
2586.15
2497.49
2397.73
2287.15
2166.69
2038.1
2999.25
2992.04
2977.53
2955.51
2925.67
2887.59
2840.69
2784.26
2717.44
2639.29
2548.88
2445.51
2328.96
2199.93
2060.36
3053.06
3046.26
3032.55
3011.72
2983.41
2947.12
2902.14
2847.56
2782.18
2704.58
2613.16
2506.37
2383.16
2243.63
2089.76
3113.56
3107.27
3094.59
3075.29
3049.02
3015.21
2973.09
2921.54
2859.04
2783.59
2692.7
2583.56
2453.61
2301.58
2129.07
3180.24
3174.57
3163.13
3145.74
3122.04
3091.52
3053.36
3006.36
2948.75
2877.94
2790.38
2681.46
2546.03
2379.93
2183
3252.47
3247.51
3237.52
3222.36
3201.78
3175.34
3142.35
3101.69
3051.54
2988.95
2909.31
2805.76
2669.03
2489.03
2260.09
3329.54
3325.35
3316.96
3304.3
3287.25
3265.59
3238.9
3206.4
3166.65
3116.89
3052.05
2963.13
2835.22
2646.96
2377.24
3410.67
3407.29
3400.56
3390.51
3377.21
3360.74
3341.12
3318.26
3291.65
3259.78
3218.75
3159.39
3061.66
2886.25
2572.13
3495.06
3492.46
3487.34
3479.84
3470.23
3458.91
3446.46
3433.73
3421.79
3411.71
3403.67
3393.91
3365.67
3264.12
2941.51
3581.91
3580.03
3576.37
3571.16
3564.84
3558.07
3551.96
3548.3
3549.94
3561.48
3590.19
3646.79
3742.85
3862.92
3780.04
1892.43
1801.29
1710.05
1619.59
1530.77
1444.39
1361.13
1281.59
1206.25
1135.47
1069.51
1008.54
952.655
901.861
856.117
815.33
779.366
748.057
721.207
698.59
679.955
665.022
653.484
645.006
639.226
635.754
634.18
634.083
635.039
636.636
638.487
640.245
641.612
642.338
642.226
641.118
638.885
635.417
630.612
624.372
616.609
607.25
596.242
583.57
569.254
553.351
535.945
517.135
497.019
475.678
453.163
429.488
404.632
378.538
351.127
322.304
291.971
260.032
226.393
190.963
153.642
114.319
72.8537
29.0757
-17.2233
-66.2888
-118.4
-173.864
-233.003
-296.143
-363.608
-435.705
-512.718
-594.908
-682.503
-775.7
-874.656
-979.481
-1090.23
-1206.87
-1329.3
-1457.26
-1590.4
-1728.19
-1869.93
-2014.75
-2161.64
-2309.42
-2456.85
-2602.58
1893.83
1801.39
1708.85
1617.16
1527.21
1439.83
1355.73
1275.51
1199.64
1128.48
1062.28
1001.19
945.286
894.557
848.949
808.355
772.633
741.611
715.086
692.833
674.6
660.109
649.055
641.101
635.88
632.998
632.033
632.547
634.096
636.249
638.6
640.79
642.513
643.525
643.641
642.718
640.645
637.323
632.657
626.546
618.891
609.603
598.621
585.92
571.523
555.498
537.95
519
498.769
477.355
454.819
431.178
406.402
380.424
353.149
324.469
294.276
262.472
228.967
193.679
156.523
117.401
76.1829
32.706
-13.2377
-61.8991
-113.568
-168.566
-227.231
-289.906
-356.926
-428.609
-505.247
-587.103
-674.413
-767.38
-866.173
-970.92
-1081.7
-1198.51
-1321.27
-1449.76
-1583.66
-1722.44
-1865.42
-2011.71
-2160.27
-2309.87
-2459.19
-2606.83
1896.68
1801.56
1706.37
1612.16
1519.9
1430.5
1344.7
1263.1
1186.2
1114.3
1047.65
986.346
930.424
879.847
834.527
794.333
759.107
728.661
702.789
681.262
663.833
650.226
640.139
633.236
629.147
627.461
627.735
629.498
632.264
635.555
638.926
641.985
644.416
645.984
646.53
645.953
644.181
641.147
636.764
630.925
623.504
614.379
603.457
590.694
576.118
559.823
541.957
522.695
502.207
480.632
458.053
434.488
409.892
384.167
357.184
328.803
298.894
267.353
234.101
199.079
162.234
123.496
82.7642
39.8885
-5.33682
-53.1745
-103.938
-157.981
-215.675
-277.399
-343.516
-414.362
-490.241
-571.424
-658.152
-750.641
-849.083
-953.641
-1064.44
-1181.54
-1304.92
-1434.44
-1569.82
-1710.59
-1856.06
-2005.34
-2157.31
-2310.64
-2463.86
-2615.42
1901.1
1801.77
1702.42
1604.27
1508.44
1415.93
1327.55
1243.91
1165.48
1092.55
1025.28
963.715
907.832
857.536
812.691
773.131
738.668
709.098
684.208
663.769
647.538
635.251
626.615
621.3
618.93
619.082
621.274
624.983
629.653
634.727
639.68
644.065
647.542
649.893
651.017
650.889
649.517
646.891
642.948
637.561
630.552
621.726
610.923
598.062
583.171
566.393
547.958
528.138
507.196
485.342
462.694
439.271
414.994
389.71
363.222
335.326
305.855
274.69
241.776
207.1
170.664
132.46
92.431
50.4542
6.3272
-40.2334
-89.5828
-142.129
-198.309
-258.557
-323.283
-392.852
-467.58
-547.739
-633.571
-725.303
-823.156
-927.345
-1038.07
-1155.48
-1279.68
-1410.64
-1548.18
-1691.9
-1841.16
-1995.04
-2152.31
-2311.49
-2470.86
-2628.59
1907.27
1801.94
1696.68
1592.97
1492.15
1395.37
1303.5
1217.18
1136.81
1062.61
994.647
932.87
877.16
827.344
783.217
744.562
711.155
682.773
659.193
640.192
625.542
614.997
608.287
605.099
605.064
607.741
612.609
619.064
626.442
634.051
641.233
647.433
652.267
655.55
657.285
657.596
656.639
654.512
651.192
646.515
640.196
631.902
621.336
608.334
592.924
575.333
555.936
535.18
513.486
491.179
468.436
445.269
421.536
396.978
371.274
344.11
315.243
284.54
251.984
217.647
181.638
144.048
104.901
64.1157
21.4966
-23.274
-70.6192
-121.04
-175.076
-233.257
-296.065
-363.9
-437.082
-515.864
-600.471
-691.126
-788.077
-891.606
-1002.02
-1119.62
-1244.66
-1377.32
-1517.57
-1665.17
-1819.55
-1979.77
-2144.49
-2311.98
-2480.15
-2646.73
1915.49
1801.96
1688.64
1577.43
1470
1367.68
1271.43
1181.84
1099.22
1023.66
955.066
893.256
837.971
788.929
745.836
708.409
676.382
649.508
627.56
610.329
597.611
589.201
584.867
584.339
587.273
593.227
601.636
611.796
622.877
633.969
644.177
652.748
659.204
663.416
665.583
666.108
665.424
663.829
661.37
657.81
652.666
645.329
635.237
622.055
605.801
586.853
565.856
543.556
520.643
497.628
474.774
452.069
429.254
405.884
381.417
355.337
327.268
297.049
264.749
230.595
194.884
157.877
119.725
80.4172
39.7644
-2.60531
-47.2234
-94.7408
-145.866
-201.287
-261.596
-327.235
-398.502
-475.585
-558.641
-647.857
-743.497
-845.924
-955.586
-1072.99
-1198.65
-1333
-1476.32
-1628.61
-1789.46
-1957.96
-2132.63
-2311.4
-2491.64
-2670.41
1926.2
1801.61
1677.49
1556.38
1440.44
1331.21
1229.7
1136.4
1051.42
974.622
905.685
844.21
789.764
741.917
700.268
664.456
634.165
609.125
589.114
573.944
563.459
557.512
555.948
558.573
565.112
575.158
588.121
603.182
619.276
635.141
649.458
661.089
669.351
674.205
676.224
676.341
675.502
674.368
673.114
671.367
668.274
662.703
653.567
640.183
622.538
601.309
577.634
552.797
527.93
503.833
480.881
459.011
437.76
416.357
393.872
369.418
342.376
312.55
280.174
245.779
209.99
173.351
136.209
98.6543
60.5036
21.3018
-19.65
-63.2421
-110.464
-162.271
-219.439
-282.457
-351.531
-426.688
-507.92
-595.313
-689.12
-789.793
-897.97
-1014.44
-1140.07
-1275.73
-1422.12
-1579.67
-1748.28
-1927.19
-2114.8
-2308.6
-2505.18
-2700.54
1940.1
1800.54
1661.92
1527.86
1401.14
1283.58
1176.1
1078.93
991.809
914.226
845.524
785.012
732.024
685.954
646.272
612.529
584.361
561.481
543.674
530.795
522.751
519.492
520.979
527.154
537.881
552.868
571.567
593.061
615.985
638.521
658.587
674.26
684.384
689.055
689.583
687.927
685.985
685.06
685.547
686.842
687.428
685.19
677.992
664.426
644.419
619.266
591.071
562.064
534.093
508.374
485.417
465.049
446.471
428.375
409.149
387.215
361.485
331.711
298.499
262.964
226.314
189.544
153.282
117.748
82.7551
47.7289
11.7265
-26.5139
-68.4541
-115.531
-168.85
-228.948
-295.789
-369.026
-448.309
-533.511
-624.833
-722.829
-828.383
-942.657
-1067.02
-1202.94
-1351.82
-1514.74
-1692.22
-1883.83
-2087.99
-2301.69
-2520.41
-2738.43
1958.28
1798.03
1639.73
1488.69
1348.61
1221.4
1107.64
1006.94
918.431
841.01
773.538
714.948
664.294
620.766
583.698
552.554
526.924
506.51
491.121
480.664
475.138
474.618
479.24
489.162
504.499
525.216
550.967
580.863
613.231
645.438
674.02
695.4
707.247
709.848
706.068
699.902
694.983
693.696
696.797
703.318
710.627
714.801
711.568
697.921
673.692
641.584
605.659
569.822
536.999
508.923
486.213
468.493
454.473
442.011
428.311
410.467
386.405
355.816
320.16
281.746
242.805
205.001
169.306
136.06
105.053
75.5605
46.326
15.5436
-19.0451
-59.7945
-108.496
-165.719
-230.824
-302.644
-380.161
-462.877
-550.911
-644.956
-746.211
-856.314
-977.289
-1111.45
-1261.23
-1428.82
-1615.73
-1822.33
-2047.38
-2287.46
-2536.56
-2786.17
1982.49
1792.68
1607.01
1433.71
1277.47
1139.82
1020.3
917.364
829.058
753.438
688.735
633.433
586.276
546.255
512.572
484.62
461.956
444.285
431.447
423.417
420.298
422.324
429.854
443.357
463.352
490.3
524.377
565.088
610.692
657.551
699.803
730.245
743.404
739.807
725.967
710.059
698.732
695.989
703.101
718.637
738.319
755.054
760.12
746.635
714.292
669.38
620.103
573.223
533.051
501.73
479.807
466.596
460.22
457.414
453.428
442.662
420.713
387.205
345.785
301.279
257.653
217.413
181.797
151.144
125.167
103.019
83.1538
63.0822
39.2369
7.39497
-35.8656
-91.1334
-156.183
-228.047
-304.511
-384.569
-468.312
-556.679
-651.272
-754.286
-868.531
-997.444
-1144.96
-1315.02
-1510.83
-1734.19
-1985.03
-2260.18
-2551.88
-2847.04
2015.75
1781.28
1556.41
1354.14
1179.48
1032.09
909.053
806.671
721.382
650.115
590.368
540.162
497.963
462.595
433.175
409.055
389.783
375.083
364.836
359.083
358.034
362.088
371.855
388.187
412.176
445.101
488.219
542.247
606.325
676.28
742.57
789.956
803.665
784.491
748.824
713.598
690.096
684.07
697.253
727.961
770.234
812.089
835.361
822.481
772.971
703.439
631.078
566.948
516.339
480.988
460.841
454.843
460.812
474.503
488.293
490.948
471.653
429.976
375.843
319.535
267.615
223.163
187.135
159.487
139.766
127.188
120.276
116.053
109.033
91.0277
54.0569
-2.45823
-71.7229
-146.819
-223.676
-300.941
-379.039
-459.419
-544.184
-636.061
-738.62
-856.616
-996.166
-1164.11
-1366.19
-1606.44
-1887.61
-2208.99
-2562.14
-2926.51
2063.66
1755.99
1473.2
1234.75
1042.19
889.269
768.037
671.342
593.49
530.18
478.239
435.342
399.793
370.354
346.132
326.492
311.015
299.456
291.739
287.962
288.411
293.612
304.391
321.977
348.118
385.212
436.334
504.916
593.475
700.266
812.536
898.135
911.252
852.899
771.02
700.233
656.273
644.469
666.149
720.612
802.726
895.86
962.638
951.048
860.458
741.55
630.182
541.186
477.641
438.342
421.485
425.844
450.272
491.433
539.18
570.825
554.808
490.672
409.022
331.461
266.818
216.776
180.399
156.415
144.073
143.192
153.524
173.049
194.645
201.968
172.121
104.576
21.1368
-63.0496
-142.244
-216.102
-286.468
-355.828
-426.835
-502.433
-586.454
-684.723
-806.446
-964.028
-1166.52
-1419.73
-1732.2
-2111.97
-2556.16
-3034.36
2137.51
1694.79
1326.07
1049.26
847.778
700.77
591.651
508.852
444.634
393.856
353.068
319.926
292.81
270.589
252.475
237.926
226.592
218.284
212.962
210.744
211.936
217.093
227.117
243.435
268.276
305.111
359.294
438.799
554.355
716.338
920.884
1110.66
1121.73
955.156
777.223
648.214
576.124
556.631
587.817
673.424
819.324
1017.56
1202.74
1193.35
988.697
768.78
597.055
478.756
404.015
363.366
351.565
367.932
415.624
498.865
613.235
719.32
707.238
576.57
436.303
324.776
244.987
190.704
155.81
136.574
131.873
143.046
173.528
227.057
300.804
366.426
344.466
234.496
115.072
13.5346
-68.4938
-136.285
-195.333
-249.853
-302.86
-356.659
-413.752
-479.033
-565.063
-699.241
-893.776
-1147.63
-1479.81
-1922.12
-2501.11
-3189.49
2262.33
1526.99
1046.56
755.223
574.898
457.687
377.343
319.586
276.411
243.129
216.875
195.821
178.766
164.901
153.675
144.721
137.804
132.805
129.707
128.608
129.746
133.557
140.772
152.614
171.155
200.018
245.776
320.757
448.362
671.098
1050.47
1580.49
1587.97
1073.74
712.952
514.21
420.218
395.8
431.102
539.393
760.533
1158.03
1722.97
1716.78
1138.89
726.59
486.976
353.588
281.283
246.837
241.073
264.902
329.772
461.457
699.202
1037.95
1030.41
676.274
422.186
272.376
186.422
136.708
108.667
95.7995
96.8092
115.09
160.341
251.943
418.652
656.987
643.537
378.019
183.247
62.0256
-15.2411
-69.0547
-110.713
-146.049
-177.733
-206.129
-229.245
-243.452
-254.328
-347.517
-535.593
-762.679
-1068.8
-1535.4
-2288.44
-3432.23
2495.72
992.053
494.73
301.3
211.112
161.498
130.496
109.313
93.9286
82.2745
73.1837
65.9497
60.1224
55.4054
51.6005
48.5763
46.2508
44.5825
43.568
43.2452
43.7047
45.113
47.7581
52.1401
59.1643
70.5888
90.1705
126.928
205.366
400.283
963.073
2802.75
2805.4
971.36
415.304
229.35
164.114
148.958
169.269
242.844
447.762
1057.36
3065.58
3063.41
1050.62
435.704
223.919
140.448
104.029
88.9974
87.9611
102.763
147.695
271.311
639.697
1855.22
1852.65
631.885
257.899
128.012
75.6661
51.4962
39.6732
35.0384
36.8722
48.2936
80.4019
168.664
433.347
1310.1
1305.57
419.655
145.502
47.2202
4.23953
-19.3248
-35.194
-47.4989
-57.3357
-63.1948
-57.5637
-12.6578
174.94
140.853
-121.218
-263.887
-426.677
-736.145
-1512.99
-3852.65
-2759.18
-2924.13
-3080.77
-3227.45
-3362.88
-3486.16
-3596.74
-3694.36
-3779
-3850.81
-3910.04
-3956.97
-3991.87
-4015
-4026.52
-2765.42
-2932.33
-3090.63
-3238.59
-3374.92
-3498.75
-3609.57
-3707.21
-3791.7
-3863.26
-3922.2
-3968.85
-4003.52
-4026.47
-4037.9
-2778.11
-2949.06
-3110.7
-3261.24
-3399.35
-3524.22
-3635.47
-3733.07
-3817.2
-3888.21
-3946.53
-3992.57
-4026.73
-4049.32
-4060.56
-2797.74
-2974.98
-3141.79
-3296.2
-3436.89
-3563.18
-3674.91
-3772.26
-3855.68
-3925.72
-3982.99
-4028.04
-4061.38
-4083.38
-4094.31
-2825.09
-3011.21
-3185.17
-3344.76
-3488.71
-3616.6
-3728.58
-3825.25
-3907.39
-3975.87
-4031.52
-4075.1
-4107.22
-4128.37
-4138.86
-2861.4
-3059.51
-3242.81
-3408.83
-3556.48
-3685.78
-3797.44
-3892.63
-3972.63
-4038.71
-4091.99
-4133.46
-4163.9
-4183.87
-4193.76
-2908.58
-3122.52
-3317.61
-3491.14
-3642.49
-3772.45
-3882.65
-3975.07
-4051.66
-4114.18
-4164.13
-4202.73
-4230.89
-4249.31
-4258.41
-2969.57
-3204.28
-3413.83
-3595.53
-3749.75
-3878.74
-3985.52
-4073.2
-4144.6
-4202.07
-4247.48
-4282.26
-4307.49
-4323.92
-4332.02
-3049.09
-3311.08
-3537.8
-3727.28
-3882.12
-4007.1
-4107.34
-4187.48
-4251.34
-4301.88
-4341.29
-4371.2
-4392.75
-4406.71
-4413.58
-3155.05
-3453.03
-3698.9
-3893.52
-4044.23
-4160.05
-4249.12
-4317.91
-4371.27
-4412.65
-4444.45
-4468.34
-4485.43
-4496.45
-4501.86
-3301.5
-3646.96
-3911.1
-4103.52
-4241.1
-4339.6
-4411
-4463.62
-4503.03
-4532.84
-4555.37
-4572.11
-4584.01
-4591.66
-4595.4
-3515.89
-3922.11
-4194.89
-4368.2
-4476.92
-4546.11
-4591.49
-4622.39
-4644.23
-4660.15
-4671.92
-4680.57
-4686.68
-4690.61
-4692.53
-3858.26
-4330.54
-4578.03
-4697.32
-4752.12
-4776.26
-4786.29
-4790.05
-4791.22
-4791.45
-4791.42
-4791.38
-4791.38
-4791.41
-4791.43
-4481.19
-4963.63
-5089.16
-5090.76
-5057.83
-5020.35
-4987.17
-4960.14
-4938.99
-4922.83
-4910.76
-4901.97
-4895.88
-4892.04
-4890.19
-5845.91
-5953.46
-5724.07
-5518.52
-5367.94
-5259.95
-5181.7
-5124.2
-5081.6
-5049.97
-5026.62
-5009.7
-4997.95
-4990.53
-4986.94
3663.14
3661.81
3659.27
3655.79
3651.84
3648.23
3646.3
3648.33
3658.22
3682.93
3735.46
3842.28
4066.45
4597.74
6177.42
3737.82
3736.91
3735.2
3732.95
3730.6
3728.93
3729.22
3733.71
3746.27
3773.93
3829.71
3938.4
4147.27
4537.59
5156.7
3813.04
3812.47
3811.41
3810.07
3808.8
3808.17
3809.14
3813.38
3823.74
3845.29
3887.12
3964.85
4101.95
4318.45
4567.3
3888.56
3888.27
3887.73
3887.06
3886.45
3886.18
3886.71
3888.71
3893.33
3902.48
3919.5
3949.99
4001.4
4076.72
4152.12
3964.2
3964.14
3964.03
3963.9
3963.75
3963.55
3963.14
3962.14
3959.68
3954.08
3942.42
3920.48
3884.13
3834.84
3790.71
4039.78
4039.95
4040.26
4040.65
4040.99
4040.95
4039.89
4036.48
4028.11
4009.78
3972.38
3900.89
3775.74
3589.27
3400.08
4115.15
4115.56
4116.33
4117.35
4118.38
4118.96
4118.16
4114.16
4103.36
4078.61
4025.91
3918.44
3709.85
3345.48
2879.51
4190.14
4190.81
4192.11
4193.92
4195.97
4197.81
4198.55
4196.47
4188.18
4166.75
4117.38
4006.12
3752.06
3172.14
2036.78
4264.55
4265.53
4267.45
4270.2
4273.61
4277.33
4280.8
4282.98
4282
4274.2
4251.7
4192.86
4020.45
3384.44
407.083
4338.19
4339.5
4342.09
4345.92
4350.91
4356.92
4363.84
4371.59
4380.42
4391.76
4411.16
4458.34
4610.69
5222.57
8180.81
4410.82
4412.47
4415.77
4420.73
4427.37
4435.77
4446.2
4459.35
4476.97
4503.62
4551.22
4650.68
4881.69
5431.17
6540.89
4482.2
4484.19
4488.19
4494.25
4502.48
4513.1
4526.58
4543.89
4567.12
4600.83
4655.14
4751.55
4931.4
5250.58
5673.23
4552.09
4554.4
4559.06
4566.15
4575.81
4588.33
4604.18
4624.21
4649.87
4683.63
4729.7
4794.34
4884.25
4998
5100.7
4620.27
4622.88
4628.13
4636.13
4647.04
4661.13
4678.78
4700.52
4726.85
4757.75
4791.27
4819.44
4820.43
4752.96
4601.13
4686.54
4689.41
4695.18
4703.97
4715.94
4731.33
4750.44
4773.54
4800.52
4829.94
4856.44
4863.3
4804.03
4566.37
3997.78
4750.72
4753.8
4760.02
4769.48
4782.34
4798.83
4819.21
4843.74
4872.35
4904.05
4935.12
4952.96
4911.4
4609.48
3001.24
4812.64
4815.91
4822.49
4832.5
4846.09
4863.49
4885
4911
4941.91
4978.46
5022.87
5083.73
5199.46
5559.64
7197.97
4872.18
4875.59
4882.47
4892.9
4907.06
4925.18
4947.57
4974.72
5007.41
5047.31
5099.09
5176.25
5317.63
5622.05
6225.74
4929.24
4932.76
4939.85
4950.59
4965.16
4983.76
5006.72
5034.49
5067.75
5107.78
5157.56
5224.05
5322.46
5476.5
5674.48
4983.75
4987.34
4994.56
5005.5
5020.32
5039.2
5062.42
5090.33
5123.25
5161.35
5204.3
5249.56
5288.52
5300.31
5262.46
5035.65
5039.27
5046.56
5057.6
5072.52
5091.49
5114.76
5142.57
5175
5211.45
5249.3
5279.3
5273.32
5158.44
4825.93
5084.91
5088.54
5095.84
5106.87
5121.76
5140.67
5163.83
5191.49
5223.8
5260.44
5299.63
5333.9
5333.62
5167.59
4160.27
5131.55
5135.15
5142.39
5153.33
5168.07
5186.77
5209.66
5237.07
5269.45
5307.55
5353.24
5412.36
5508.89
5760.83
6820.61
5175.56
5179.11
5186.24
5197.01
5211.49
5229.82
5252.23
5279.07
5310.97
5349.25
5397.41
5464.69
5576.11
5792.93
6195
5216.99
5220.47
5227.45
5237.97
5252.1
5269.92
5291.61
5317.45
5347.9
5383.98
5428.17
5486.22
5570.01
5696.23
5850.43
5255.88
5259.27
5266.07
5276.3
5289.99
5307.2
5327.99
5352.49
5380.77
5412.93
5449.19
5489.74
5534.31
5579.96
5614.8
5292.29
5295.59
5302.18
5312.09
5325.31
5341.84
5361.69
5384.78
5410.8
5438.91
5467.08
5490.33
5497.73
5471.06
5405.21
5326.29
5329.48
5335.87
5345.43
5358.17
5374.05
5393.02
5414.91
5439.23
5464.72
5488.27
5501.79
5484.68
5389.22
5151.75
5357.96
5361.04
5367.21
5376.44
5388.71
5403.98
5422.2
5443.23
5466.7
5491.74
5516.28
5534.38
5525.92
5405.86
4735.25
5387.36
5390.34
5396.29
5405.19
5417.02
5431.73
5449.31
5469.72
5492.93
5518.98
5548.64
5585.27
5644.53
5804.68
6495.96
5414.56
5417.44
5423.19
5431.78
5443.17
5457.36
5474.32
5494.14
5517.01
5543.6
5576.02
5620.29
5692.96
5834.52
6097.57
5439.65
5442.43
5447.98
5456.26
5467.25
5480.91
5497.24
5516.32
5538.37
5564.02
5595.04
5635.45
5693.41
5779.83
5883.78
5462.67
5465.36
5470.73
5478.73
5489.33
5502.47
5518.12
5536.3
5557.07
5580.59
5607.39
5638.28
5673.97
5712.83
5744.08
5483.71
5486.32
5491.52
5499.26
5509.49
5522.14
5537.12
5554.37
5573.7
5594.75
5616.77
5637.62
5652.2
5650.96
5628.01
5502.8
5505.34
5510.4
5517.92
5527.83
5540.04
5554.43
5570.85
5588.97
5608.12
5626.81
5641.18
5641.29
5604.03
5497.91
5520.01
5522.49
5527.43
5534.77
5544.43
5556.29
5570.21
5586.02
5603.38
5621.66
5639.72
5654.49
5656.2
5604.79
5296.04
5535.36
5537.8
5542.66
5549.87
5559.34
5570.96
5584.56
5599.99
5616.98
5635.24
5654.77
5676.72
5707.88
5784.1
6104.34
5548.89
5551.31
5556.12
5563.25
5572.62
5584.1
5597.53
5612.74
5629.54
5647.79
5668.02
5692.41
5728.13
5793.81
5914.33
5560.6
5563.02
5567.82
5574.94
5584.29
5595.73
5609.12
5624.27
5640.92
5658.85
5678.22
5700.09
5727.46
5765.28
5809.97
5570.52
5572.94
5577.77
5584.93
5594.34
5605.88
5619.38
5634.62
5651.26
5668.77
5686.56
5703.8
5719.38
5731.84
5738.6
5578.61
5581.07
5585.95
5593.21
5602.77
5614.51
5628.29
5643.87
5660.82
5678.36
5695.15
5708.5
5713.35
5702.21
5673.89
5584.88
5587.37
5592.34
5599.75
5609.53
5621.59
5635.83
5652.03
5669.82
5688.35
5706
5718.96
5718.3
5684.36
5591.47
5589.27
5591.82
5596.9
5604.49
5614.55
5627.02
5641.86
5658.97
5678.13
5698.81
5719.96
5738.73
5746.23
5707.32
5446.52
5591.77
5594.37
5599.58
5607.37
5617.73
5630.66
5646.19
5664.36
5685.21
5708.8
5735.44
5766.19
5806.25
5884.23
6166.01
5592.32
5594.99
5600.31
5608.3
5618.97
5632.36
5648.56
5667.75
5690.23
5716.55
5747.93
5787.02
5839.8
5919.48
6039.59
5590.9
5593.61
5599.05
5607.23
5618.17
5631.95
5648.71
5668.72
5692.43
5720.63
5754.94
5798.19
5854.55
5926.51
5998.58
5587.45
5590.21
5595.75
5604.08
5615.24
5629.32
5646.48
5667
5691.34
5720.32
5755.61
5800.12
5858.32
5933.31
6009.64
5581.94
5584.75
5590.36
5598.8
5610.12
5624.4
5641.78
5662.48
5686.86
5715.5
5749.72
5792.39
5850.3
5939.06
6075.71
5574.36
5577.19
5582.85
5591.37
5602.79
5617.18
5634.63
5655.28
5679.25
5706.66
5737.84
5773.91
5820.73
5911.4
6238.72
5564.68
5567.52
5573.21
5581.77
5593.25
5607.68
5625.12
5645.63
5669.09
5695.07
5722.42
5747.8
5760.58
5719.26
5418.9
5552.88
5555.72
5561.42
5570
5581.49
5595.93
5613.36
5633.79
5657.01
5682.37
5708.23
5730.29
5737.86
5706.84
5604.78
5538.97
5541.8
5547.49
5556.04
5567.51
5581.94
5599.38
5619.87
5643.28
5669.18
5696.52
5722.69
5741.8
5743.59
5721.9
5522.95
5525.76
5531.4
5539.91
5551.32
5565.7
5583.15
5603.77
5627.65
5654.83
5685.49
5719.83
5757.63
5796.49
5826.1
5504.83
5507.61
5513.18
5521.59
5532.89
5547.17
5564.57
5585.28
5609.55
5637.91
5671.77
5714.39
5772.58
5855.66
5952.98
5484.64
5487.36
5492.83
5501.09
5512.22
5526.32
5543.56
5564.16
5588.44
5617.04
5651.81
5697.97
5770.12
5904.77
6149.6
5462.42
5465.07
5470.39
5478.44
5489.32
5503.14
5520.08
5540.35
5564.15
5591.71
5623.8
5663.33
5724.12
5877.24
6518.4
5438.21
5440.76
5445.89
5453.67
5464.2
5477.62
5494.14
5513.94
5537.07
5563.1
5590.47
5613.77
5613.86
5510.62
4896.12
5412.09
5414.51
5419.4
5426.82
5436.89
5449.8
5465.77
5485.07
5507.78
5533.4
5559.82
5580.17
5575.2
5498.88
5287.86
5384.13
5386.4
5390.98
5397.95
5407.45
5419.68
5434.95
5453.69
5476.29
5502.98
5533.24
5563.97
5585.93
5580.51
5535.3
5354.44
5356.53
5360.74
5367.16
5375.93
5387.27
5401.58
5419.46
5441.78
5469.93
5506.18
5553.68
5615.52
5689.6
5753.63
5323.15
5325.03
5328.81
5334.57
5342.43
5352.64
5365.6
5381.99
5403.04
5431.1
5471.14
5533.27
5636.47
5805.5
6018.71
5290.41
5292.04
5295.33
5300.33
5307.14
5315.94
5327.07
5341.12
5359.24
5383.8
5420.61
5484.16
5611.56
5890.55
6434.14
5256.38
5257.75
5260.5
5264.66
5270.28
5277.45
5286.35
5297.29
5310.77
5327.82
5351.35
5390.52
5481.24
5791.71
7229.37
5221.24
5222.34
5224.53
5227.8
5232.15
5237.58
5244.07
5251.54
5259.62
5267.19
5271.07
5260.91
5198.15
4909.94
3482.46
5185.19
5186.01
5187.63
5190.01
5193.1
5196.79
5200.94
5205.2
5208.64
5208.95
5200.37
5167.66
5071.45
4819.15
4289.51
5148.4
5148.95
5150.02
5151.55
5153.43
5155.52
5157.59
5159.26
5159.63
5156.73
5146.24
5118.33
5052.98
4920.76
4731.2
5111.07
5111.37
5111.93
5112.66
5113.43
5114.07
5114.37
5114.05
5112.68
5109.62
5104.04
5094.83
5080.77
5062.01
5043.69
5073.36
5073.44
5073.54
5073.55
5073.33
5072.68
5071.41
5069.41
5066.72
5064.07
5064.21
5074.5
5111.66
5202.77
5345.94
5035.44
5035.32
5035.03
5034.43
5033.33
5031.53
5028.81
5025.07
5020.52
5016.42
5017.15
5035.32
5104.91
5307.21
5750.1
4997.43
4997.16
4996.55
4995.45
4993.63
4990.83
4986.75
4981.12
4973.81
4965.23
4957.81
4960.23
5005.85
5244.42
6464.32
4959.43
4959.06
4958.23
4956.77
4954.42
4950.84
4945.6
4938.16
4927.76
4913.07
4891.46
4854.94
4772.63
4499.98
3255.86
4921.53
4921.11
4920.17
4918.52
4915.87
4911.8
4905.8
4897.1
4884.47
4865.53
4835.28
4781.25
4671.42
4429.95
3958.44
4883.74
4883.33
4882.41
4880.77
4878.08
4873.92
4867.69
4858.59
4845.33
4825.66
4795.43
4746.11
4661.42
4519.47
4336.25
4846.07
4845.73
4844.96
4843.54
4841.13
4837.27
4831.41
4822.8
4810.43
4792.95
4768.64
4735.32
4691.01
4637.43
4589.53
4808.45
4808.26
4807.78
4806.8
4804.96
4801.83
4796.86
4789.43
4778.87
4764.78
4747.92
4731.95
4726.85
4751.24
4812.26
4770.78
4770.81
4770.77
4770.44
4769.48
4767.46
4763.84
4758.04
4749.53
4738.33
4726.4
4720.82
4742.01
4839.41
5080.09
4732.91
4733.23
4733.76
4734.31
4734.54
4734
4732.16
4728.34
4721.84
4712.19
4700.26
4690.89
4704.07
4827.9
5517.82
4694.64
4695.31
4696.56
4698.19
4699.9
4701.26
4701.66
4700.32
4696.1
4687.45
4672.12
4645.09
4589.08
4423.08
3702.66
4655.73
4656.81
4658.89
4661.81
4665.3
4668.97
4672.2
4674.09
4673.2
4667.15
4651.9
4619.19
4550.26
4403.03
4124.91
4615.89
4617.42
4620.43
4624.82
4630.37
4636.77
4643.47
4649.61
4653.65
4653.04
4643.59
4618.19
4565.6
4473.61
4356.97
4574.8
4576.82
4580.83
4586.81
4594.64
4604.15
4614.96
4626.38
4637.1
4644.85
4646.14
4635.85
4608.06
4561.06
4510.98
4532.14
4534.64
4539.67
4547.29
4557.54
4570.41
4585.83
4603.44
4622.37
4640.94
4656.53
4665.4
4663.64
4650.39
4633.21
4487.55
4490.52
4496.52
4505.74
4518.38
4534.71
4555
4579.38
4607.64
4638.88
4671.36
4702.09
4726.98
4742.21
4746.48
4440.73
4444.09
4450.95
4461.6
4476.44
4496.05
4521.13
4552.44
4590.6
4635.73
4687.2
4742.59
4796.79
4841.4
4865.7
4391.39
4395.05
4402.56
4414.32
4430.97
4453.37
4482.74
4520.56
4568.46
4627.98
4700.1
4783.68
4873.02
4954.45
5004.77
4339.33
4343.14
4351.02
4363.46
4381.27
4405.66
4438.31
4481.48
4538.01
4611.27
4704.81
4820.53
4954.52
5088.86
5181.77
4284.44
4288.24
4296.11
4308.64
4326.79
4352.01
4386.39
4432.92
4495.7
4580.26
4693.9
4844.44
5035.53
5251.79
5426.26
4226.74
4230.32
4237.77
4249.72
4267.19
4291.78
4325.85
4372.89
4438.02
4528.86
4657.13
4839.95
5098.84
5443.48
5794.89
4166.38
4169.53
4176.11
4186.74
4202.44
4224.77
4256.13
4300.12
4362.24
4451.26
4582.27
4782.37
5102.36
5630.2
6410.5
4103.66
4106.17
4111.45
4120.05
4132.86
4151.3
4177.47
4214.58
4267.53
4344.29
4459.23
4641.3
4961.32
5641.32
7570.91
-9656.99
-7169.47
-6284.03
-5860.07
-5612.99
-5452.17
-5340.79
-5260.77
-5202.13
-5158.76
-5126.76
-5103.53
-5087.37
-5077.15
-5072.2
-8172.64
-7162.22
-6472.44
-6047.58
-5775.75
-5592.45
-5463.47
-5369.98
-5300.97
-5249.64
-5211.57
-5183.81
-5164.41
-5152.12
-5146.15
-7391.87
-6932.11
-6476.73
-6128.66
-5876.9
-5694.86
-5561.38
-5462.05
-5387.42
-5331.19
-5289.07
-5258.13
-5236.4
-5222.57
-5215.83
-6932.32
-6698.8
-6406.34
-6142.72
-5929.49
-5763.41
-5635.4
-5536.84
-5460.98
-5402.81
-5358.67
-5325.93
-5302.77
-5287.96
-5280.73
-6636.88
-6506.24
-6315.76
-6121.61
-5949.22
-5805.38
-5688.82
-5595.74
-5522.14
-5464.56
-5420.21
-5386.94
-5363.22
-5347.97
-5340.5
-6434.12
-6355.08
-6227.57
-6085.25
-5948.97
-5828.26
-5725.79
-5640.97
-5572.05
-5516.99
-5473.9
-5441.19
-5417.66
-5402.43
-5394.96
-6288.21
-6237.43
-6149.5
-6044.53
-5937.79
-5838.33
-5750.33
-5675.03
-5612.21
-5560.98
-5520.23
-5488.92
-5466.19
-5451.4
-5444.1
-6179.51
-6145.42
-6083.13
-6004.87
-5921.42
-5840.3
-5765.9
-5700.29
-5644.2
-5597.55
-5559.86
-5530.56
-5509.09
-5495.02
-5488.07
-6096.46
-6072.84
-6027.7
-5968.67
-5903.28
-5837.46
-5775.19
-5718.8
-5669.51
-5627.76
-5593.53
-5566.6
-5546.7
-5533.59
-5527.08
-6031.76
-6015.07
-5981.75
-5936.74
-5885.31
-5832.02
-5780.25
-5732.26
-5689.47
-5652.61
-5621.98
-5597.62
-5579.47
-5567.44
-5561.44
-5980.63
-5968.69
-5943.76
-5909.13
-5868.5
-5825.37
-5782.51
-5741.97
-5705.17
-5673
-5645.93
-5624.18
-5607.85
-5596.96
-5591.52
-5939.75
-5931.2
-5912.37
-5885.52
-5853.31
-5818.39
-5783.01
-5748.94
-5717.54
-5689.72
-5666.03
-5646.83
-5632.31
-5622.58
-5617.7
-5906.78
-5900.7
-5886.4
-5865.48
-5839.86
-5811.57
-5782.43
-5753.93
-5727.3
-5703.41
-5682.88
-5666.08
-5653.3
-5644.69
-5640.37
-5879.99
-5875.76
-5864.9
-5848.54
-5828.13
-5805.22
-5781.26
-5757.5
-5735.02
-5714.65
-5696.97
-5682.4
-5671.25
-5663.71
-5659.91
-5858.11
-5855.29
-5847.06
-5834.27
-5818
-5799.45
-5779.78
-5760.03
-5741.15
-5723.87
-5708.75
-5696.21
-5686.55
-5679.99
-5676.68
-5840.16
-5838.42
-5832.26
-5822.28
-5809.31
-5794.31
-5778.2
-5761.84
-5746.03
-5731.45
-5718.59
-5707.86
-5699.55
-5693.9
-5691.03
-5825.38
-5824.5
-5819.95
-5812.21
-5801.9
-5789.8
-5776.64
-5763.12
-5749.94
-5737.69
-5726.81
-5717.68
-5710.58
-5705.72
-5703.26
-5813.19
-5812.98
-5809.72
-5803.76
-5795.62
-5785.88
-5775.16
-5764.03
-5753.08
-5742.83
-5733.68
-5725.94
-5719.9
-5715.76
-5713.66
-5803.11
-5803.44
-5801.21
-5796.7
-5790.3
-5782.51
-5773.81
-5764.67
-5755.62
-5747.07
-5739.4
-5732.88
-5727.77
-5724.25
-5722.46
-5794.78
-5795.54
-5794.13
-5790.79
-5785.82
-5779.62
-5772.59
-5765.13
-5757.66
-5750.57
-5744.16
-5738.69
-5734.38
-5731.41
-5729.89
-5787.89
-5789
-5788.26
-5785.87
-5782.06
-5777.17
-5771.53
-5765.45
-5759.32
-5753.46
-5748.12
-5743.55
-5739.93
-5737.43
-5736.15
-5782.21
-5783.59
-5783.4
-5781.77
-5778.91
-5775.1
-5770.6
-5765.68
-5760.66
-5755.83
-5751.41
-5747.59
-5744.56
-5742.46
-5741.38
-5777.53
-5779.14
-5779.39
-5778.39
-5776.3
-5773.37
-5769.81
-5765.84
-5761.75
-5757.78
-5754.12
-5750.95
-5748.41
-5746.65
-5745.74
-5773.71
-5775.51
-5776.11
-5775.61
-5774.15
-5771.93
-5769.14
-5765.95
-5762.63
-5759.37
-5756.34
-5753.7
-5751.59
-5750.11
-5749.34
-5770.62
-5772.56
-5773.44
-5773.34
-5772.39
-5770.75
-5768.58
-5766.03
-5763.33
-5760.65
-5758.15
-5755.95
-5754.18
-5752.93
-5752.29
-5768.15
-5770.2
-5771.31
-5771.53
-5770.98
-5769.8
-5768.12
-5766.08
-5763.88
-5761.68
-5759.6
-5757.75
-5756.26
-5755.2
-5754.66
-5766.22
-5768.36
-5769.64
-5770.11
-5769.87
-5769.04
-5767.75
-5766.12
-5764.3
-5762.47
-5760.72
-5759.16
-5757.89
-5756.99
-5756.52
-5764.78
-5766.99
-5768.39
-5769.05
-5769.03
-5768.47
-5767.47
-5766.13
-5764.62
-5763.06
-5761.57
-5760.23
-5759.12
-5758.34
-5757.93
-5763.78
-5766.03
-5767.52
-5768.3
-5768.44
-5768.06
-5767.26
-5766.13
-5764.83
-5763.48
-5762.16
-5760.97
-5759.99
-5759.29
-5758.93
-5763.19
-5765.46
-5767
-5767.85
-5768.08
-5767.81
-5767.13
-5766.12
-5764.95
-5763.72
-5762.52
-5761.43
-5760.52
-5759.88
-5759.54
-5762.98
-5765.27
-5766.81
-5767.68
-5767.94
-5767.7
-5767.06
-5766.1
-5764.97
-5763.79
-5762.65
-5761.6
-5760.73
-5760.12
-5759.79
-5763.17
-5765.44
-5766.96
-5767.79
-5768
-5767.72
-5767.04
-5766.05
-5764.9
-5763.71
-5762.55
-5761.5
-5760.63
-5760.01
-5759.69
-5763.76
-5765.99
-5767.44
-5768.18
-5768.28
-5767.89
-5767.09
-5765.99
-5764.74
-5763.46
-5762.23
-5761.12
-5760.21
-5759.57
-5759.23
-5764.77
-5766.94
-5768.28
-5768.86
-5768.78
-5768.18
-5767.18
-5765.89
-5764.46
-5763.03
-5761.67
-5760.46
-5759.47
-5758.78
-5758.41
-5766.25
-5768.33
-5769.5
-5769.86
-5769.51
-5768.62
-5767.33
-5765.75
-5764.07
-5762.41
-5760.85
-5759.49
-5758.39
-5757.62
-5757.22
-5768.25
-5770.21
-5771.16
-5771.2
-5770.48
-5769.19
-5767.5
-5765.55
-5763.52
-5761.56
-5759.76
-5758.19
-5756.94
-5756.06
-5755.61
-5770.87
-5772.66
-5773.3
-5772.91
-5771.71
-5769.91
-5767.71
-5765.27
-5762.81
-5760.47
-5758.34
-5756.52
-5755.08
-5754.07
-5753.56
-5774.21
-5775.78
-5776
-5775.06
-5773.22
-5770.76
-5767.91
-5764.88
-5761.88
-5759.08
-5756.57
-5754.44
-5752.77
-5751.61
-5751.02
-5778.44
-5779.7
-5779.36
-5777.69
-5775.02
-5771.73
-5768.09
-5764.33
-5760.69
-5757.34
-5754.38
-5751.89
-5749.95
-5748.63
-5747.95
-5783.76
-5784.6
-5783.5
-5780.86
-5777.14
-5772.8
-5768.19
-5763.56
-5759.17
-5755.18
-5751.7
-5748.81
-5746.57
-5745.05
-5744.27
-5790.48
-5790.72
-5788.57
-5784.63
-5779.56
-5773.93
-5768.15
-5762.49
-5757.23
-5752.53
-5748.47
-5745.12
-5742.55
-5740.81
-5739.93
-5799
-5798.37
-5794.73
-5789.05
-5782.24
-5775.02
-5767.85
-5761.02
-5754.79
-5749.28
-5744.59
-5740.75
-5737.82
-5735.84
-5734.84
-5809.94
-5807.97
-5802.17
-5794.12
-5785.07
-5775.92
-5767.15
-5759.01
-5751.7
-5745.33
-5739.95
-5735.59
-5732.28
-5730.05
-5728.93
-5824.23
-5820.09
-5811.05
-5799.72
-5787.86
-5776.43
-5765.85
-5756.28
-5747.83
-5740.55
-5734.46
-5729.55
-5725.84
-5723.35
-5722.1
-5843.38
-5835.48
-5821.37
-5805.54
-5790.21
-5776.21
-5763.7
-5752.63
-5743.01
-5734.81
-5727.99
-5722.52
-5718.41
-5715.66
-5714.28
-5870.01
-5855.05
-5832.77
-5810.86
-5791.51
-5774.81
-5760.37
-5747.84
-5737.07
-5727.96
-5720.42
-5714.4
-5709.88
-5706.87
-5705.36
-5909
-5879.57
-5843.78
-5814.25
-5790.85
-5771.71
-5755.56
-5741.7
-5729.86
-5719.87
-5711.63
-5705.08
-5700.17
-5696.9
-5695.26
-5970.44
-5908.37
-5850.31
-5813.25
-5787.09
-5766.39
-5748.99
-5734.02
-5721.22
-5710.42
-5701.52
-5694.45
-5689.17
-5685.65
-5683.9
-6315.99
-5934.25
-5842.13
-5804.53
-5779.4
-5758.64
-5740.55
-5724.71
-5711.05
-5699.5
-5689.98
-5682.43
-5676.79
-5673.04
-5671.17
-5477.48
-5758.89
-5795.94
-5786.99
-5768.55
-5748.9
-5730.38
-5713.75
-5699.28
-5687.02
-5676.92
-5668.92
-5662.95
-5658.99
-5657.01
-5657.85
-5753.06
-5781.53
-5775.91
-5758.4
-5738.21
-5718.74
-5701.14
-5685.83
-5672.89
-5662.25
-5653.83
-5647.57
-5643.41
-5641.34
-5774.21
-5793.43
-5790.64
-5772.92
-5749.98
-5726.89
-5705.62
-5686.8
-5670.61
-5657
-5645.87
-5637.08
-5630.56
-5626.25
-5624.1
-5879.33
-5848.94
-5809.98
-5773.39
-5741.52
-5714.14
-5690.63
-5670.5
-5653.45
-5639.25
-5627.69
-5618.61
-5611.88
-5607.43
-5605.22
-6007.7
-5910.25
-5827.5
-5770.44
-5729.8
-5698.54
-5673.13
-5651.91
-5634.18
-5619.51
-5607.63
-5598.33
-5591.45
-5586.92
-5584.66
-6205.9
-5961.19
-5827.05
-5755.94
-5711.41
-5678.74
-5652.54
-5630.77
-5612.63
-5597.68
-5585.62
-5576.19
-5569.25
-5564.67
-5562.4
-6576.18
-5935.23
-5782.66
-5722.81
-5684.65
-5654.29
-5628.68
-5606.95
-5588.72
-5573.7
-5561.6
-5552.17
-5545.24
-5540.68
-5538.42
-4955.22
-5569.96
-5673.72
-5674.47
-5652.33
-5626.39
-5601.97
-5580.54
-5562.44
-5547.53
-5535.55
-5526.24
-5519.42
-5514.94
-5512.72
-5348.12
-5559.37
-5636.17
-5641.86
-5622.49
-5597.27
-5572.98
-5551.69
-5533.8
-5519.17
-5507.47
-5498.43
-5491.81
-5487.48
-5485.33
-5596.57
-5641.98
-5647.83
-5626.49
-5596.58
-5567.33
-5541.75
-5520.31
-5502.75
-5488.6
-5477.38
-5468.75
-5462.46
-5458.35
-5456.31
-5815.76
-5751.91
-5678.2
-5616.89
-5570.08
-5534.67
-5507.44
-5486.1
-5469.2
-5455.82
-5445.32
-5437.28
-5431.43
-5427.61
-5425.72
-6081.57
-5868.52
-5699.81
-5597.05
-5535.51
-5496.17
-5468.87
-5448.63
-5433.05
-5420.88
-5411.38
-5404.11
-5398.83
-5395.38
-5393.67
-6497.64
-5954.18
-5675.46
-5548.42
-5485.36
-5449.14
-5425.22
-5407.78
-5394.39
-5383.91
-5375.7
-5369.4
-5364.8
-5361.78
-5360.29
-7293.4
-5855.85
-5545.61
-5455.2
-5416.43
-5393.39
-5376.87
-5363.95
-5353.56
-5345.19
-5338.51
-5333.32
-5329.49
-5326.97
-5325.71
-3546.95
-4974.52
-5262.92
-5325.94
-5336.43
-5332.95
-5325.82
-5318.19
-5311.18
-5305.13
-5300.11
-5296.11
-5293.11
-5291.11
-5290.1
-4354.4
-4884.11
-5136.57
-5232.99
-5265.96
-5274.88
-5274.92
-5271.86
-5267.98
-5264.19
-5260.82
-5258.02
-5255.86
-5254.39
-5253.65
-4796.43
-4986.05
-5118.39
-5183.92
-5212.04
-5222.8
-5225.99
-5225.92
-5224.55
-5222.77
-5220.95
-5219.3
-5217.95
-5217.01
-5216.51
-5109.22
-5127.58
-5146.44
-5160.64
-5170.03
-5175.81
-5179.11
-5180.71
-5181.27
-5181.2
-5180.77
-5180.19
-5179.6
-5179.14
-5178.88
-5411.74
-5268.6
-5177.57
-5140.5
-5130.35
-5130.38
-5133.2
-5136.07
-5138.26
-5139.7
-5140.52
-5140.88
-5140.98
-5140.95
-5140.91
-5816.13
-5373.27
-5171.03
-5101.5
-5083.43
-5082.82
-5087.05
-5091.73
-5095.6
-5098.45
-5100.38
-5101.58
-5102.26
-5102.61
-5102.75
-6530.57
-5310.69
-5072.16
-5026.58
-5024.22
-5031.72
-5040.38
-5047.78
-5053.49
-5057.66
-5060.55
-5062.43
-5063.59
-5064.24
-5064.52
-3322.33
-4566.45
-4839.13
-4921.45
-4957.99
-4979.64
-4994.37
-5004.82
-5012.29
-5017.58
-5021.21
-5023.6
-5025.09
-5025.94
-5026.32
-4025.11
-4496.62
-4738.09
-4847.91
-4901.93
-4932.18
-4951.12
-4963.75
-4972.45
-4978.46
-4982.53
-4985.2
-4986.86
-4987.8
-4988.22
-4403.13
-4586.33
-4728.27
-4812.92
-4862.19
-4892.39
-4912.02
-4925.24
-4934.29
-4940.49
-4944.63
-4947.3
-4948.93
-4949.84
-4950.24
-4656.63
-4704.5
-4758.04
-4802.28
-4835.52
-4859.75
-4877.15
-4889.43
-4897.96
-4903.75
-4907.55
-4909.92
-4911.31
-4912.05
-4912.37
-4879.59
-4818.53
-4794.08
-4799.07
-4814.92
-4831.66
-4845.62
-4856.04
-4863.35
-4868.21
-4871.25
-4873.02
-4873.95
-4874.39
-4874.54
-5147.68
-4906.95
-4809.46
-4788.12
-4793.53
-4805.29
-4816.31
-4824.64
-4830.27
-4833.74
-4835.63
-4836.49
-4836.74
-4836.72
-4836.66
-5585.7
-4895.71
-4771.76
-4758.39
-4767.53
-4779.24
-4788.64
-4794.91
-4798.5
-4800.15
-4800.52
-4800.16
-4799.52
-4798.91
-4798.56
-3770.89
-4491.22
-4657.05
-4712.81
-4739.55
-4754.59
-4762.93
-4766.84
-4767.91
-4767.26
-4765.71
-4763.83
-4762.08
-4760.74
-4760.03
-4193.54
-4471.54
-4618.55
-4687.16
-4719.5
-4734.38
-4740.04
-4740.56
-4738.33
-4734.8
-4730.9
-4727.21
-4724.14
-4721.96
-4720.83
-4426.09
-4542.57
-4634.27
-4686.45
-4711.38
-4720.36
-4720.49
-4716
-4709.46
-4702.4
-4695.72
-4689.94
-4685.39
-4682.26
-4680.67
-4580.71
-4630.57
-4677.18
-4704.44
-4714.14
-4712.25
-4703.92
-4692.66
-4680.76
-4669.54
-4659.7
-4651.61
-4645.44
-4641.3
-4639.22
-4703.69
-4720.58
-4733.3
-4734.36
-4724.74
-4708.4
-4689.13
-4669.57
-4651.4
-4635.51
-4622.25
-4611.72
-4603.9
-4598.72
-4596.15
-4817.91
-4813.23
-4797.28
-4771.48
-4739.79
-4706.38
-4674.3
-4645.31
-4620.28
-4599.46
-4582.7
-4569.75
-4560.31
-4554.15
-4551.11
-4938.38
-4913.48
-4867.85
-4812.44
-4755.82
-4703.22
-4657.08
-4618.08
-4586.06
-4560.38
-4540.3
-4525.12
-4514.23
-4507.22
-4503.77
-5079.12
-5027.88
-4944.98
-4853.99
-4768.85
-4695.36
-4634.66
-4585.81
-4547.22
-4517.21
-4494.3
-4477.3
-4465.28
-4457.61
-4453.87
-5258.43
-5164.01
-5027.48
-4891.25
-4773.57
-4678.39
-4603.79
-4546.22
-4502.22
-4468.9
-4443.99
-4425.8
-4413.11
-4405.08
-4401.19
-5506.29
-5329.13
-5109.53
-4915.41
-4762.43
-4646.91
-4560.87
-4496.99
-4449.61
-4414.55
-4388.81
-4370.29
-4357.51
-4349.49
-4345.62
-5880.15
-5523.47
-5173.63
-4910.75
-4725.08
-4594.73
-4502.34
-4436.11
-4388.24
-4353.51
-4328.42
-4310.59
-4298.41
-4290.82
-4287.17
-6504.65
-5712.8
-5177.1
-4852.25
-4649.07
-4515.96
-4425.45
-4362.3
-4317.54
-4285.58
-4262.79
-4246.77
-4235.93
-4229.23
-4226.02
-7681.98
-5723.98
-5033.89
-4709.04
-4524.18
-4407.39
-4329.34
-4275.51
-4237.75
-4211.07
-4192.25
-4179.17
-4170.4
-4165.02
-4162.46
4032.55
4034.17
4037.59
4043.24
4051.81
4064.35
4082.4
4108.18
4144.89
4197.24
4272.39
4380.47
4530.94
4698.7
4599.21
3953.12
3953.55
3954.51
3956.25
3959.14
3963.72
3970.7
3980.91
3995.15
4013.73
4035.36
4053.22
4043.84
3937.32
3551.92
3873.02
3872.13
3870.38
3867.82
3864.5
3860.44
3855.53
3849.37
3840.75
3826.91
3801.88
3752.88
3653.61
3454.59
3081.04
3793.57
3791.33
3786.81
3779.89
3770.33
3757.74
3741.4
3720.02
3691.28
3651.02
3592.14
3502.54
3362.85
3146.18
2826.6
3716.11
3712.57
3705.39
3694.32
3678.93
3658.54
3632.06
3597.8
3553.03
3493.51
3412.9
3302.04
3148.85
2940.46
2669.8
3641.95
3637.22
3627.62
3612.81
3592.27
3565.17
3530.29
3485.86
3429.27
3356.86
3263.71
3143.64
2989.83
2796.8
2564.18
3572.28
3566.51
3554.8
3536.79
3511.92
3479.33
3437.85
3385.84
3321.08
3240.7
3141.21
3018.77
2869.83
2692.54
2488.67
3508.16
3501.51
3488.03
3467.39
3439.03
3402.16
3355.73
3298.35
3228.28
3143.43
3041.47
2920.18
2777.97
2614.67
2432.56
3450.47
3443.1
3428.21
3405.48
3374.41
3334.32
3284.33
3223.34
3150.05
3063.04
2960.85
2842.35
2707
2555.45
2389.89
3399.92
3391.99
3376
3351.66
3318.57
3276.16
3223.71
3160.41
3085.35
2997.6
2896.36
2781.15
2652.07
2510.05
2357.11
3357.08
3348.72
3331.9
3306.38
3271.83
3227.79
3173.72
3109.03
3033.13
2945.45
2845.64
2733.64
2609.87
2475.41
2332.03
3322.36
3313.7
3296.29
3269.93
3234.35
3189.22
3134.13
3068.67
2992.46
2905.24
2806.92
2697.71
2578.21
2449.51
2313.22
3296.09
3287.22
3269.4
3242.47
3206.23
3160.39
3104.69
3038.83
2962.61
2875.94
2778.91
2671.88
2555.56
2431.04
2299.77
3278.47
3269.46
3251.39
3224.12
3187.47
3141.24
3085.19
3019.16
2943.02
2856.8
2760.69
2655.17
2540.96
2419.14
2291.09
3269.62
3260.56
3242.37
3214.93
3178.1
3131.68
3075.49
3009.39
2933.32
2847.34
2751.73
2646.96
2533.8
2413.31
2286.84
3029.95
1199.19
593.875
358.516
248.762
188.308
150.413
124.377
105.303
90.6723
79.0586
69.5934
61.7166
55.0507
49.3318
44.3697
40.0238
36.1876
32.779
29.7335
26.9994
24.5349
22.3053
20.282
18.4407
16.7607
15.2241
13.8154
12.5209
11.3287
10.2278
9.20876
8.26271
7.38176
6.55862
5.78662
5.05956
4.37166
3.71751
3.09199
2.49024
1.90762
1.33962
0.781897
0.230159
-0.319815
-0.872238
-1.43134
-2.00141
-2.58683
-3.19211
-3.82193
-4.48119
-5.17504
-5.90894
-6.68874
-7.52067
-8.41152
-9.36863
-10.4
-11.5146
-12.722
-14.0333
-15.4607
-17.0179
-18.7207
-20.5873
-22.6386
-24.8993
-27.3984
-30.1711
-33.2597
-36.7168
-40.6077
-45.0159
-50.0492
-55.8505
-62.6125
-70.6032
-80.2055
-91.9876
-106.831
-126.182
-152.598
-191.045
-252.383
-363.743
-602.548
-1216.74
-3074.33
2726.89
1832.88
1248.85
894.654
675.278
532.423
434.154
363.096
309.504
267.666
234.077
206.488
183.402
163.785
146.902
132.219
119.335
107.945
97.8121
88.7502
80.6084
73.2645
66.6173
60.5825
55.0886
50.0743
45.487
41.2807
37.4148
33.8536
30.5651
27.5205
24.6938
22.0615
19.6018
17.2948
15.1219
13.0661
11.111
9.24151
7.44302
5.70165
4.00399
2.33701
0.687919
-0.955903
-2.60704
-4.27814
-5.982
-7.73172
-9.54078
-11.4232
-13.3935
-15.4671
-17.6604
-19.9907
-22.4767
-25.1386
-27.9983
-31.0797
-34.4091
-38.0157
-41.9319
-46.1939
-50.8428
-55.9251
-61.4945
-67.6128
-74.3526
-81.7996
-90.0562
-99.2466
-109.523
-121.076
-134.144
-149.039
-166.164
-186.064
-209.484
-237.472
-271.549
-313.994
-368.365
-440.458
-540.16
-685.1
-907.68
-1267.05
-1859.64
-2766.73
2556.51
2020.07
1572.75
1236.59
991.556
812.299
678.682
576.64
496.758
432.764
380.438
336.885
300.079
268.569
241.296
217.468
196.485
177.883
161.297
146.436
133.063
120.986
110.043
100.1
91.0419
82.7698
75.1984
68.2529
61.8675
55.9836
50.549
45.5165
40.8435
36.4911
32.4237
28.6085
25.0148
21.6144
18.3806
15.2881
12.313
9.43235
6.62391
3.86618
1.13804
-1.5814
-4.31293
-7.07746
-9.89616
-12.7907
-15.7832
-18.897
-22.156
-25.5858
-29.2133
-33.067
-37.1779
-41.5791
-46.3067
-51.4001
-56.9023
-62.8612
-69.3296
-76.367
-84.04
-92.4245
-101.607
-111.688
-122.783
-135.029
-148.591
-163.663
-180.485
-199.352
-220.635
-244.805
-272.471
-304.435
-341.772
-385.955
-439.04
-503.962
-585.006
-688.532
-824.096
-1005.97
-1254.58
-1595.65
-2049.5
-2593.78
2450.21
2078.79
1736.49
1447.23
1213.04
1026.4
877.694
758.236
661.099
581.031
514.138
457.543
409.109
367.235
330.711
298.606
270.195
244.907
222.288
201.967
183.643
167.065
152.022
138.337
125.857
114.451
104.003
94.4139
85.5936
77.4628
69.9503
62.9917
56.5287
50.5079
44.8804
39.601
34.6278
29.9215
25.4454
21.1647
17.0462
13.0583
9.17035
5.35248
1.57553
-2.18939
-5.97104
-9.79832
-13.7005
-17.7075
-21.8502
-26.1603
-30.6713
-35.4183
-40.4383
-45.7709
-51.4586
-57.5469
-64.0855
-71.1282
-78.7341
-86.9685
-95.9035
-105.62
-116.207
-127.768
-140.419
-154.294
-169.546
-186.357
-204.94
-225.548
-248.489
-274.137
-302.954
-335.52
-372.57
-415.046
-464.18
-521.594
-589.455
-670.683
-769.231
-890.426
-1041.3
-1230.65
-1468.25
-1761.73
-2109.02
-2485.85
2377.66
2095.44
1823.72
1578.48
1365.96
1185.81
1034.53
907.641
800.813
710.286
632.976
566.417
508.661
458.173
413.741
374.402
339.387
308.073
279.953
254.61
231.697
210.921
192.036
174.829
159.118
144.743
131.565
119.461
108.321
98.0465
88.5492
79.7491
71.5732
63.9549
56.8327
50.15
43.8539
37.895
32.2271
26.8061
21.5903
16.5396
11.6152
6.77949
1.99555
-2.77317
-7.56305
-12.4107
-17.353
-22.428
-27.6744
-33.1326
-38.8448
-44.8551
-51.2104
-57.9606
-65.1588
-72.8626
-81.1339
-90.0404
-99.6558
-110.061
-121.346
-133.61
-146.965
-161.534
-177.461
-194.906
-214.054
-235.121
-258.358
-284.059
-312.578
-344.339
-379.855
-419.758
-464.828
-516.044
-574.633
-642.153
-720.58
-812.417
-920.794
-1049.52
-1203
-1385.77
-1601.39
-1850.19
-2125.87
-2412.19
2324.92
2096.85
1872.68
1662.52
1472.17
1303.56
1156.16
1028.1
916.998
820.459
736.288
662.577
597.714
540.359
489.408
443.948
403.226
366.618
333.601
303.738
276.657
252.041
229.619
209.155
190.443
173.302
157.572
143.112
129.794
117.504
106.138
95.6021
85.81
76.683
68.1485
60.1388
52.5913
45.4471
38.6509
32.1502
25.8951
19.8377
13.9315
8.1315
2.39348
-3.32631
-9.07144
-14.8857
-20.8135
-26.9
-33.1917
-39.7371
-46.5863
-53.7922
-61.4106
-69.501
-78.1267
-87.356
-97.2624
-107.926
-119.433
-131.88
-145.371
-160.022
-175.962
-193.335
-212.304
-233.051
-255.785
-280.746
-308.208
-338.494
-371.979
-409.109
-450.413
-496.524
-548.208
-606.387
-672.186
-746.961
-832.349
-930.284
-1043
-1172.92
-1322.46
-1493.51
-1686.63
-1899.83
-2127.26
-2358.64
2284.98
2092.5
1901.31
1717.95
1546.95
1390.69
1249.88
1124.06
1012.15
912.767
824.489
745.949
675.911
613.288
557.134
506.641
461.115
419.966
382.686
348.838
318.047
289.985
264.368
240.944
219.492
199.816
181.741
165.109
149.779
135.623
122.525
110.377
99.0831
88.5529
78.7036
69.458
60.7443
52.495
44.6465
37.1385
29.9136
22.9165
16.0939
9.3937
2.76496
-3.84275
-10.4797
-17.1964
-24.0439
-31.0745
-38.3418
-45.9013
-53.811
-62.1315
-70.9271
-80.2658
-90.2203
-100.868
-112.294
-124.588
-137.85
-152.186
-167.715
-184.566
-202.883
-222.826
-244.572
-268.32
-294.294
-322.748
-353.973
-388.298
-426.108
-467.843
-514.018
-565.235
-622.194
-685.719
-756.765
-836.436
-925.988
-1026.8
-1140.34
-1267.98
-1410.83
-1569.35
-1742.83
-1928.84
-2122.81
-2318.07
2253.94
2086.16
1918.53
1755.47
1600.39
1455.5
1321.92
1199.92
1089.18
989.025
898.609
817.026
743.388
676.857
616.67
562.144
512.671
467.714
426.8
389.513
355.485
324.39
295.94
269.876
245.969
224.012
203.818
185.219
168.063
152.21
137.533
123.915
111.25
99.4363
88.3839
78.0066
68.2244
58.962
50.1486
41.7167
33.602
25.7426
18.0788
10.5523
3.10594
-4.31687
-11.7725
-19.3175
-27.0093
-34.9062
-43.0685
-51.5583
-60.4404
-69.7826
-79.6567
-90.1385
-101.309
-113.254
-126.068
-139.85
-154.71
-170.764
-188.143
-206.987
-227.451
-249.706
-273.94
-300.364
-329.21
-360.74
-395.247
-433.061
-474.554
-520.151
-570.33
-625.636
-686.686
-754.173
-828.872
-911.629
-1003.35
-1104.95
-1217.28
-1341.05
-1476.55
-1623.54
-1780.87
-1946.29
-2116.34
-2286.55
2229.49
2079.46
1929.05
1781.38
1639.03
1503.91
1377.2
1259.49
1150.9
1051.19
959.946
876.609
800.578
731.243
668.013
610.334
557.689
509.608
465.664
425.469
388.675
354.965
324.055
295.685
269.621
245.652
223.584
203.24
184.459
167.094
151.007
136.075
122.18
109.217
97.086
85.6929
74.9511
64.7786
55.0979
45.8352
36.9203
28.2853
19.8648
11.5948
3.41273
-4.74351
-12.9357
-21.226
-29.6773
-38.3536
-47.3208
-56.6469
-66.403
-76.6633
-87.5059
-99.0137
-111.275
-124.383
-138.439
-153.551
-169.838
-187.424
-206.449
-227.061
-249.424
-273.718
-300.138
-328.9
-360.24
-394.421
-431.733
-472.494
-517.061
-565.825
-619.221
-677.725
-741.86
-812.191
-889.316
-973.854
-1066.41
-1167.55
-1277.71
-1397.12
-1525.65
-1662.73
-1807.14
-1956.94
-2109.52
-2261.71
2210.18
2073.16
1935.5
1799.5
1667.16
1540.1
1419.42
1305.85
1199.73
1101.11
1009.83
925.61
848.07
776.787
711.32
651.231
596.095
545.51
499.096
456.5
417.397
381.486
348.488
318.151
290.24
264.539
240.852
218.997
198.805
180.123
162.809
146.729
131.762
117.794
104.718
92.4355
80.8529
69.8826
59.4413
49.45
39.8329
30.5172
21.4325
12.5099
3.68203
-5.11806
-13.9569
-22.9014
-32.0192
-41.3794
-51.0529
-61.1127
-71.6353
-82.7002
-94.3914
-106.798
-120.013
-134.137
-149.279
-165.552
-183.082
-202.001
-222.454
-244.598
-268.602
-294.65
-322.944
-353.699
-387.155
-423.569
-463.221
-506.417
-553.489
-604.793
-660.713
-721.66
-788.064
-860.37
-939.024
-1024.46
-1117.05
-1217.09
-1324.75
-1439.95
-1562.36
-1691.26
-1825.5
-1963.47
-2103.11
-2242.11
2195.08
2067.63
1939.42
1812.21
1687.61
1566.97
1451.32
1341.41
1237.68
1140.36
1049.48
964.93
886.495
813.902
746.833
684.95
627.909
575.368
526.994
482.471
441.495
403.783
369.068
337.103
307.654
280.509
255.466
232.341
210.963
191.172
172.821
155.772
139.897
125.077
111.201
98.1637
85.8677
74.22
63.1327
52.5223
42.3086
32.4145
22.7652
13.2879
3.91094
-5.4365
-14.8251
-24.3257
-34.0101
-43.9515
-54.2251
-64.9082
-76.0817
-87.8298
-100.241
-113.409
-127.433
-142.419
-158.479
-175.734
-194.313
-214.355
-236.01
-259.44
-284.817
-312.33
-342.181
-374.588
-409.784
-448.023
-489.574
-534.726
-583.784
-637.071
-694.924
-757.689
-825.716
-899.349
-978.909
-1064.68
-1156.87
-1255.59
-1360.81
-1472.3
-1589.61
-1711.99
-1838.39
-1967.43
-2097.49
-2226.77
2183.56
2063.09
1941.76
1821.04
1702.24
1586.53
1474.86
1367.96
1266.32
1170.27
1079.95
995.373
916.448
843.006
774.826
711.651
653.2
599.185
549.313
503.299
460.863
421.737
385.665
352.406
321.732
293.431
267.301
243.156
220.822
200.136
180.946
163.113
146.503
130.993
116.467
102.818
89.9429
77.7452
66.1333
55.0198
44.3213
33.9569
23.8487
13.9204
4.09705
-5.69542
-15.5309
-25.4836
-35.6287
-46.0425
-56.8037
-67.9933
-79.6955
-91.9984
-104.994
-118.781
-133.461
-149.144
-165.948
-183.996
-203.423
-224.372
-246.996
-271.459
-297.938
-326.623
-357.715
-391.433
-428.005
-467.678
-510.71
-557.373
-607.95
-662.732
-722.014
-786.09
-855.242
-929.734
-1009.79
-1095.58
-1187.2
-1284.64
-1387.73
-1496.18
-1609.45
-1726.83
-1847.33
-1969.8
-2092.86
-2215.07
2175.23
2059.61
1943.12
1826.96
1712.31
1600.18
1491.45
1386.83
1286.84
1191.85
1102.08
1017.61
938.44
864.475
795.561
731.499
672.059
616.993
566.041
518.941
475.433
435.263
398.184
363.962
332.373
303.205
276.259
251.346
228.291
206.93
187.107
168.681
151.514
135.481
120.464
106.351
93.0365
80.4215
68.4114
56.9162
45.8495
35.1282
24.6715
14.4007
4.23836
-5.89205
-16.0669
-26.363
-36.8578
-47.6303
-58.7617
-70.3357
-82.4392
-95.1629
-108.602
-122.857
-138.034
-154.246
-171.613
-190.261
-210.329
-231.962
-255.315
-280.556
-307.863
-337.426
-369.446
-404.14
-441.733
-482.464
-526.583
-574.347
-626.019
-681.867
-742.151
-807.126
-877.023
-952.045
-1032.35
-1118.02
-1209.09
-1305.44
-1406.87
-1512.99
-1623.28
-1737.03
-1853.33
-1971.16
-2089.33
-2206.61
2169.8
2057.28
1943.85
1830.61
1718.62
1608.81
1502.02
1398.93
1300.07
1205.84
1116.48
1032.15
952.872
878.611
809.254
744.641
684.574
628.834
577.183
529.375
485.164
444.307
406.563
371.703
339.505
309.76
282.269
256.843
233.307
211.493
191.247
172.422
154.882
138.499
123.151
108.726
95.1167
82.2212
69.9434
58.1915
46.8773
35.9159
25.2249
14.7237
4.33341
-6.02431
-16.4275
-26.9544
-37.6844
-48.6982
-60.0785
-71.9109
-84.2841
-97.2907
-111.028
-125.598
-141.109
-157.675
-175.419
-194.471
-214.968
-237.058
-260.9
-286.66
-314.519
-344.666
-377.304
-412.644
-450.912
-492.34
-537.171
-585.652
-638.034
-694.565
-755.485
-821.019
-891.365
-966.687
-1047.1
-1132.64
-1223.27
-1318.86
-1419.14
-1523.71
-1632.04
-1743.42
-1857.03
-1971.89
-2086.95
-2201.1
2167.13
2056.1
1944.16
1832.35
1721.66
1613
1507.17
1404.84
1306.56
1212.71
1123.58
1039.33
960.019
885.625
816.06
751.183
690.814
634.744
582.749
534.593
490.035
448.836
410.762
375.583
343.082
313.049
285.286
259.603
235.825
213.785
193.326
174.301
156.574
140.015
124.501
109.92
96.162
83.1256
70.7134
58.8325
47.3939
36.3119
25.503
14.8861
4.38118
-6.09079
-16.6087
-27.2517
-38.0999
-49.2349
-60.7404
-72.7026
-85.2114
-98.36
-112.247
-126.975
-142.653
-159.398
-177.331
-196.585
-217.297
-239.617
-263.703
-289.724
-317.859
-348.298
-381.243
-416.906
-455.509
-497.283
-542.466
-591.301
-644.031
-700.895
-762.123
-827.924
-898.481
-973.937
-1054.38
-1139.84
-1230.25
-1325.44
-1425.13
-1528.93
-1636.28
-1746.5
-1858.79
-1972.21
-2085.75
-2198.38
-4666.56
-4767.44
-4597.11
-4444.32
-4334.55
-4258.16
-4204.9
-4167.57
-4141.32
-4122.89
-4110.07
-4101.3
-4095.52
-4092.03
-4090.38
-3603.8
-3994.81
-4102.79
-4112.21
-4094.01
-4071.94
-4052.96
-4038.44
-4028.01
-4020.83
-4016.09
-4013.08
-4011.28
-4010.29
-4009.86
-3125.95
-3504.92
-3706.77
-3807.42
-3857.06
-3882.35
-3896.29
-3904.98
-3911.17
-3916.06
-3920.1
-3923.41
-3925.98
-3927.74
-3928.64
-2867.71
-3191.92
-3411.7
-3553.37
-3644.21
-3703.87
-3744.62
-3773.74
-3795.37
-3811.87
-3824.57
-3834.22
-3841.22
-3845.8
-3848.07
-2708.57
-2983.14
-3194.52
-3349.89
-3462.32
-3544.03
-3604.35
-3649.73
-3684.44
-3711.23
-3731.86
-3747.43
-3758.65
-3765.93
-3769.51
-2601.36
-2837.33
-3033.14
-3189.14
-3310.91
-3405.36
-3478.77
-3536.14
-3581.18
-3616.5
-3643.95
-3664.76
-3679.76
-3689.5
-3694.3
-2524.71
-2731.51
-2911.35
-3062.42
-3186.61
-3287.49
-3369
-3434.66
-3487.39
-3529.42
-3562.43
-3587.64
-3605.9
-3617.78
-3623.64
-2467.75
-2652.48
-2818.12
-2962.38
-3085.39
-3188.78
-3274.84
-3345.89
-3404.06
-3451.12
-3488.49
-3517.25
-3538.18
-3551.85
-3558.6
-2424.43
-2592.37
-2746.1
-2883.38
-3003.58
-3107.21
-3195.46
-3269.77
-3331.61
-3382.29
-3422.93
-3454.44
-3477.49
-3492.6
-3500.07
-2391.15
-2546.29
-2690.34
-2821.27
-2938.13
-3040.8
-3129.8
-3205.91
-3270.1
-3323.28
-3366.29
-3399.85
-3424.53
-3440.75
-3448.8
-2365.68
-2511.12
-2647.52
-2773.05
-2886.65
-2987.89
-3076.8
-3153.78
-3219.38
-3274.21
-3318.88
-3353.92
-3379.8
-3396.86
-3405.33
-2346.59
-2484.84
-2615.38
-2736.59
-2847.36
-2947.08
-3035.54
-3112.82
-3179.21
-3235.09
-3280.86
-3316.94
-3343.67
-3361.34
-3370.12
-2332.94
-2466.09
-2592.4
-2710.38
-2818.93
-2917.35
-3005.25
-3082.56
-3149.35
-3205.85
-3252.33
-3289.09
-3316.39
-3334.47
-3343.46
-2324.13
-2454.01
-2577.58
-2693.42
-2800.45
-2897.92
-2985.38
-3062.6
-3129.57
-3186.41
-3233.31
-3270.47
-3298.13
-3316.45
-3325.58
-2319.8
-2448.1
-2570.31
-2685.09
-2791.35
-2888.33
-2975.53
-3052.69
-3119.73
-3176.72
-3223.8
-3261.15
-3288.97
-3307.42
-3316.61
)
;

boundaryField
{
    hot
    {
        type            calculated;
        value           nonuniform List<scalar> 
120
(
2835.78
2843.76
2859.71
2883.55
2915.17
2954.41
3001.05
3054.75
3115.13
3181.65
3253.7
3330.58
3411.51
3495.71
3582.39
3663.48
3738.05
3813.19
3888.64
3964.21
4039.74
4115.04
4189.96
4264.31
4337.86
4410.41
4481.7
4551.52
4619.63
4685.83
4749.95
4811.82
4871.33
4928.36
4982.85
5034.74
5084.01
5130.65
5174.67
5216.12
5255.03
5291.46
5325.49
5357.18
5386.61
5413.84
5438.95
5462
5483.05
5502.16
5519.38
5534.74
5548.28
5560
5569.91
5578
5584.25
5588.63
5591.12
5591.66
5590.22
5586.76
5581.24
5573.65
5563.97
5552.17
5538.26
5522.24
5504.14
5483.96
5461.76
5437.58
5411.48
5383.56
5353.92
5322.69
5290
5256.04
5220.97
5184.98
5148.26
5110.99
5073.34
5035.46
4997.49
4959.52
4921.62
4883.84
4846.14
4808.48
4770.76
4732.82
4694.47
4655.45
4615.5
4574.3
4531.51
4486.81
4439.89
4390.48
4338.39
4283.51
4225.86
4165.61
4103.04
4032.16
3953.02
3873.25
3794.12
3716.99
3643.12
3573.72
3509.81
3452.3
3401.89
3359.16
3324.52
3298.3
3280.71
3271.88
)
;
    }
    cold
    {
        type            calculated;
        value           nonuniform List<scalar> 
120
(
-4029.39
-4040.75
-4063.36
-4097.04
-4141.48
-4196.22
-4260.67
-4334.03
-4415.28
-4503.2
-4596.33
-4693.01
-4791.44
-4889.74
-4986.06
-5070.98
-5144.67
-5214.17
-5278.95
-5338.65
-5393.1
-5442.29
-5486.34
-5525.45
-5559.95
-5590.16
-5616.48
-5639.28
-5658.95
-5675.85
-5690.31
-5702.64
-5713.12
-5722.01
-5729.51
-5735.82
-5741.11
-5745.51
-5749.15
-5752.12
-5754.52
-5756.4
-5757.82
-5758.83
-5759.45
-5759.71
-5759.6
-5759.15
-5758.32
-5757.11
-5755.49
-5753.43
-5750.87
-5747.78
-5744.08
-5739.7
-5734.59
-5728.64
-5721.79
-5713.93
-5704.98
-5694.85
-5683.45
-5670.7
-5656.52
-5640.82
-5623.56
-5604.67
-5584.1
-5561.83
-5537.85
-5512.16
-5484.8
-5455.8
-5425.25
-5393.25
-5359.91
-5325.39
-5289.85
-5253.46
-5216.39
-5178.81
-5140.89
-5102.78
-5064.58
-5026.41
-4988.32
-4950.33
-4912.44
-4874.58
-4836.63
-4798.46
-4759.84
-4720.54
-4680.26
-4638.69
-4595.5
-4550.35
-4502.92
-4452.95
-4400.23
-4344.66
-4286.28
-4225.23
-4161.83
-4089.98
-4009.75
-3928.86
-3848.63
-3770.4
-3695.49
-3625.09
-3560.27
-3501.93
-3450.8
-3407.45
-3372.31
-3345.71
-3327.86
-3318.9
)
;
    }
    interface_left
    {
        type            calculated;
        value           nonuniform List<scalar> 
90
(
7378.5
5522.69
4686.45
4184.13
3773.66
3318.8
2641.14
1304.32
-2064.13
10645.1
7263.86
5894.2
5141.72
4506.58
3612.2
1650.19
8555.6
6618.95
5778.18
5229.11
4591.06
3304.29
7690.96
6451.58
5928.73
5627.2
5363.94
4989.86
4169.93
7065.61
6265.54
5936.02
5755.59
5611.13
5423.76
5034.43
6367.7
5991.24
5832.45
5740.15
5656.21
5527.23
5223.86
6393.26
6110.89
6030.75
6044.15
6157.61
6502.74
5161.08
5532.02
5705.24
5836.56
6001.38
6305.07
7045.04
4375.37
5140.84
5502.64
5778.43
6127.83
6785.1
8422.03
2291.01
3941.12
4628.52
5035.78
5426.17
6044.53
7485.92
2225.62
3653.77
4241.19
4570.14
4850.85
5244.42
6100.13
3109.58
3947.24
4297.53
4488.94
4625.31
4745.95
4871.35
5018.68
5210.87
5490.13
5953
6861.26
9027.82
)
;
    }
    interface_right
    {
        type            calculated;
        value           nonuniform List<scalar> 
90
(
-11531.7
-8754.55
-7597.89
-7017.54
-6677.97
-6456.58
-6301.62
-6187.99
-6101.98
-6035.4
-5982.99
-5941.22
-5907.59
-5880.33
-5858.08
-5839.85
-5824.86
-5812.49
-5802.28
-5793.84
-5786.86
-5781.11
-5776.37
-5772.51
-5769.37
-5766.87
-5764.93
-5763.47
-5762.46
-5761.86
-5761.66
-5761.85
-5762.44
-5763.47
-5764.97
-5767.01
-5769.66
-5773.07
-5777.37
-5782.81
-5789.69
-5798.45
-5809.77
-5824.71
-5845.07
-5874.23
-5919.22
-5996.7
-6629.2
-5233.6
-5589.28
-5758.86
-5890.21
-6056.21
-6361.35
-7102.77
-4434.42
-5201.06
-5563.86
-5840.52
-6190.66
-6848.57
-8486.04
-2355.48
-4005.99
-4693.73
-5101.3
-5491.96
-6110.56
-7552.18
-2292.09
-3720.45
-4308.07
-4637.24
-4918.19
-5312.02
-6168.03
-3177.84
-4015.91
-4366.7
-4558.72
-4695.87
-4817.5
-4944.21
-5093.31
-5288.03
-5571.15
-6040.64
-6962.08
-9160.3
)
;
    }
    interface_top
    {
        type            calculated;
        value           nonuniform List<scalar> 
90
(
3029.95
1199.19
593.875
358.516
248.762
188.308
150.413
124.377
105.303
90.6723
79.0586
69.5934
61.7166
55.0507
49.3318
44.3697
40.0238
36.1876
32.779
29.7335
26.9994
24.5349
22.3053
20.282
18.4407
16.7607
15.2241
13.8154
12.5209
11.3287
10.2278
9.20876
8.26271
7.38176
6.55862
5.78662
5.05956
4.37166
3.71751
3.09199
2.49024
1.90762
1.33962
0.781897
0.230159
-0.319815
-0.872238
-1.43134
-2.00141
-2.58683
-3.19211
-3.82193
-4.48119
-5.17504
-5.90894
-6.68874
-7.52067
-8.41152
-9.36863
-10.4
-11.5146
-12.722
-14.0333
-15.4607
-17.0179
-18.7207
-20.5873
-22.6386
-24.8993
-27.3984
-30.1711
-33.2597
-36.7168
-40.6077
-45.0159
-50.0492
-55.8505
-62.6125
-70.6032
-80.2055
-91.9876
-106.831
-126.182
-152.598
-191.045
-252.383
-363.743
-602.548
-1216.74
-3074.33
)
;
    }
    interface_bottom
    {
        type            calculated;
        value           nonuniform List<scalar> 
90
(
2495.72
992.053
494.73
301.3
211.112
161.498
130.496
109.313
93.9286
82.2745
73.1837
65.9497
60.1224
55.4054
51.6005
48.5763
46.2508
44.5825
43.568
43.2452
43.7047
45.113
47.7581
52.1401
59.1643
70.5888
90.1705
126.928
205.366
400.283
963.073
2802.75
2805.4
971.36
415.304
229.35
164.114
148.958
169.269
242.844
447.762
1057.36
3065.58
3063.41
1050.62
435.704
223.919
140.448
104.029
88.9974
87.9611
102.763
147.695
271.311
639.697
1855.22
1852.65
631.885
257.899
128.012
75.6661
51.4962
39.6732
35.0384
36.8722
48.2936
80.4019
168.664
433.347
1310.1
1305.57
419.655
145.502
47.2202
4.23953
-19.3248
-35.194
-47.4989
-57.3357
-63.1948
-57.5637
-12.6578
174.94
140.853
-121.218
-263.887
-426.677
-736.145
-1512.99
-3852.65
)
;
    }
    defaultFaces
    {
        type            empty;
    }
}


// ************************************************************************* //
