/*--------------------------------*- C++ -*----------------------------------*\
| =========                 |                                                 |
| \\      /  F ield         | OpenFOAM: The Open Source CFD Toolbox           |
|  \\    /   O peration     | Version:  5.x                                   |
|   \\  /    A nd           | Web:      www.OpenFOAM.org                      |
|    \\/     M anipulation  |                                                 |
\*---------------------------------------------------------------------------*/
FoamFile
{
    version     2.0;
    format      ascii;
    class       volScalarField;
    location    "17.1";
    object      T;
}
// * * * * * * * * * * * * * * * * * * * * * * * * * * * * * * * * * * * * * //

dimensions      [0 0 0 1 0 0 0];

internalField   nonuniform List<scalar> 
6300
(
10.0408
10.1221
10.2031
10.2835
10.3631
10.4415
10.5185
10.594
10.6677
10.7393
10.8086
10.8755
10.9398
11.0013
11.0599
10.0409
10.1225
10.2037
10.2844
10.3641
10.4428
10.5201
10.5958
10.6697
10.7415
10.8111
10.8781
10.9425
11.0041
11.0628
10.0411
10.1232
10.205
10.2861
10.3663
10.4455
10.5233
10.5994
10.6738
10.746
10.8159
10.8834
10.9481
11.0099
11.0687
10.0415
10.1243
10.2068
10.2886
10.3696
10.4495
10.528
10.6049
10.6799
10.7528
10.8233
10.8913
10.9564
11.0186
11.0776
10.042
10.1258
10.2092
10.2921
10.374
10.4549
10.5343
10.6121
10.6881
10.7619
10.8332
10.9019
10.9677
11.0304
11.0897
10.0426
10.1276
10.2123
10.2963
10.3795
10.4616
10.5422
10.6213
10.6984
10.7733
10.8458
10.9155
10.9821
11.0454
11.1053
10.0433
10.1298
10.2159
10.3015
10.3861
10.4696
10.5518
10.6323
10.7109
10.7873
10.8611
10.932
10.9998
11.064
11.1244
10.0442
10.1324
10.2202
10.3074
10.3938
10.4791
10.563
10.6453
10.7256
10.8037
10.8792
10.9517
11.0209
11.0863
11.1475
10.0451
10.1353
10.2251
10.3142
10.4026
10.4899
10.5758
10.6601
10.7425
10.8227
10.9003
10.9748
11.0458
11.1127
11.175
10.0462
10.1385
10.2305
10.3219
10.4125
10.502
10.5902
10.6768
10.7616
10.8443
10.9243
11.0013
11.0747
11.1437
11.2076
10.0474
10.1421
10.2365
10.3303
10.4234
10.5154
10.6061
10.6954
10.7829
10.8684
10.9514
11.0315
11.1079
11.1798
11.246
10.0487
10.1461
10.2431
10.3395
10.4353
10.53
10.6235
10.7157
10.8062
10.8949
10.9813
11.0652
11.1457
11.2217
11.2913
10.0501
10.1503
10.2502
10.3495
10.4481
10.5458
10.6423
10.7375
10.8313
10.9235
11.0139
11.1022
11.1879
11.2698
11.3452
10.0517
10.1549
10.2578
10.3602
10.4619
10.5627
10.6623
10.7608
10.858
10.9539
11.0485
11.1418
11.234
11.3243
11.4099
10.0533
10.1598
10.266
10.3716
10.4765
10.5806
10.6836
10.7854
10.886
10.9855
11.0842
11.1826
11.2818
11.3833
11.4876
11.1109
11.1551
11.1973
11.2375
11.2756
11.3118
11.3462
11.3788
11.4097
11.4391
11.4671
11.4939
11.5195
11.5441
11.5679
11.5909
11.6134
11.6354
11.6571
11.6787
11.7001
11.7217
11.7433
11.7653
11.7875
11.8102
11.8334
11.8571
11.8813
11.9062
11.9317
11.9577
11.9843
12.0115
12.0391
12.0673
12.0957
12.1245
12.1535
12.1827
12.2118
12.2408
12.2696
12.2981
12.326
12.3533
12.3797
12.4053
12.4297
12.4529
12.4747
12.4949
12.5135
12.5302
12.5447
12.557
12.5669
12.5739
12.578
12.5789
12.5762
12.5698
12.5592
12.5442
12.5244
12.4994
12.4688
12.4322
12.389
12.3387
12.2808
12.2146
12.1395
12.0547
11.9596
11.8534
11.7353
11.6044
11.46
11.3012
11.1273
10.9372
10.7304
10.506
10.2635
10.0023
9.72198
9.42231
9.1032
8.76476
11.1138
11.1581
11.2002
11.2403
11.2784
11.3145
11.3487
11.3811
11.4119
11.4411
11.4689
11.4954
11.5208
11.5453
11.5688
11.5917
11.614
11.6358
11.6573
11.6787
11.7
11.7214
11.7429
11.7647
11.7868
11.8094
11.8325
11.8562
11.8804
11.9053
11.9307
11.9568
11.9835
12.0107
12.0384
12.0666
12.0952
12.1241
12.1533
12.1825
12.2119
12.2411
12.2701
12.2987
12.3268
12.3543
12.381
12.4067
12.4314
12.4548
12.4768
12.4973
12.5161
12.533
12.5479
12.5605
12.5707
12.5781
12.5826
12.5838
12.5816
12.5756
12.5655
12.551
12.5318
12.5074
12.4774
12.4415
12.3991
12.3496
12.2926
12.2273
12.1532
12.0695
11.9755
11.8704
11.7534
11.6238
11.4806
11.323
11.1502
10.9613
10.7555
10.5321
10.2903
10.0297
9.74974
9.4502
9.13096
8.79212
11.1198
11.164
11.2061
11.246
11.2839
11.3197
11.3537
11.3858
11.4162
11.445
11.4724
11.4986
11.5236
11.5476
11.5707
11.5932
11.6151
11.6366
11.6577
11.6787
11.6997
11.7208
11.742
11.7635
11.7855
11.8079
11.8308
11.8544
11.8785
11.9033
11.9288
11.955
11.9817
12.0091
12.037
12.0653
12.0941
12.1233
12.1527
12.1823
12.212
12.2415
12.2709
12.3
12.3285
12.3564
12.3835
12.4097
12.4347
12.4586
12.481
12.502
12.5213
12.5388
12.5542
12.5675
12.5783
12.5864
12.5917
12.5937
12.5923
12.5872
12.578
12.5645
12.5464
12.5232
12.4945
12.46
12.4191
12.3714
12.3161
12.2527
12.1806
12.099
12.0072
11.9044
11.7898
11.6626
11.5218
11.3667
11.1963
11.0096
10.806
10.5844
10.3442
10.0848
9.80562
9.50635
9.18685
8.84721
11.1288
11.173
11.215
11.2547
11.2923
11.3277
11.3612
11.3928
11.4227
11.4509
11.4778
11.5033
11.5277
11.5511
11.5736
11.5955
11.6168
11.6377
11.6583
11.6788
11.6992
11.7198
11.7406
11.7618
11.7834
11.8055
11.8282
11.8515
11.8756
11.9004
11.9259
11.9522
11.9791
12.0066
12.0347
12.0634
12.0925
12.122
12.1518
12.1819
12.2121
12.2422
12.2722
12.3019
12.3311
12.3596
12.3873
12.4141
12.4398
12.4642
12.4873
12.509
12.529
12.5473
12.5636
12.5778
12.5896
12.5989
12.6052
12.6084
12.6082
12.6044
12.5967
12.5847
12.5681
12.5467
12.52
12.4876
12.449
12.4037
12.3511
12.2906
12.2215
12.1431
12.0546
11.9553
11.8443
11.7207
11.5837
11.4322
11.2655
11.0824
10.882
10.6634
10.4258
10.1683
9.89033
9.59152
9.27166
8.9308
11.141
11.1852
11.227
11.2665
11.3036
11.3385
11.3714
11.4023
11.4314
11.4589
11.4849
11.5096
11.5332
11.5557
11.5774
11.5985
11.619
11.6391
11.659
11.6787
11.6985
11.7185
11.7387
11.7593
11.7804
11.8021
11.8245
11.8477
11.8716
11.8964
11.9219
11.9483
11.9754
12.0032
12.0316
12.0606
12.0902
12.1202
12.1505
12.1812
12.2121
12.243
12.2738
12.3044
12.3344
12.3638
12.3924
12.42
12.4464
12.4717
12.4956
12.5182
12.5392
12.5585
12.576
12.5915
12.6046
12.6153
12.6231
12.6279
12.6293
12.6272
12.6213
12.6112
12.5968
12.5777
12.5536
12.524
12.4885
12.4465
12.3975
12.3408
12.2757
12.2016
12.1175
12.0229
11.9167
11.798
11.6661
11.5198
11.3581
11.1799
10.9842
10.7698
10.5358
10.2811
10.005
9.70692
9.38663
9.0441
11.1567
11.2009
11.2425
11.2815
11.3181
11.3523
11.3843
11.4143
11.4424
11.4689
11.4939
11.5175
11.54
11.5615
11.5822
11.6022
11.6217
11.6409
11.6598
11.6786
11.6975
11.7167
11.7361
11.756
11.7765
11.7977
11.8197
11.8426
11.8663
11.8911
11.9167
11.9433
11.9707
11.9988
12.0276
12.0571
12.0871
12.1177
12.1487
12.1802
12.212
12.2439
12.2758
12.3075
12.3387
12.3692
12.3988
12.4273
12.4548
12.481
12.5059
12.5295
12.5517
12.5723
12.5913
12.6083
12.6232
12.6356
12.6453
12.652
12.6555
12.6554
12.6517
12.644
12.6322
12.6159
12.5949
12.5688
12.5371
12.4993
12.4548
12.4029
12.3429
12.2741
12.1957
12.1069
12.0068
11.8945
11.7691
11.6294
11.4743
11.3027
11.1132
10.9045
10.6753
10.4246
10.1511
9.85426
9.53351
9.18883
11.1761
11.2202
11.2615
11.3
11.3358
11.3691
11.4001
11.4289
11.4558
11.481
11.5047
11.527
11.5482
11.5684
11.5878
11.6066
11.6249
11.6428
11.6606
11.6783
11.6962
11.7143
11.7328
11.7518
11.7716
11.7921
11.8136
11.8361
11.8596
11.8844
11.9102
11.937
11.9648
11.9934
12.0227
12.0526
12.0832
12.1144
12.1462
12.1786
12.2115
12.2447
12.278
12.3112
12.3438
12.3757
12.4066
12.4363
12.4647
12.492
12.5179
12.5427
12.5662
12.5884
12.6091
12.6282
12.6452
12.6598
12.6718
12.6808
12.6865
12.6889
12.6876
12.6826
12.6737
12.6608
12.6435
12.6215
12.5944
12.5616
12.5225
12.4765
12.4227
12.3604
12.2888
12.2071
12.1144
12.0098
11.8924
11.761
11.6143
11.451
11.2696
11.0685
10.846
10.6006
10.3309
10.0359
9.71475
9.36739
11.1995
11.2436
11.2845
11.3223
11.3572
11.3893
11.4189
11.4463
11.4717
11.4953
11.5173
11.5381
11.5577
11.5764
11.5943
11.6116
11.6285
11.645
11.6614
11.6778
11.6944
11.7113
11.7286
11.7466
11.7653
11.7851
11.8059
11.8279
11.8513
11.876
11.902
11.9293
11.9576
11.9868
12.0167
12.0472
12.0783
12.1102
12.1428
12.1762
12.2105
12.2453
12.2804
12.3155
12.35
12.3836
12.4159
12.4469
12.4764
12.5046
12.5317
12.5576
12.5826
12.6065
12.6294
12.6508
12.6704
12.6877
12.7024
12.714
12.7224
12.7273
12.7288
12.7267
12.7211
12.7118
12.6987
12.6814
12.6597
12.6329
12.6003
12.5611
12.5146
12.4599
12.3963
12.3229
12.239
12.1436
12.0358
11.9144
11.7781
11.6253
11.4543
11.263
11.0495
10.8115
10.5472
10.2549
9.93366
9.583
11.2275
11.2716
11.312
11.3489
11.3824
11.413
11.4409
11.4665
11.49
11.5117
11.5319
11.5508
11.5685
11.5854
11.6016
11.6172
11.6324
11.6474
11.6622
11.6771
11.6921
11.7075
11.7235
11.7401
11.7577
11.7764
11.7963
11.8178
11.8409
11.8656
11.8921
11.92
11.9491
11.9791
12.0097
12.0407
12.0724
12.1048
12.1381
12.1727
12.2084
12.2453
12.2829
12.3205
12.3575
12.3932
12.4272
12.4594
12.4899
12.5189
12.5468
12.5738
12.6003
12.6262
12.6515
12.6759
12.6988
12.7194
12.7373
12.7519
12.763
12.7707
12.7749
12.7759
12.7736
12.7682
12.7596
12.7477
12.7322
12.7123
12.6873
12.6563
12.6182
12.5723
12.5177
12.4538
12.3799
12.2951
12.1986
12.0892
11.9655
11.8258
11.668
11.4896
11.288
11.0602
10.8036
10.5157
10.1948
9.84009
11.2608
11.3048
11.3445
11.38
11.4119
11.4405
11.4663
11.4895
11.5108
11.5302
11.5482
11.5649
11.5806
11.5955
11.6097
11.6234
11.6367
11.6498
11.6628
11.6759
11.6892
11.703
11.7173
11.7323
11.7484
11.7657
11.7846
11.8052
11.8279
11.8528
11.8799
11.9089
11.9393
11.9705
12.0019
12.0334
12.0653
12.0979
12.1317
12.1672
12.2047
12.2442
12.2851
12.3264
12.3668
12.4051
12.441
12.4743
12.5054
12.5348
12.5631
12.5908
12.6186
12.6466
12.6749
12.7031
12.7302
12.755
12.7767
12.7946
12.8086
12.8189
12.8258
12.8295
12.8305
12.829
12.8253
12.8193
12.8107
12.799
12.783
12.7614
12.733
12.6969
12.6524
12.599
12.5362
12.4634
12.3798
12.2845
12.1759
12.0523
11.9112
11.7497
11.564
11.3504
11.1049
10.8239
10.5043
10.1448
11.3002
11.3441
11.3828
11.4165
11.4461
11.4721
11.4951
11.5156
11.534
11.5508
11.5662
11.5805
11.5938
11.6064
11.6184
11.6299
11.6412
11.6523
11.6633
11.6744
11.6857
11.6975
11.7098
11.723
11.7372
11.7528
11.7702
11.7897
11.8117
11.8368
11.8649
11.8958
11.9284
11.9613
11.9938
12.0255
12.0571
12.0892
12.1227
12.1588
12.1981
12.2409
12.2867
12.3335
12.3788
12.4206
12.4583
12.4923
12.5233
12.5521
12.58
12.6077
12.6363
12.6665
12.6985
12.7317
12.7647
12.7952
12.8214
12.8428
12.8595
12.872
12.8809
12.887
12.8908
12.893
12.894
12.8943
12.8938
12.8917
12.8866
12.8762
12.8588
12.8334
12.7998
12.7577
12.7069
12.6472
12.578
12.4986
12.4077
12.3037
12.1838
12.0442
11.8802
11.6864
11.4573
11.1874
10.8713
10.5061
11.3472
11.391
11.428
11.4591
11.4854
11.5079
11.5274
11.5445
11.5597
11.5734
11.5859
11.5973
11.608
11.6181
11.6277
11.6369
11.6459
11.6547
11.6635
11.6724
11.6816
11.6911
11.7012
11.7121
11.724
11.7373
11.7526
11.7703
11.7913
11.8162
11.8459
11.88
11.9169
11.9529
11.9866
12.0179
12.0479
12.0782
12.1102
12.1457
12.1863
12.2334
12.2866
12.3428
12.3956
12.4418
12.481
12.5146
12.544
12.5709
12.5968
12.6233
12.6517
12.6836
12.72
12.7607
12.8029
12.8412
12.8729
12.8976
12.9163
12.93
12.9401
12.9475
12.9533
12.9584
12.9638
12.9704
12.9789
12.9888
12.9977
13.0009
12.9958
12.9818
12.9593
12.9287
12.8903
12.8444
12.7907
12.729
12.6585
12.5779
12.4845
12.3739
12.2391
12.0731
11.8686
11.617
11.3092
10.9375
11.4044
11.4477
11.4816
11.5085
11.5301
11.5479
11.563
11.576
11.5874
11.5976
11.6068
11.6153
11.6231
11.6305
11.6375
11.6442
11.6507
11.6571
11.6636
11.6701
11.6768
11.6839
11.6914
11.6995
11.7087
11.7191
11.7313
11.7462
11.7649
11.7889
11.8202
11.8602
11.9064
11.948
11.9826
12.012
12.0385
12.0645
12.0925
12.125
12.1652
12.2168
12.2821
12.357
12.4219
12.4728
12.5119
12.5427
12.5683
12.591
12.6129
12.6358
12.6621
12.6942
12.7353
12.7872
12.8465
12.8967
12.9343
12.9611
12.98
12.9933
13.003
13.0104
13.0167
13.0233
13.0317
13.0437
13.0617
13.0871
13.1169
13.1374
13.1455
13.1425
13.1304
13.1107
13.0845
13.0525
13.0149
12.972
12.9238
12.8702
12.81
12.7384
12.6428
12.5152
12.3474
12.1275
11.8389
11.4624
11.4765
11.5177
11.5455
11.5653
11.5802
11.592
11.6016
11.6098
11.6169
11.6232
11.6289
11.634
11.6388
11.6433
11.6475
11.6516
11.6556
11.6595
11.6634
11.6674
11.6715
11.6759
11.6805
11.6856
11.6914
11.6981
11.7063
11.7167
11.7307
11.751
11.7821
11.8313
11.9027
11.9529
11.9862
12.0101
12.0296
12.0481
12.0682
12.0931
12.1277
12.1804
12.2638
12.3853
12.4685
12.5207
12.5545
12.5782
12.5965
12.6122
12.6272
12.6436
12.6638
12.6919
12.7348
12.8031
12.9031
12.9704
13.0111
13.0358
13.0515
13.0618
13.069
13.0746
13.0797
13.0856
13.0941
13.1083
13.1338
13.1792
13.2492
13.2916
13.3111
13.3161
13.3121
13.3019
13.2871
13.2685
13.2467
13.2223
13.1967
13.172
13.1519
13.1371
13.0924
13.0151
12.901
12.7368
12.4949
12.1274
11.5766
11.6068
11.621
11.6292
11.6347
11.6389
11.6423
11.6451
11.6475
11.6496
11.6515
11.6533
11.6549
11.6564
11.6578
11.6592
11.6605
11.6618
11.6631
11.6645
11.6659
11.6673
11.6689
11.6706
11.6726
11.675
11.6779
11.6818
11.6875
11.6974
11.718
11.7703
11.9293
11.982
12.0033
12.0145
12.0223
12.0292
12.0368
12.0471
12.0642
12.0996
12.1906
12.4687
12.5596
12.5949
12.6117
12.6215
12.6284
12.6341
12.6396
12.6458
12.6541
12.6681
12.6975
12.7734
13.0066
13.0822
13.1108
13.1236
13.1305
13.1346
13.1373
13.1394
13.1414
13.1439
13.1481
13.1566
13.1773
13.2355
13.4213
13.4786
13.4973
13.5027
13.5026
13.4997
13.495
13.489
13.482
13.4745
13.4681
13.4669
13.486
13.5788
13.5889
13.568
13.5266
13.4577
13.3316
13.0538
8.3715
7.91576
7.43444
6.92897
6.40104
5.85251
5.28536
4.70164
4.10342
3.49276
2.87168
2.24217
1.60615
0.965524
0.322146
8.39814
7.94127
7.45851
6.95137
6.42157
5.87106
5.30187
4.71609
4.11582
3.50314
2.88009
2.24864
1.61074
0.968265
0.323057
8.45176
7.99258
7.5069
6.99633
6.46276
5.90824
5.33492
4.74498
4.14059
3.52386
2.89685
2.26156
1.61989
0.973726
0.324873
8.53309
8.07032
7.58009
7.06423
6.52483
5.96416
5.38454
4.78828
4.17764
3.55482
2.92188
2.28082
1.63354
0.981862
0.327576
8.64323
8.17543
7.67883
7.15559
6.60811
6.03897
5.45073
4.8459
4.22685
3.59585
2.955
2.30627
1.65155
0.9926
0.331144
8.78379
8.30925
7.80415
7.2711
6.713
6.13282
5.53347
4.91767
4.28798
3.6467
2.99596
2.33771
1.67377
1.00584
0.33554
8.95692
8.47356
7.95733
7.41158
6.83989
6.24578
5.63258
5.00331
4.36064
3.70696
3.04439
2.37481
1.69996
1.02143
0.340715
9.16552
8.67063
8.13997
7.57794
6.98911
6.37776
5.74772
5.10228
4.44427
3.77609
3.09979
2.41717
1.72982
1.03918
0.346606
9.41349
8.90339
8.35387
7.77103
7.16079
6.52838
5.87819
5.21378
4.53804
3.8533
3.16149
2.46424
1.76294
1.05886
0.353132
9.70608
9.17548
8.60102
7.99144
7.35455
6.69671
6.02281
5.33655
4.64074
3.93753
3.2286
2.51532
1.79884
1.08016
0.360194
10.0506
9.49133
8.88319
8.23906
7.5692
6.88103
6.17972
5.46882
4.75081
4.02745
3.30003
2.56958
1.83692
1.10274
0.367676
10.4573
9.85598
9.20127
8.51234
7.80207
7.07841
6.34615
5.60815
4.86618
4.12137
3.37447
2.62603
1.87649
1.12619
0.375444
10.9412
10.274
9.55346
8.80687
8.04825
7.28434
6.51825
5.75139
4.98434
4.21733
3.45041
2.68357
1.9168
1.15007
0.383354
11.5235
10.7452
9.93161
9.11335
8.29965
7.49236
6.69106
5.89475
5.10241
4.31315
3.52622
2.74102
1.95705
1.17392
0.391255
12.2253
11.2516
10.3143
9.41518
8.54454
7.69431
6.8588
6.03408
5.21736
4.4066
3.60027
2.7972
1.99646
1.19728
0.398997
10.0549
10.1645
10.2739
10.3827
10.4908
10.598
10.7041
10.809
10.9127
11.0153
11.1172
11.2193
11.3236
11.4348
11.5655
10.0564
10.1691
10.2814
10.3933
10.5044
10.6145
10.7235
10.8313
10.9377
11.0428
11.1469
11.251
11.3567
11.468
11.5916
10.058
10.1738
10.2894
10.4044
10.5186
10.6318
10.7438
10.8545
10.9635
11.0709
11.1767
11.2814
11.386
11.4927
11.6043
10.0596
10.1788
10.2977
10.416
10.5335
10.6499
10.7651
10.8787
10.9905
11.1001
11.2073
11.3119
11.4139
11.5139
11.6131
10.0614
10.184
10.3063
10.4281
10.549
10.6689
10.7874
10.9043
11.0189
11.131
11.2397
11.3441
11.4431
11.5356
11.6216
10.0632
10.1895
10.3154
10.4408
10.5653
10.6888
10.8109
10.9312
11.0492
11.1642
11.275
11.38
11.4767
11.5617
11.6325
10.0651
10.1951
10.3248
10.454
10.5824
10.7097
10.8356
10.9598
11.0815
11.2001
11.3143
11.4217
11.5184
11.5976
11.6501
10.067
10.201
10.3346
10.4678
10.6002
10.7315
10.8616
10.9899
11.1161
11.2392
11.3582
11.4708
11.5723
11.6521
11.6862
10.0691
10.2071
10.3448
10.482
10.6186
10.7543
10.8887
11.0216
11.1526
11.2812
11.4065
11.5275
11.6411
11.7383
11.7784
10.0711
10.2133
10.3553
10.4968
10.6377
10.7778
10.9168
11.0546
11.1908
11.3253
11.4579
11.5892
11.7214
11.864
12.0588
10.0733
10.2198
10.366
10.5119
10.6573
10.802
10.9458
11.0886
11.2302
11.3706
11.5102
11.6501
11.7944
11.9534
12.1523
10.0755
10.2264
10.3771
10.5275
10.6774
10.8268
10.9756
11.1234
11.2704
11.4165
11.5621
11.7081
11.8572
12.0151
12.1914
10.0777
10.2331
10.3883
10.5432
10.6979
10.8521
11.0058
11.1589
11.3112
11.4628
11.6136
11.7639
11.9138
12.064
12.2149
10.08
10.2398
10.3996
10.5593
10.7186
10.8777
11.0365
11.1948
11.3525
11.5095
11.6656
11.8198
11.9702
12.1122
12.2379
10.0822
10.2467
10.4111
10.5754
10.7396
10.9036
11.0674
11.231
11.3942
11.5569
11.7187
11.8783
12.0323
12.1718
12.2746
10.0845
10.2536
10.4226
10.5916
10.7606
10.9296
11.0985
11.2674
11.4363
11.605
11.7733
11.9406
12.1045
12.2567
12.3601
10.0868
10.2605
10.4341
10.6079
10.7816
10.9556
11.1296
11.3039
11.4784
11.6532
11.8286
12.0052
12.1848
12.3754
12.6138
10.0891
10.2673
10.4456
10.624
10.8026
10.9814
11.1605
11.3401
11.5202
11.701
11.8831
12.0676
12.2574
12.461
12.6997
10.0914
10.2741
10.457
10.64
10.8233
11.007
11.1911
11.3759
11.5614
11.748
11.936
12.1262
12.3203
12.522
12.7375
10.0936
10.2808
10.4682
10.6559
10.8438
11.0322
11.2213
11.4111
11.6019
11.7938
11.9872
12.182
12.378
12.5733
12.7635
10.0958
10.2875
10.4793
10.6714
10.864
11.057
11.2509
11.4456
11.6415
11.8386
12.0373
12.2371
12.4361
12.6282
12.7961
10.098
10.294
10.4902
10.6867
10.8837
11.0813
11.2798
11.4793
11.6801
11.8824
12.0866
12.2925
12.499
12.6997
12.8654
10.1001
10.3003
10.5008
10.7016
10.9029
11.105
11.3079
11.512
11.7176
11.9249
12.1346
12.3475
12.5657
12.7956
13.0659
10.1021
10.3065
10.5111
10.7161
10.9217
11.128
11.3353
11.5438
11.7538
11.9657
12.1803
12.3988
12.6241
12.8634
13.1335
10.1042
10.3126
10.5212
10.7302
10.9399
11.1503
11.3617
11.5744
11.7886
12.0046
12.2232
12.4453
12.6729
12.9098
13.162
10.1061
10.3184
10.531
10.7439
10.9575
11.1719
11.3873
11.6039
11.822
12.0418
12.2637
12.4879
12.715
12.9453
13.1789
10.108
10.3241
10.5404
10.7572
10.9746
11.1928
11.412
11.6324
11.8541
12.0775
12.3024
12.5285
12.7549
12.9786
13.1943
10.1098
10.3296
10.5496
10.77
10.9911
11.2129
11.4358
11.6598
11.8852
12.112
12.3401
12.569
12.7965
13.0173
13.2174
10.1116
10.3348
10.5584
10.7824
11.0069
11.2324
11.4587
11.6863
11.9152
12.1455
12.3773
12.6102
12.8429
13.0702
13.2695
10.1133
10.3399
10.5669
10.7943
11.0223
11.2511
11.4809
11.7118
11.9441
12.178
12.4136
12.6515
12.8929
13.1425
13.4223
10.1149
10.3449
10.5751
10.8057
11.037
11.2691
11.5021
11.7364
11.9719
12.2091
12.4483
12.6903
12.937
13.1939
13.4738
10.1165
10.3496
10.5829
10.8167
11.0511
11.2863
11.5225
11.7599
11.9986
12.2389
12.481
12.7256
12.9741
13.2292
13.4956
10.118
10.3541
10.5904
10.8272
11.0647
11.3029
11.5421
11.7825
12.0241
12.2672
12.5119
12.7583
13.0065
13.2566
13.5086
10.1194
10.3584
10.5976
10.8373
11.0776
11.3187
11.5609
11.8041
12.0486
12.2944
12.5416
12.7896
13.0375
13.2827
13.5208
10.1208
10.3625
10.6045
10.8469
11.09
11.3339
11.5788
11.8248
12.0721
12.3207
12.5705
12.8209
13.0702
13.3136
13.5396
10.1221
10.3664
10.611
10.856
11.1018
11.3483
11.5959
11.8446
12.0946
12.3461
12.599
12.853
13.107
13.3566
13.5828
10.1233
10.3701
10.6172
10.8647
11.1129
11.362
11.6121
11.8634
12.1161
12.3704
12.6265
12.8849
13.1467
13.4158
13.7104
10.1245
10.3736
10.623
10.8729
11.1235
11.3749
11.6274
11.8812
12.1364
12.3934
12.6525
12.9145
13.1812
13.4571
13.7529
10.1256
10.3769
10.6285
10.8806
11.1334
11.3871
11.6418
11.8979
12.1555
12.4148
12.6764
12.9407
13.2093
13.4846
13.7704
10.1266
10.38
10.6336
10.8878
11.1427
11.3984
11.6553
11.9135
12.1732
12.4347
12.6982
12.964
13.2327
13.5046
13.7801
10.1276
10.3828
10.6384
10.8945
11.1513
11.409
11.6678
11.928
12.1897
12.4531
12.7182
12.9852
13.2536
13.5221
13.7882
10.1284
10.3855
10.6428
10.9006
11.1592
11.4187
11.6794
11.9414
12.2049
12.4701
12.737
13.0054
13.2744
13.5413
13.7994
10.1292
10.3879
10.6468
10.9062
11.1665
11.4276
11.69
11.9537
12.2189
12.4859
12.7547
13.0251
13.2966
13.5665
13.8239
10.13
10.39
10.6504
10.9113
11.173
11.4357
11.6996
11.9648
12.2317
12.5004
12.7711
13.044
13.3197
13.6002
13.8954
10.1306
10.3919
10.6536
10.9158
11.1789
11.4429
11.7081
11.9748
12.2432
12.5135
12.7859
13.0609
13.3394
13.6237
13.9193
10.1312
10.3936
10.6564
10.9198
11.184
11.4492
11.7157
11.9836
12.2533
12.5249
12.7988
13.0753
13.355
13.6391
13.9291
10.1316
10.3951
10.6588
10.9232
11.1884
11.4546
11.7221
11.9912
12.262
12.5348
12.8099
13.0874
13.3676
13.6503
13.9348
10.132
10.3962
10.6608
10.926
11.192
11.459
11.7274
11.9974
12.2692
12.543
12.8191
13.0976
13.3783
13.6602
13.9404
10.1323
10.3972
10.6624
10.9281
11.1948
11.4625
11.7316
12.0024
12.2749
12.5496
12.8267
13.1062
13.388
13.6711
13.9506
10.1326
10.3978
10.6635
10.9297
11.1968
11.4651
11.7347
12.0059
12.2791
12.5545
12.8324
13.113
13.3968
13.6843
13.9792
10.1327
10.3982
10.6641
10.9306
11.198
11.4666
11.7365
12.0081
12.2817
12.5576
12.8361
13.1177
13.4028
13.6924
13.9883
10.1327
10.3984
10.6643
10.931
11.1984
11.4671
11.7372
12.0089
12.2827
12.5588
12.8377
13.1198
13.4056
13.6959
13.9912
10.1327
10.3982
10.6641
10.9306
11.198
11.4666
11.7366
12.0083
12.282
12.5581
12.837
13.1192
13.4053
13.696
13.9915
10.1326
10.3978
10.6634
10.9297
11.1968
11.465
11.7347
12.0061
12.2795
12.5553
12.8339
13.1158
13.4017
13.6926
13.9896
10.1323
10.3971
10.6623
10.9281
11.1947
11.4625
11.7317
12.0025
12.2754
12.5506
12.8284
13.1095
13.3945
13.6849
13.9842
10.132
10.3962
10.6607
10.9258
11.1918
11.4589
11.7274
11.9975
12.2696
12.5439
12.8207
13.1004
13.3834
13.6709
13.9691
10.1316
10.395
10.6587
10.923
11.1881
11.4543
11.7219
11.9911
12.2621
12.5353
12.8109
13.0889
13.369
13.6495
13.9228
10.1311
10.3935
10.6562
10.9195
11.1836
11.4488
11.7152
11.9833
12.2531
12.5251
12.7994
13.0759
13.3544
13.6328
13.9067
10.1306
10.3918
10.6534
10.9155
11.1784
11.4423
11.7075
11.9742
12.2426
12.5132
12.7861
13.0616
13.3395
13.6193
13.8989
10.1299
10.3898
10.6501
10.9109
11.1724
11.4349
11.6986
11.9637
12.2306
12.4996
12.771
13.0454
13.3234
13.6057
13.8927
10.1292
10.3877
10.6464
10.9057
11.1657
11.4266
11.6886
11.9521
12.2172
12.4842
12.7538
13.0267
13.3042
13.5889
13.8844
10.1284
10.3853
10.6424
10.9001
11.1584
11.4175
11.6777
11.9392
12.2022
12.4671
12.7343
13.0046
13.2799
13.5644
13.8683
10.1275
10.3827
10.6381
10.8939
11.1504
11.4076
11.6658
11.9252
12.1859
12.4483
12.7125
12.979
13.249
13.5263
13.8281
10.1266
10.3799
10.6334
10.8874
11.1418
11.397
11.6531
11.9102
12.1685
12.428
12.689
12.951
13.2131
13.471
13.7066
10.1256
10.3769
10.6285
10.8804
11.1327
11.3858
11.6396
11.8943
12.15
12.4068
12.6646
12.9229
13.1799
13.4312
13.6657
10.1246
10.3738
10.6233
10.873
11.1232
11.374
11.6254
11.8776
12.1308
12.3849
12.6399
12.8955
13.1506
13.4029
13.6482
10.1235
10.3706
10.6178
10.8653
11.1132
11.3616
11.6106
11.8603
12.1108
12.3623
12.6147
12.8683
13.1232
13.3794
13.637
10.1224
10.3672
10.6122
10.8574
11.1029
11.3488
11.5953
11.8424
12.0902
12.3389
12.5887
12.8402
13.0948
13.355
13.6252
10.1212
10.3637
10.6063
10.8491
11.0922
11.3357
11.5795
11.8239
12.0688
12.3146
12.5614
12.81
13.0623
13.3234
13.6054
10.12
10.3601
10.6003
10.8407
11.0813
11.3221
11.5633
11.8049
12.0469
12.2895
12.5327
12.7771
13.0237
13.2772
13.5581
10.1188
10.3565
10.5942
10.8321
11.0701
11.3084
11.5468
11.7856
12.0246
12.2639
12.5033
12.7425
12.9803
13.2119
13.4167
10.1176
10.3528
10.588
10.8234
11.0588
11.2944
11.5301
11.766
12.002
12.2381
12.4739
12.7088
12.941
13.1652
13.3692
10.1163
10.349
10.5817
10.8145
11.0474
11.2803
11.5133
11.7463
11.9794
12.2124
12.4451
12.677
12.9071
13.1326
13.3489
10.1151
10.3452
10.5754
10.8056
11.0358
11.2661
11.4963
11.7266
11.9567
12.1868
12.4167
12.6465
12.8763
13.1062
13.3363
10.1138
10.3414
10.569
10.7966
11.0242
11.2518
11.4794
11.7068
11.9341
12.1612
12.3883
12.6159
12.8453
13.0795
13.3235
10.1125
10.3376
10.5626
10.7876
11.0127
11.2376
11.4624
11.6871
11.9115
12.1356
12.3596
12.584
12.811
13.0459
13.3023
10.1112
10.3337
10.5562
10.7787
11.0011
11.2234
11.4456
11.6675
11.889
12.11
12.3304
12.5504
12.771
12.9974
13.2518
10.11
10.3299
10.5498
10.7697
10.9895
11.2093
11.4289
11.6482
11.8669
12.0848
12.3015
12.5161
12.727
12.9292
13.1006
10.1087
10.326
10.5434
10.7607
10.978
11.1953
11.4124
11.6291
11.8453
12.0605
12.2739
12.4843
12.6891
12.8822
13.0508
10.1074
10.3222
10.5369
10.7518
10.9666
11.1814
11.396
11.6105
11.8243
12.0372
12.2484
12.4564
12.659
12.8523
13.0312
10.1061
10.3183
10.5305
10.7428
10.9551
11.1675
11.3799
11.5921
11.804
12.0151
12.2249
12.4322
12.6354
12.8323
13.0215
10.1048
10.3143
10.524
10.7337
10.9436
11.1536
11.3637
11.5739
11.7841
11.994
12.2031
12.4108
12.616
12.8177
13.0155
10.1034
10.3104
10.5174
10.7245
10.9319
11.1395
11.3475
11.5558
11.7644
11.9733
12.1822
12.3909
12.5989
12.8057
13.0111
10.1021
10.3063
10.5107
10.7152
10.92
11.1253
11.331
11.5373
11.7445
11.9525
12.1615
12.3716
12.5827
12.7946
13.0071
10.1007
10.3022
10.5038
10.7057
10.9079
11.1106
11.314
11.5183
11.7238
11.9309
12.1399
12.3514
12.5657
12.783
13.0029
10.0993
10.298
10.4968
10.6958
10.8953
11.0954
11.2964
11.4984
11.7021
11.9079
12.1166
12.3292
12.5466
12.7697
12.998
10.0979
10.2936
10.4895
10.6857
10.8824
11.0796
11.2779
11.4774
11.6788
11.8829
12.0906
12.3035
12.5236
12.7525
12.9912
10.0964
10.2891
10.4821
10.6753
10.8689
11.0632
11.2584
11.455
11.6536
11.8552
12.0609
12.2729
12.4942
12.7287
12.9804
10.0948
10.2846
10.4744
10.6645
10.855
11.046
11.238
11.4312
11.6264
11.8245
12.0268
12.2358
12.4555
12.6927
12.9596
10.0933
10.2799
10.4666
10.6534
10.8406
11.0283
11.2166
11.4061
11.5972
11.7907
11.988
12.1913
12.4045
12.6362
12.9105
12.9324
11.6824
10.63
9.66565
8.75025
7.86586
7.00261
6.15442
5.31722
4.48815
3.66512
2.84654
2.03114
1.21787
0.405823
13.1558
11.9367
10.8558
9.85927
8.91565
8.00707
7.12285
6.25614
5.4023
4.55806
3.72097
2.88917
2.06117
1.23572
0.411747
13.2489
12.0949
11.0229
10.0161
9.05665
8.13131
7.23087
6.34886
5.48069
4.62297
3.77312
2.92915
2.08942
1.25255
0.417335
13.2956
12.1961
11.1447
10.1399
9.17388
8.23822
7.32603
6.43193
5.55178
4.68237
3.82117
2.96616
2.11566
1.26821
0.422543
13.3229
12.2639
11.234
10.2368
9.26995
8.32875
7.40858
6.50527
5.61537
4.73603
3.8649
3.00003
2.13976
1.28263
0.427343
13.3407
12.3113
11.3004
10.3127
9.3481
8.40464
7.47936
6.56926
5.67159
4.78395
3.90425
3.03068
2.16166
1.29577
0.431722
13.3532
12.3458
11.3508
10.3723
9.41152
8.46784
7.53954
6.62456
5.72081
4.82633
3.93931
3.05814
2.18136
1.30763
0.435678
13.3623
12.3717
11.3895
10.4195
9.46303
8.5203
7.59041
6.67201
5.76356
4.86348
3.97029
3.08255
2.19894
1.31823
0.439221
13.3693
12.3915
11.4198
10.4571
9.50496
8.56379
7.63325
6.7125
5.80044
4.89583
3.99744
3.10406
2.2145
1.32763
0.442368
13.3746
12.4069
11.4437
10.4874
9.53919
8.59983
7.66924
6.74692
5.83209
4.92382
4.0211
3.1229
2.22817
1.33592
0.445144
13.3788
12.4192
11.4629
10.5118
9.56723
8.62972
7.69942
6.77608
5.85915
4.94793
4.0416
3.13929
2.24011
1.34318
0.447577
13.3822
12.429
11.4783
10.5318
9.59028
8.65453
7.72472
6.80073
5.88221
4.9686
4.05927
3.15349
2.25049
1.34949
0.449697
13.3849
12.4369
11.4909
10.548
9.60928
8.67515
7.74592
6.82155
5.9018
4.98627
4.07445
3.16573
2.25946
1.35496
0.451536
13.3871
12.4433
11.5011
10.5614
9.62499
8.69232
7.76368
6.8391
5.91842
5.00133
4.08744
3.17624
2.26719
1.35968
0.453123
13.3889
12.4486
11.5095
10.5725
9.63801
8.70663
7.77857
6.85389
5.93249
5.01415
4.09853
3.18525
2.27382
1.36374
0.454489
13.3904
12.4529
11.5165
10.5816
9.64883
8.71858
7.79106
6.86635
5.94439
5.02503
4.10799
3.19294
2.2795
1.36722
0.455661
13.3916
12.4565
11.5222
10.5892
9.65784
8.72856
7.80153
6.87684
5.95446
5.03426
4.11603
3.1995
2.28434
1.3702
0.456664
13.3926
12.4595
11.527
10.5955
9.66536
8.73692
7.81033
6.88569
5.96297
5.04208
4.12286
3.20508
2.28848
1.37274
0.45752
13.3934
12.462
11.5309
10.6007
9.67164
8.74392
7.81773
6.89314
5.97015
5.0487
4.12866
3.20983
2.292
1.3749
0.45825
13.3941
12.464
11.5342
10.6051
9.67691
8.74981
7.82396
6.89943
5.97623
5.05432
4.13358
3.21387
2.295
1.37674
0.458872
13.3947
12.4657
11.537
10.6088
9.68134
8.75476
7.82921
6.90474
5.98138
5.05908
4.13776
3.2173
2.29755
1.37831
0.459402
13.3952
12.4672
11.5394
10.6119
9.68507
8.75894
7.83364
6.90924
5.98574
5.06312
4.14131
3.22022
2.29972
1.37965
0.459854
13.3956
12.4684
11.5413
10.6145
9.68822
8.76248
7.83741
6.91306
5.98945
5.06656
4.14434
3.22271
2.30157
1.38079
0.46024
13.396
12.4694
11.543
10.6168
9.6909
8.76549
7.84061
6.91631
5.99261
5.0695
4.14693
3.22484
2.30316
1.38177
0.46057
13.3963
12.4703
11.5444
10.6187
9.69319
8.76806
7.84335
6.9191
5.99532
5.07202
4.14915
3.22667
2.30452
1.38261
0.460854
13.3965
12.4711
11.5456
10.6203
9.69517
8.77028
7.84572
6.92151
5.99767
5.07419
4.15107
3.22826
2.3057
1.38334
0.4611
13.3968
12.4718
11.5467
10.6217
9.69689
8.77222
7.84778
6.92361
5.99971
5.07609
4.15275
3.22964
2.30673
1.38398
0.461315
13.397
12.4723
11.5477
10.623
9.69841
8.77393
7.8496
6.92546
6.00152
5.07777
4.15423
3.23086
2.30764
1.38454
0.461504
13.3971
12.4729
11.5485
10.6241
9.69978
8.77546
7.85124
6.92713
6.00314
5.07928
4.15555
3.23195
2.30846
1.38504
0.461674
13.3973
12.4734
11.5493
10.6252
9.70104
8.77688
7.85274
6.92865
6.00462
5.08066
4.15677
3.23295
2.3092
1.3855
0.461829
13.3975
12.4738
11.5501
10.6262
9.70223
8.77822
7.85416
6.93009
6.00601
5.08194
4.1579
3.23388
2.30989
1.38592
0.461973
13.3976
12.4743
11.5508
10.6272
9.7034
8.77952
7.85554
6.93148
6.00735
5.08318
4.15898
3.23477
2.31055
1.38633
0.46211
13.3978
12.4747
11.5515
10.6281
9.70457
8.78082
7.85691
6.93286
6.00868
5.0844
4.16005
3.23564
2.3112
1.38673
0.462243
13.3979
12.4752
11.5523
10.6292
9.7058
8.78218
7.85833
6.93427
6.01003
5.08564
4.16112
3.23652
2.31184
1.38712
0.462377
13.3981
12.4758
11.5532
10.6303
9.70712
8.78362
7.85983
6.93576
6.01144
5.08692
4.16223
3.23741
2.3125
1.38753
0.462513
13.3983
12.4764
11.5541
10.6316
9.70859
8.78522
7.86147
6.93736
6.01295
5.08828
4.1634
3.23836
2.31319
1.38795
0.462655
13.3986
12.4771
11.5553
10.633
9.71026
8.78701
7.86329
6.93913
6.0146
5.08975
4.16466
3.23936
2.31393
1.38839
0.462804
13.3989
12.478
11.5566
10.6347
9.71221
8.78907
7.86535
6.94111
6.01642
5.09136
4.16602
3.24044
2.31471
1.38887
0.462963
13.3993
12.479
11.5583
10.6368
9.71452
8.79148
7.86772
6.94335
6.01845
5.09314
4.1675
3.24162
2.31556
1.38938
0.463134
13.3997
12.4804
11.5603
10.6393
9.71729
8.79431
7.87046
6.94589
6.02073
5.0951
4.16913
3.24289
2.31647
1.38993
0.463316
13.4004
12.4821
11.5629
10.6425
9.72067
8.79768
7.87365
6.9488
6.02329
5.09728
4.1709
3.24427
2.31745
1.39051
0.463511
13.4012
12.4845
11.5664
10.6464
9.72481
8.80169
7.87736
6.9521
6.02614
5.09967
4.17283
3.24575
2.31849
1.39113
0.463718
13.4024
12.4878
11.5709
10.6515
9.72992
8.80648
7.88167
6.95584
6.02931
5.10227
4.17491
3.24732
2.3196
1.39179
0.463933
13.4043
12.4925
11.5771
10.6581
9.73622
8.81217
7.88661
6.96003
6.03277
5.10507
4.1771
3.24897
2.32074
1.39246
0.464156
13.4074
12.4996
11.5857
10.6667
9.74394
8.81883
7.8922
6.96463
6.03649
5.10803
4.17938
3.25066
2.3219
1.39314
0.46438
13.4132
12.5109
11.5978
10.6776
9.75326
8.82649
7.89839
6.96958
6.0404
5.11106
4.18169
3.25235
2.32306
1.39381
0.4646
13.4262
12.5296
11.6148
10.6915
9.76416
8.83501
7.90502
6.97472
6.04436
5.11409
4.18396
3.25399
2.32416
1.39445
0.464808
13.4604
12.5607
11.6376
10.7079
9.77628
8.84404
7.91181
6.97985
6.04823
5.11698
4.18608
3.2555
2.32517
1.39502
0.464995
13.5652
12.608
11.6648
10.7258
9.78871
8.85299
7.91837
6.98468
6.05179
5.11958
4.18796
3.25681
2.32603
1.39551
0.465153
13.6238
12.6455
11.6891
10.7422
9.80013
8.86112
7.92422
6.9889
6.05482
5.12175
4.18948
3.25784
2.32669
1.39588
0.465272
13.6438
12.6678
11.7067
10.755
9.80939
8.86773
7.92891
6.9922
6.05712
5.12331
4.19052
3.25852
2.3271
1.3961
0.46534
13.6513
12.6796
11.7176
10.7637
9.8158
8.87231
7.93207
6.99432
6.05848
5.12414
4.19099
3.25876
2.32721
1.39614
0.46535
13.6538
12.6846
11.7228
10.7681
9.81908
8.87455
7.93346
6.99505
6.05875
5.12411
4.1908
3.25851
2.32698
1.39598
0.465292
13.6533
12.6843
11.723
10.7684
9.8192
8.87434
7.93292
6.99426
6.05781
5.12313
4.18986
3.2577
2.32636
1.39559
0.465159
13.6486
12.6786
11.7184
10.7648
9.81625
8.87168
7.93041
6.99188
6.05559
5.12113
4.18813
3.2563
2.32532
1.39496
0.464946
13.634
12.666
11.7092
10.7578
9.81044
8.86665
7.92595
6.98789
6.05206
5.11807
4.18558
3.25427
2.32385
1.39407
0.464648
13.5881
12.6454
11.6961
10.7478
9.80208
8.85941
7.91958
6.9823
6.0472
5.11393
4.18216
3.25159
2.32193
1.39291
0.464261
13.5722
12.6294
11.6824
10.7358
9.79157
8.85012
7.9114
6.97514
6.04102
5.10871
4.17789
3.24827
2.31955
1.39148
0.463784
13.5646
12.6163
11.6682
10.7222
9.77904
8.83887
7.90144
6.96645
6.03355
5.10242
4.17276
3.24428
2.31671
1.38977
0.463216
13.5584
12.603
11.6524
10.7064
9.76437
8.82565
7.88974
6.95624
6.02479
5.09507
4.16678
3.23965
2.31341
1.3878
0.462557
13.5502
12.5863
11.6333
10.6879
9.74733
8.8104
7.87631
6.94456
6.01479
5.08668
4.15997
3.23438
2.30966
1.38555
0.461809
13.5341
12.5618
11.609
10.6658
9.72772
8.79313
7.86119
6.93145
6.00358
5.0773
4.15235
3.22849
2.30546
1.38304
0.460973
13.4939
12.5236
11.5781
10.64
9.70563
8.77394
7.84449
6.91699
5.99122
5.06695
4.14394
3.22198
2.30083
1.38027
0.46005
13.3723
12.4682
11.5418
10.6115
9.68162
8.75313
7.82636
6.90129
5.97778
5.05568
4.13479
3.21489
2.29579
1.37725
0.459044
13.3313
12.4281
11.5082
10.5828
9.65653
8.73107
7.807
6.88444
5.96333
5.04354
4.1249
3.20724
2.29033
1.37398
0.457955
13.3136
12.3994
11.4783
10.5546
9.6308
8.70798
7.78653
6.86653
5.94791
5.03056
4.11432
3.19903
2.28448
1.37047
0.456786
13.3023
12.3754
11.4501
10.5264
9.60432
8.68389
7.76501
6.8476
5.93156
5.01676
4.10306
3.19028
2.27823
1.36672
0.455538
13.2903
12.3503
11.4206
10.4969
9.57665
8.65865
7.7424
6.82767
5.91431
5.00218
4.09113
3.181
2.2716
1.36274
0.454211
13.2702
12.318
11.3869
10.465
9.54734
8.63212
7.71868
6.80674
5.89616
4.9868
4.07853
3.17118
2.26458
1.35853
0.452805
13.2226
12.2709
11.3468
10.4301
9.51626
8.6043
7.69386
6.78483
5.87712
4.97064
4.06526
3.16083
2.25717
1.35407
0.451318
13.0808
12.2044
11.3015
10.393
9.48384
8.57535
7.668
6.76194
5.85718
4.95367
4.0513
3.14992
2.24935
1.34936
0.449747
13.0328
12.1563
11.26
10.3564
9.45088
8.54555
7.6412
6.73809
5.83633
4.93587
4.03663
3.13843
2.2411
1.3444
0.448089
13.012
12.122
11.2233
10.321
9.41773
8.51503
7.61346
6.71327
5.81453
4.91721
4.02119
3.12632
2.23239
1.33915
0.446336
12.9987
12.0935
11.1892
10.2861
9.38415
8.48366
7.58471
6.6874
5.79171
4.8976
4.00494
3.11354
2.22319
1.3336
0.444481
12.985
12.0643
11.1543
10.2502
9.34951
8.45115
7.55479
6.66034
5.76775
4.87694
3.98777
3.10003
2.21344
1.32771
0.442512
12.9628
12.0277
11.1151
10.2119
9.31319
8.4172
7.52348
6.63193
5.74251
4.85512
3.96959
3.08568
2.20308
1.32145
0.440418
12.911
11.9755
11.0692
10.1705
9.27491
8.38161
7.49061
6.602
5.71582
4.83197
3.95026
3.0704
2.19204
1.31477
0.438183
12.7583
11.9028
11.018
10.1269
9.23496
8.34436
7.45602
6.57035
5.68747
4.80731
3.92962
3.05406
2.18021
1.30762
0.435788
12.7066
11.8503
10.9713
10.0836
9.19403
8.3055
7.41952
6.5367
5.6572
4.78089
3.90747
3.0365
2.1675
1.29993
0.433212
12.6846
11.8135
10.9304
10.0417
9.15228
8.26482
7.38077
6.5007
5.62467
4.75244
3.88359
3.01757
2.15379
1.29163
0.430434
12.672
11.7849
10.8932
10.0003
9.10909
8.22172
7.3392
6.46184
5.58946
4.72162
3.85771
2.99706
2.13894
1.28264
0.427427
12.6622
11.7593
10.857
9.95754
9.06319
8.17519
7.29401
6.41948
5.55107
4.68803
3.82955
2.97476
2.12282
1.27289
0.424166
12.6529
11.7334
10.8186
9.91121
9.0128
8.12388
7.24414
6.37282
5.50889
4.65125
3.79879
2.95047
2.10529
1.26231
0.420626
12.6424
11.7041
10.775
9.85857
8.95577
8.06613
7.18839
6.32099
5.46231
4.61083
3.76514
2.92398
2.08622
1.25081
0.416784
12.6295
11.6682
10.7226
9.7964
8.88954
8.00005
7.12541
6.26306
5.4107
4.56636
3.72831
2.89512
2.0655
1.23834
0.412623
12.6119
11.6213
10.6566
9.72075
8.81117
7.92362
7.05383
6.19814
5.3535
4.51748
3.6881
2.86375
2.04306
1.22487
0.408131
12.5859
11.5564
10.5705
9.62678
8.71744
7.83479
6.97243
6.12549
5.29027
4.46395
3.64437
2.82981
2.01887
1.21038
0.403306
12.542
11.461
10.4552
9.50882
8.60514
7.7318
6.88028
6.04467
5.22082
4.40572
3.59713
2.79334
1.99297
1.1949
0.398157
12.4554
11.3132
10.2986
9.36115
8.4717
7.61362
6.77703
5.95564
5.14525
4.34293
3.54654
2.75447
1.96546
1.1785
0.392705
12.2479
11.0769
10.0882
9.18011
8.31641
7.48047
6.66317
5.85893
5.06405
4.276
3.49292
2.71345
1.93652
1.16127
0.386985
10.0915
10.2746
10.4578
10.641
10.8244
11.0081
11.1922
11.3771
11.563
11.7507
11.9408
12.1347
12.3342
12.5414
12.756
10.0896
10.2689
10.4481
10.6273
10.8065
10.9856
11.1649
11.3443
11.5241
11.7044
11.8854
12.0673
12.2496
12.4305
12.6033
10.0877
10.2631
10.4384
10.6135
10.7884
10.963
11.1373
11.3111
11.4845
11.6573
11.8291
11.9993
12.1665
12.3276
12.4769
10.0858
10.2575
10.4289
10.6
10.7707
10.9408
11.1101
11.2784
11.4455
11.611
11.7743
11.9342
12.0893
12.2365
12.372
10.084
10.252
10.4197
10.5869
10.7535
10.9192
11.0837
11.2469
11.4081
11.567
11.7227
11.8741
12.0197
12.1572
12.284
10.0823
10.2468
10.4109
10.5745
10.7372
10.8987
11.0588
11.2171
11.373
11.526
11.6753
11.8197
11.958
12.0885
12.2094
10.0807
10.2419
10.4027
10.5628
10.7219
10.8797
11.0357
11.1896
11.3408
11.4887
11.6326
11.7714
11.9041
12.0295
12.1461
10.0792
10.2374
10.3952
10.5522
10.708
10.8623
11.0147
11.1648
11.3119
11.4555
11.5948
11.7292
11.8575
11.9789
12.0925
10.0779
10.2334
10.3884
10.5426
10.6955
10.8468
10.9961
11.1428
11.2864
11.4264
11.5621
11.6928
11.8177
11.9362
12.0474
10.0767
10.2299
10.3826
10.5343
10.6847
10.8334
10.9799
11.1238
11.2645
11.4015
11.5343
11.6621
11.7844
11.9005
12.01
10.0757
10.2269
10.3776
10.5272
10.6755
10.8221
10.9663
11.1079
11.2463
11.3809
11.5113
11.6369
11.7571
11.8715
11.9796
10.0749
10.2245
10.3735
10.5216
10.6682
10.8129
10.9554
11.0952
11.2317
11.3645
11.4931
11.617
11.7357
11.8487
11.9558
10.0743
10.2227
10.3705
10.5173
10.6626
10.8061
10.9472
11.0856
11.2208
11.3522
11.4795
11.6022
11.7197
11.8319
11.9382
10.0739
10.2215
10.3685
10.5144
10.6589
10.8015
10.9417
11.0792
11.2135
11.3441
11.4705
11.5924
11.7092
11.8207
11.9266
10.0737
10.2209
10.3674
10.513
10.657
10.7992
10.939
11.076
11.2099
11.34
11.466
11.5875
11.704
11.8152
11.9208
12.9381
12.9996
13.028
13.0441
13.0548
13.0627
13.0689
13.0739
13.0782
13.0818
13.0849
13.0877
13.0901
13.0922
13.0942
13.0959
13.0974
13.0988
13.1001
13.1012
13.1022
13.1031
13.1039
13.1047
13.1053
13.1059
13.1065
13.1069
13.1073
13.1077
13.108
13.1082
13.1084
13.1086
13.1087
13.1088
13.1088
13.1088
13.1088
13.1087
13.1085
13.1084
13.1081
13.1079
13.1075
13.1072
13.1067
13.1063
13.1057
13.1051
13.1044
13.1037
13.1028
13.1019
13.1009
13.0997
13.0985
13.0972
13.0957
13.094
13.0922
13.0903
13.0881
13.0858
13.0832
13.0804
13.0773
13.0739
13.0702
13.0661
13.0616
13.0566
13.0512
13.0452
13.0385
13.0311
13.0229
13.0137
13.0034
12.9917
12.9784
12.9631
12.9451
12.9237
12.8974
12.864
12.8185
12.75
12.6294
12.3677
12.7374
12.8197
12.8747
12.9132
12.9416
12.9637
12.9814
12.9961
13.0085
13.0192
13.0285
13.0366
13.0438
13.0502
13.0559
13.0611
13.0657
13.0698
13.0735
13.0769
13.0799
13.0827
13.0851
13.0873
13.0893
13.0911
13.0927
13.094
13.0953
13.0963
13.0972
13.098
13.0986
13.0991
13.0994
13.0996
13.0997
13.0997
13.0996
13.0993
13.0989
13.0983
13.0977
13.0969
13.0959
13.0948
13.0935
13.0921
13.0904
13.0886
13.0866
13.0843
13.0818
13.079
13.076
13.0726
13.0689
13.0648
13.0604
13.0555
13.0502
13.0443
13.0379
13.0308
13.0231
13.0147
13.0054
12.9953
12.9842
12.972
12.9586
12.9438
12.9276
12.9096
12.8898
12.8678
12.8433
12.816
12.7854
12.7508
12.7114
12.6661
12.6134
12.5512
12.4759
12.3824
12.2617
12.0983
11.8647
11.515
12.5938
12.6789
12.745
12.7966
12.8376
12.8708
12.8983
12.9215
12.9413
12.9585
12.9736
12.9868
12.9986
13.0091
13.0184
13.0269
13.0344
13.0413
13.0474
13.053
13.058
13.0625
13.0665
13.0702
13.0735
13.0764
13.079
13.0813
13.0833
13.085
13.0865
13.0878
13.0888
13.0896
13.0902
13.0905
13.0907
13.0907
13.0904
13.0899
13.0893
13.0884
13.0873
13.0859
13.0843
13.0825
13.0804
13.078
13.0753
13.0723
13.0689
13.0651
13.061
13.0564
13.0513
13.0458
13.0397
13.033
13.0256
13.0175
13.0087
12.999
12.9884
12.9767
12.964
12.95
12.9348
12.918
12.8996
12.8795
12.8574
12.833
12.8062
12.7767
12.744
12.7079
12.6678
12.623
12.5729
12.5165
12.4526
12.3797
12.2955
12.1972
12.0806
11.9398
11.7663
11.5475
11.2669
10.9057
12.4806
12.5653
12.6362
12.6953
12.7445
12.786
12.8212
12.8515
12.8778
12.9008
12.9211
12.939
12.9551
12.9694
12.9822
12.9938
13.0042
13.0136
13.022
13.0297
13.0366
13.0428
13.0484
13.0535
13.058
13.062
13.0656
13.0688
13.0716
13.074
13.076
13.0778
13.0792
13.0803
13.0811
13.0816
13.0818
13.0818
13.0814
13.0808
13.0798
13.0786
13.0771
13.0752
13.073
13.0705
13.0675
13.0642
13.0605
13.0563
13.0516
13.0464
13.0407
13.0343
13.0273
13.0196
13.0112
13.0019
12.9917
12.9805
12.9683
12.9549
12.9402
12.9241
12.9065
12.8872
12.8661
12.8429
12.8176
12.7897
12.7592
12.7256
12.6887
12.6481
12.6032
12.5536
12.4987
12.4376
12.3694
12.2929
12.2069
12.1093
11.9978
11.8694
11.72
11.5444
11.3357
11.0857
10.785
10.4261
12.3877
12.4714
12.5445
12.6078
12.6626
12.71
12.7512
12.7872
12.8189
12.8469
12.8718
12.894
12.9138
12.9317
12.9477
12.9622
12.9752
12.987
12.9977
13.0073
13.0161
13.0239
13.031
13.0374
13.0431
13.0482
13.0527
13.0567
13.0603
13.0633
13.0659
13.0681
13.0699
13.0713
13.0723
13.0729
13.0732
13.0732
13.0727
13.0719
13.0707
13.0692
13.0672
13.0649
13.0621
13.0588
13.0551
13.0509
13.0462
13.0409
13.035
13.0284
13.0211
13.0131
13.0042
12.9945
12.9838
12.972
12.9591
12.9449
12.9294
12.9125
12.8939
12.8735
12.8513
12.8269
12.8002
12.7709
12.7389
12.7038
12.6652
12.6229
12.5765
12.5254
12.4691
12.407
12.3383
12.2622
12.1776
12.0832
11.9775
11.8587
11.7244
11.5717
11.3971
11.1965
10.9647
10.6966
10.387
10.0326
12.3098
12.3926
12.4668
12.5327
12.5911
12.6427
12.6885
12.7291
12.7652
12.7974
12.8262
12.8521
12.8754
12.8964
12.9154
12.9325
12.948
12.962
12.9747
12.9862
12.9966
13.006
13.0145
13.0221
13.0289
13.035
13.0405
13.0453
13.0495
13.0531
13.0563
13.0589
13.061
13.0627
13.0639
13.0647
13.065
13.0649
13.0644
13.0634
13.062
13.0602
13.0578
13.055
13.0516
13.0478
13.0433
13.0383
13.0326
13.0262
13.0191
13.0112
13.0025
12.9929
12.9823
12.9706
12.9577
12.9436
12.9281
12.9112
12.8926
12.8723
12.85
12.8256
12.7989
12.7697
12.7378
12.7028
12.6645
12.6225
12.5766
12.5261
12.4708
12.4101
12.3432
12.2697
12.1885
12.0989
11.9997
11.8896
11.7671
11.6303
11.4773
11.3054
11.1117
10.8931
10.6461
10.3671
10.0534
9.70333
12.2442
12.3261
12.4007
12.4683
12.5292
12.5839
12.6331
12.6772
12.7169
12.7526
12.7849
12.8139
12.8402
12.864
12.8855
12.9051
12.9228
12.9388
12.9534
12.9666
12.9785
12.9893
12.999
13.0078
13.0157
13.0227
13.029
13.0345
13.0394
13.0436
13.0472
13.0502
13.0527
13.0546
13.056
13.0569
13.0573
13.0572
13.0566
13.0555
13.0539
13.0517
13.049
13.0457
13.0418
13.0374
13.0322
13.0264
13.0198
13.0125
13.0043
12.9952
12.9851
12.974
12.9617
12.9482
12.9334
12.9171
12.8992
12.8796
12.8582
12.8347
12.809
12.7809
12.7501
12.7164
12.6796
12.6393
12.5953
12.547
12.4942
12.4363
12.3729
12.3033
12.227
12.1431
12.0509
11.9493
11.8373
11.7137
11.5769
11.4254
11.2572
11.0702
10.8622
10.6307
10.3732
10.0875
9.77194
9.42573
12.1887
12.27
12.3448
12.4135
12.4761
12.533
12.5848
12.6317
12.6743
12.7128
12.7478
12.7796
12.8085
12.8347
12.8585
12.8801
12.8998
12.9176
12.9339
12.9486
12.9619
12.974
12.9849
12.9947
13.0035
13.0114
13.0184
13.0246
13.0301
13.0348
13.0389
13.0423
13.045
13.0472
13.0488
13.0498
13.0502
13.0501
13.0494
13.0482
13.0463
13.0439
13.0408
13.0372
13.0328
13.0278
13.022
13.0155
13.0081
12.9998
12.9906
12.9804
12.9691
12.9566
12.9428
12.9276
12.911
12.8927
12.8726
12.8506
12.8266
12.8002
12.7714
12.7398
12.7053
12.6676
12.6263
12.5812
12.5319
12.4779
12.4189
12.3543
12.2836
12.2062
12.1214
12.0285
11.9265
11.8146
11.6917
11.5566
11.4079
11.2443
11.064
10.8653
10.6464
10.4055
10.1408
9.85084
9.53456
9.19159
12.1423
12.2229
12.2978
12.3672
12.431
12.4896
12.5433
12.5924
12.6372
12.6781
12.7154
12.7494
12.7804
12.8087
12.8344
12.8579
12.8793
12.8987
12.9164
12.9324
12.947
12.9602
12.9721
12.9829
12.9926
13.0012
13.0089
13.0157
13.0217
13.0269
13.0313
13.0351
13.0381
13.0405
13.0422
13.0433
13.0438
13.0437
13.0429
13.0415
13.0395
13.0368
13.0335
13.0294
13.0247
13.0191
13.0128
13.0056
12.9975
12.9884
12.9783
12.9671
12.9546
12.9409
12.9258
12.9091
12.8908
12.8707
12.8487
12.8245
12.7981
12.7692
12.7375
12.7029
12.6651
12.6237
12.5785
12.5291
12.4751
12.416
12.3515
12.281
12.2039
12.1197
12.0275
11.9267
11.8164
11.6957
11.5635
11.4189
11.2605
11.087
10.8971
10.6894
10.4623
10.2145
9.94472
9.65195
9.33553
8.99525
12.1038
12.1839
12.2588
12.3286
12.3933
12.4532
12.5083
12.559
12.6056
12.6484
12.6876
12.7234
12.7562
12.7862
12.8136
12.8386
12.8614
12.8822
12.9011
12.9183
12.934
12.9481
12.961
12.9725
12.9829
12.9922
13.0005
13.0079
13.0143
13.0199
13.0247
13.0287
13.032
13.0346
13.0364
13.0376
13.0381
13.038
13.0372
13.0357
13.0335
13.0306
13.027
13.0226
13.0175
13.0115
13.0047
12.9969
12.9882
12.9784
12.9675
12.9553
12.9419
12.9271
12.9108
12.8928
12.873
12.8514
12.8276
12.8016
12.7731
12.7419
12.7078
12.6705
12.6297
12.5852
12.5365
12.4834
12.4253
12.3619
12.2927
12.217
12.1345
12.0443
11.9459
11.8384
11.7211
11.5931
11.4533
11.3008
11.1345
10.9533
10.7559
10.5411
10.3079
10.055
9.78166
9.48704
9.17074
8.83268
12.0725
12.1523
12.2272
12.2973
12.3626
12.4233
12.4796
12.5316
12.5796
12.6237
12.6644
12.7017
12.7359
12.7673
12.796
12.8223
12.8463
12.8682
12.8882
12.9064
12.9229
12.9379
12.9515
12.9637
12.9747
12.9846
12.9934
13.0012
13.008
13.014
13.019
13.0233
13.0268
13.0295
13.0315
13.0328
13.0333
13.0331
13.0323
13.0307
13.0284
13.0253
13.0215
13.0168
13.0114
13.005
12.9978
12.9895
12.9802
12.9698
12.9582
12.9453
12.9311
12.9154
12.898
12.8789
12.858
12.8349
12.8097
12.7821
12.7518
12.7187
12.6825
12.643
12.5998
12.5525
12.501
12.4446
12.3832
12.3161
12.2428
12.163
12.0758
11.9808
11.8772
11.7643
11.6412
11.5072
11.3613
11.2026
11.0301
10.8427
10.6395
10.4194
10.1816
9.92502
9.64909
9.35324
9.03719
8.70092
12.0481
12.1275
12.2024
12.2727
12.3385
12.3998
12.4569
12.5098
12.5588
12.6041
12.6458
12.6843
12.7196
12.7521
12.7819
12.8092
12.8341
12.8569
12.8777
12.8967
12.914
12.9296
12.9438
12.9566
12.9681
12.9784
12.9876
12.9958
13.0029
13.0091
13.0144
13.0189
13.0225
13.0254
13.0275
13.0288
13.0294
13.0292
13.0283
13.0266
13.0242
13.021
13.017
13.0121
13.0064
12.9997
12.9921
12.9835
12.9737
12.9628
12.9507
12.9372
12.9223
12.9058
12.8876
12.8676
12.8457
12.8216
12.7952
12.7662
12.7346
12.6999
12.662
12.6206
12.5754
12.526
12.4721
12.4132
12.349
12.2789
12.2025
12.1192
12.0284
11.9295
11.8218
11.7045
11.577
11.4383
11.2876
11.1241
10.9468
10.7549
10.5473
10.3233
10.082
9.82284
9.5451
9.24845
8.93267
8.59779
12.0301
12.1093
12.1841
12.2545
12.3206
12.3824
12.44
12.4936
12.5434
12.5894
12.632
12.6712
12.7074
12.7407
12.7712
12.7992
12.8249
12.8484
12.8698
12.8894
12.9072
12.9233
12.9379
12.9512
12.9631
12.9737
12.9832
12.9916
12.999
13.0054
13.0109
13.0156
13.0193
13.0223
13.0244
13.0258
13.0264
13.0262
13.0253
13.0235
13.021
13.0177
13.0135
13.0085
13.0026
12.9957
12.9878
12.9789
12.9688
12.9576
12.945
12.931
12.9156
12.8985
12.8797
12.8591
12.8363
12.8114
12.7841
12.7542
12.7214
12.6856
12.6464
12.6036
12.5569
12.5059
12.4502
12.3894
12.3231
12.2508
12.172
12.0861
11.9926
11.8908
11.78
11.6595
11.5286
11.3865
11.2324
11.0654
10.8846
10.6893
10.4787
10.2519
10.0083
9.74723
9.46828
9.1711
8.85557
8.52171
12.0182
12.0972
12.172
12.2425
12.3088
12.3709
12.4289
12.4829
12.5331
12.5797
12.6227
12.6625
12.6992
12.733
12.7641
12.7926
12.8187
12.8427
12.8645
12.8844
12.9026
12.9191
12.934
12.9475
12.9597
12.9705
12.9803
12.9889
12.9964
13.003
13.0086
13.0133
13.0171
13.0202
13.0224
13.0237
13.0244
13.0242
13.0232
13.0214
13.0189
13.0155
13.0112
13.0061
13
12.993
12.985
12.9758
12.9655
12.954
12.9411
12.9269
12.9111
12.8936
12.8744
12.8533
12.8301
12.8046
12.7767
12.7461
12.7126
12.676
12.636
12.5922
12.5445
12.4923
12.4354
12.3734
12.3057
12.2319
12.1515
12.0639
11.9686
11.8648
11.752
11.6294
11.4963
11.352
11.1955
11.0262
10.8433
10.6458
10.4332
10.2046
9.95951
9.6973
9.41759
9.12012
8.80475
8.47157
12.0123
12.0913
12.166
12.2366
12.3029
12.3651
12.4233
12.4775
12.528
12.5748
12.6181
12.6582
12.6952
12.7292
12.7605
12.7893
12.8157
12.8398
12.8619
12.882
12.9003
12.917
12.932
12.9457
12.958
12.969
12.9788
12.9875
12.9951
13.0017
13.0074
13.0122
13.0161
13.0191
13.0213
13.0227
13.0233
13.0232
13.0222
13.0204
13.0178
13.0144
13.0101
13.0049
12.9988
12.9916
12.9835
12.9743
12.9638
12.9522
12.9392
12.9248
12.9088
12.8912
12.8717
12.8504
12.8269
12.8011
12.7729
12.742
12.7082
12.6711
12.6307
12.5865
12.5382
12.4855
12.428
12.3653
12.2969
12.2224
12.1412
12.0528
11.9565
11.8518
11.738
11.6144
11.4802
11.3347
11.1771
11.0067
10.8226
10.6241
10.4105
10.1811
9.93524
9.67248
9.39241
9.09479
8.77952
8.44666
11.592
10.6775
9.79512
8.94699
8.12433
7.3197
6.5279
5.74534
4.96949
4.19854
3.43117
2.66637
1.90338
1.14158
0.380452
10.9445
10.2097
9.44104
8.66714
7.89667
7.13142
6.37104
5.61465
4.86137
4.11042
3.36119
2.61318
1.86601
1.1194
0.373101
10.4092
9.77566
9.0921
8.38378
7.66371
6.93819
6.21011
5.48081
4.75088
4.02056
3.28995
2.55911
1.82808
1.09691
0.365647
9.9656
9.39158
8.76784
8.11207
7.43615
6.74743
6.05034
5.34756
4.64073
3.93093
3.21891
2.50521
1.79028
1.0745
0.358221
9.59352
9.05714
8.47551
7.86043
7.22131
6.56499
5.89622
5.21829
4.5335
3.8435
3.14951
2.45251
1.7533
1.05257
0.350956
9.27876
8.76787
8.21655
7.63275
7.0236
6.39492
5.75119
5.09583
4.43144
3.76
3.0831
2.40201
1.71783
1.03153
0.34398
9.01163
8.51893
7.99
7.43035
6.84537
6.23982
5.61773
4.98237
4.33638
3.68194
3.02083
2.35457
1.68447
1.01172
0.337412
8.78536
8.30613
7.79409
7.25321
6.68762
6.10122
5.49749
4.87947
4.24974
3.61051
2.96369
2.31094
1.65375
0.99346
0.331354
8.59509
8.12606
7.62694
7.10071
6.55062
5.97987
5.39149
4.78823
4.17255
3.54664
2.91245
2.27174
1.62609
0.977011
0.325894
8.43723
7.976
7.48681
6.97201
6.43421
5.8761
5.30032
4.70937
4.10556
3.49102
2.86771
2.23743
1.60187
0.962585
0.321105
8.30909
7.85382
7.37223
6.86625
6.33804
5.78994
5.22427
4.64331
4.04924
3.44413
2.82991
2.2084
1.58133
0.95035
0.31704
8.2087
7.75787
7.28197
6.78263
6.26172
5.72129
5.16345
4.59031
4.00394
3.40632
2.79936
2.18491
1.5647
0.940431
0.313745
8.13458
7.68693
7.21509
6.7205
6.20485
5.67
5.11789
4.55051
3.96984
3.3778
2.7763
2.16714
1.55211
0.932921
0.311248
8.08571
7.64011
7.17088
6.67936
6.16712
5.6359
5.08755
4.52396
3.94705
3.35873
2.76085
2.15524
1.54367
0.927882
0.309573
8.06144
7.61684
7.14889
6.65888
6.14832
5.61889
5.07239
4.51068
3.93565
3.34917
2.7531
2.14927
1.53943
0.925353
0.308732
)
;

boundaryField
{
    hot
    {
        type            fixedValue;
        value           uniform 10;
    }
    cold
    {
        type            fixedValue;
        value           uniform 0;
    }
    interface_left
    {
        type            fixedValue;
        value           nonuniform List<scalar> 
90
(
11.6623
11.6623
11.6623
11.6623
11.6623
11.6623
11.6623
11.6623
11.6623
12.2899
12.2899
12.2899
12.2899
12.2899
12.2899
12.2899
12.8526
12.8526
12.8526
12.8526
12.8526
12.8526
13.2953
13.2953
13.2953
13.2953
13.2953
13.2953
13.2953
13.6336
13.6336
13.6336
13.6336
13.6336
13.6336
13.6336
13.9174
13.9174
13.9174
13.9174
13.9174
13.9174
13.9174
14.0756
14.0756
14.0756
14.0756
14.0756
14.0756
14.1391
14.1391
14.1391
14.1391
14.1391
14.1391
14.1391
14.0361
14.0361
14.0361
14.0361
14.0361
14.0361
14.0361
13.7647
13.7647
13.7647
13.7647
13.7647
13.7647
13.7647
13.4501
13.4501
13.4501
13.4501
13.4501
13.4501
13.4501
13.112
13.112
13.112
13.112
13.112
13.112
13.112
13.112
13.112
13.112
13.112
13.112
13.112
)
;
    }
    interface_right
    {
        type            fixedValue;
        value           nonuniform List<scalar> 
90
(
13.8578
13.8578
13.8578
13.8578
13.8578
13.8578
13.8578
13.8578
13.8578
13.8578
13.8578
13.8578
13.8578
13.8578
13.8578
13.8578
13.8578
13.8578
13.8578
13.8578
13.8578
13.8578
13.8578
13.8578
13.8578
13.8578
13.8578
13.8578
13.8578
13.8578
13.8578
13.8578
13.8578
13.8578
13.8578
13.8578
13.8578
13.8578
13.8578
13.8578
13.8578
13.8578
13.8578
13.8578
13.8578
13.8578
13.8578
13.8578
14.0756
14.1391
14.1391
14.1391
14.1391
14.1391
14.1391
14.1391
14.0361
14.0361
14.0361
14.0361
14.0361
14.0361
14.0361
13.7647
13.7647
13.7647
13.7647
13.7647
13.7647
13.7647
13.4501
13.4501
13.4501
13.4501
13.4501
13.4501
13.4501
13.112
13.112
13.112
13.112
13.112
13.112
13.112
13.112
13.112
13.112
13.112
13.112
13.112
)
;
    }
    interface_top
    {
        type            fixedValue;
        value           uniform 13.112;
    }
    interface_bottom
    {
        type            fixedValue;
        value           nonuniform List<scalar> 
90
(
11.6623
11.6623
11.6623
11.6623
11.6623
11.6623
11.6623
11.6623
11.6623
11.6623
11.6623
11.6623
11.6623
11.6623
11.6623
11.6623
11.6623
11.6623
11.6623
11.6623
11.6623
11.6623
11.6623
11.6623
11.6623
11.6623
11.6623
11.6623
11.6623
11.6623
11.6623
11.6623
12.0183
12.0183
12.0183
12.0183
12.0183
12.0183
12.0183
12.0183
12.0183
12.0183
12.0183
12.6442
12.6442
12.6442
12.6442
12.6442
12.6442
12.6442
12.6442
12.6442
12.6442
12.6442
12.6442
12.6442
13.1706
13.1706
13.1706
13.1706
13.1706
13.1706
13.1706
13.1706
13.1706
13.1706
13.1706
13.1706
13.1706
13.1706
13.5984
13.5984
13.5984
13.5984
13.5984
13.5984
13.5984
13.5984
13.5984
13.5984
13.5984
13.5984
13.5984
13.8578
13.8578
13.8578
13.8578
13.8578
13.8578
13.8578
)
;
    }
    defaultFaces
    {
        type            empty;
    }
}


// ************************************************************************* //
